6019,'1478821',633,,806,6,,,0
6019,'1478822',733,,807,6,,,0
6019,'1478823',803,,808,6,,,0
6019,'1478824',833,,809,6,,,0
6019,'1478825',903,,810,6,,,0
6019,'1478826',933,,811,6,,,0
6019,'1478827',1003,,812,6,,,0
6019,'1478828',1033,,813,6,,,0
6019,'1478829',1103,,814,6,,,0
6019,'1478830',1133,,815,6,,,0
6019,'1478831',1203,,816,6,,,0
6019,'1478832',1233,,817,6,,,0
6019,'1478833',1303,,818,6,,,0
6019,'1478834',1333,,819,6,,,0
6019,'1478835',1403,,820,6,,,0
6019,'1478836',1433,,821,6,,,0
6019,'1478837',1503,,822,6,,,0
6019,'1478838',1533,,823,6,,,0
6019,'1478839',1603,,824,6,,,0
6019,'1478840',1633,,825,6,,,0
6019,'1478841',1703,,826,6,,,0
6019,'1478842',1733,,827,6,,,0
6019,'1478843',1803,,828,6,,,0
6019,'1478844',1833,,829,6,,,0
6019,'1478845',1903,,830,6,,,0
6019,'1478846',1933,,831,6,,,0
6019,'1478847',2003,,832,6,,,0
6019,'1478848',2033,,833,6,,,0
6019,'1478849',2103,,834,6,,,0
6019,'1478850',2203,,835,6,,,0
6019,'1478851',2303,,836,6,,,0
6019,'1478852',533,,837,6,,,0
6019,'1478853',703,,838,6,,,0
6019,'1478855',603,,840,6,,,0
6019,'1479065',603,,842,6,,,0
6019,'1479066',633,,843,6,,,0
6019,'1479067',703,,844,6,,,0
6019,'1479068',733,,845,6,,,0
6019,'1479069',803,,846,6,,,0
6019,'1479070',903,,847,6,,,0
6019,'1479071',1003,,848,6,,,0
6019,'1479072',1103,,849,6,,,0
6019,'1479073',1203,,850,6,,,0
6019,'1479074',1303,,851,6,,,0
6019,'1479075',1403,,852,6,,,0
6019,'1479076',1503,,853,6,,,0
6019,'1479077',1603,,854,6,,,0
6019,'1479078',1703,,855,6,,,0
6019,'1479079',1803,,856,6,,,0
6019,'1479080',1903,,857,6,,,0
6019,'1479081',2003,,858,6,,,0
6019,'1479082',2103,,859,6,,,0
6019,'1479083',2203,,860,6,,,0
6019,'1479103',2302,,880,6,,,0
6019,'1482491',703,,882,6,,,0
6019,'1482492',803,,883,6,,,0
6019,'1482493',903,,884,6,,,0
6019,'1482494',1003,,885,6,,,0
6019,'1482495',1103,,886,6,,,0
6019,'1482496',1203,,887,6,,,0
6019,'1482497',1303,,888,6,,,0
6019,'1482498',1403,,889,6,,,0
6019,'1482499',1503,,890,6,,,0
6019,'1482500',1603,,891,6,,,0
6019,'1482501',1703,,892,6,,,0
6019,'1482502',1803,,893,6,,,0
6019,'1482503',1903,,894,6,,,0
6019,'1482504',2003,,895,6,,,0
6019,'1482505',2103,,896,6,,,0
6019,'1482506',2202,,897,6,,,0
