3019,'1478955',605,,382,4,,,0
3019,'1478956',735,,383,4,,,0
3019,'1478957',835,,384,4,,,0
3019,'1478958',905,,385,4,,,0
3019,'1478959',805,,386,4,,,0
3019,'1478960',1005,,387,4,,,0
3019,'1478961',935,,388,4,,,0
3019,'1478962',1035,,389,4,,,0
3019,'1478963',1505,,390,4,,,0
3019,'1478964',1235,,391,4,,,0
3019,'1478965',1305,,392,4,,,0
3019,'1478966',1135,,393,4,,,0
3019,'1478967',1335,,394,4,,,0
3019,'1478968',1405,,395,4,,,0
3019,'1478969',1435,,396,4,,,0
3019,'1478970',1205,,397,4,,,0
3019,'1478971',1105,,398,4,,,0
3019,'1478972',1635,,399,4,,,0
3019,'1478973',1535,,400,4,,,0
3019,'1478974',1605,,401,4,,,0
3019,'1478975',1735,,402,4,,,0
3019,'1478976',1805,,403,4,,,0
3019,'1478977',1835,,404,4,,,0
3019,'1478978',1705,,405,4,,,0
3019,'1478979',1905,,406,4,,,0
3019,'1478980',1935,,407,4,,,0
3019,'1478981',2005,,408,4,,,0
3019,'1478982',2035,,409,4,,,0
3019,'1478983',2135,,410,4,,,0
3019,'1478984',2205,,411,4,,,0
3019,'1478985',705,,412,4,,,0
3019,'1478986',2305,,413,4,,,0
3019,'1478987',635,,414,4,,,0
3019,'1479228',604,,417,4,,,0
3019,'1479229',704,,418,4,,,0
3019,'1479230',804,,419,4,,,0
3019,'1479231',834,,420,4,,,0
3019,'1479232',934,,421,4,,,0
3019,'1479233',1004,,422,4,,,0
3019,'1479234',1034,,423,4,,,0
3019,'1479235',1134,,424,4,,,0
3019,'1479236',1204,,425,4,,,0
3019,'1479237',1234,,426,4,,,0
3019,'1479238',1334,,427,4,,,0
3019,'1479239',1404,,428,4,,,0
3019,'1479240',1434,,429,4,,,0
3019,'1479241',1534,,430,4,,,0
3019,'1479242',1604,,431,4,,,0
3019,'1479243',1634,,432,4,,,0
3019,'1479244',1734,,433,4,,,0
3019,'1479245',1804,,434,4,,,0
3019,'1479264',1934,,453,4,,,0
3019,'1479265',2004,,454,4,,,0
3019,'1479266',2134,,455,4,,,0
3019,'1479271',2034,,460,4,,,0
3019,'1479272',2234,,461,4,,,0
3019,'1479275',1834,,464,4,,,0
3019,'1479278',904,,467,4,,,0
3019,'1479279',1104,,468,4,,,0
3019,'1479280',1304,,469,4,,,0
3019,'1479281',1504,,470,4,,,0
3019,'1479282',1704,,471,4,,,0
3019,'1479283',1904,,472,4,,,0
3019,'1482351',735,,477,4,,,0
3019,'1482352',805,,478,4,,,0
3019,'1482353',835,,479,4,,,0
3019,'1482354',935,,480,4,,,0
3019,'1482355',1005,,481,4,,,0
3019,'1482356',1035,,482,4,,,0
3019,'1482357',1135,,483,4,,,0
3019,'1482358',1205,,484,4,,,0
3019,'1482359',1235,,485,4,,,0
3019,'1482360',1335,,486,4,,,0
3019,'1482361',1405,,487,4,,,0
3019,'1482362',1435,,488,4,,,0
3019,'1482363',1535,,489,4,,,0
3019,'1482364',1605,,490,4,,,0
3019,'1482365',1635,,491,4,,,0
3019,'1482366',1735,,492,4,,,0
3019,'1482367',1805,,493,4,,,0
3019,'1482368',1905,,494,4,,,0
3019,'1482369',2005,,495,4,,,0
3019,'1482370',2105,,496,4,,,0
3019,'1482392',2205,,518,4,,,0
3019,'1482397',905,,523,4,,,0
3019,'1482398',1105,,524,4,,,0
3019,'1482399',1305,,525,4,,,0
3019,'1482400',1505,,526,4,,,0
3019,'1482401',1705,,527,4,,,0
3019,'1482402',1835,,528,4,,,0
