6029,'1478790',614,,775,17,,,0
6029,'1478791',714,,776,17,,,0
6029,'1478792',744,,777,17,,,0
6029,'1478793',814,,778,17,,,0
6029,'1478794',844,,779,17,,,0
6029,'1478795',914,,780,17,,,0
6029,'1478796',944,,781,17,,,0
6029,'1478797',1014,,782,17,,,0
6029,'1478798',1044,,783,17,,,0
6029,'1478799',1114,,784,17,,,0
6029,'1478800',1144,,785,17,,,0
6029,'1478801',1214,,786,17,,,0
6029,'1478802',1244,,787,17,,,0
6029,'1478803',1314,,788,17,,,0
6029,'1478804',1344,,789,17,,,0
6029,'1478805',1414,,790,17,,,0
6029,'1478806',1444,,791,17,,,0
6029,'1478807',1514,,792,17,,,0
6029,'1478808',1544,,793,17,,,0
6029,'1478809',1614,,794,17,,,0
6029,'1478810',1644,,795,17,,,0
6029,'1478811',1714,,796,17,,,0
6029,'1478812',1744,,797,17,,,0
6029,'1478813',1814,,798,17,,,0
6029,'1478814',1844,,799,17,,,0
6029,'1478815',1914,,800,17,,,0
6029,'1478816',1944,,801,17,,,0
6029,'1478817',2014,,802,17,,,0
6029,'1478818',2044,,803,17,,,0
6029,'1478819',2144,,804,17,,,0
6029,'1478820',2244,,805,17,,,0
6029,'1478854',544,,839,17,,,0
6029,'1478856',644,,841,17,,,0
6029,'1479084',644,,861,17,,,0
6029,'1479085',714,,862,17,,,0
6029,'1479086',744,,863,17,,,0
6029,'1479087',844,,864,17,,,0
6029,'1479088',944,,865,17,,,0
6029,'1479089',1044,,866,17,,,0
6029,'1479090',1144,,867,17,,,0
6029,'1479091',1244,,868,17,,,0
6029,'1479092',1344,,869,17,,,0
6029,'1479093',1444,,870,17,,,0
6029,'1479094',1544,,871,17,,,0
6029,'1479095',1644,,872,17,,,0
6029,'1479096',1744,,873,17,,,0
6029,'1479097',1844,,874,17,,,0
6029,'1479098',1944,,875,17,,,0
6029,'1479099',2044,,876,17,,,0
6029,'1479100',2144,,877,17,,,0
6029,'1479101',2244,,878,17,,,0
6029,'1479102',614,,879,17,,,0
6029,'1479104',814,,881,17,,,0
6029,'1482507',744,,898,17,,,0
6029,'1482508',844,,899,17,,,0
6029,'1482509',944,,900,17,,,0
6029,'1482510',1144,,901,17,,,0
6029,'1482511',1044,,902,17,,,0
6029,'1482512',1344,,903,17,,,0
6029,'1482513',1244,,904,17,,,0
6029,'1482514',1444,,905,17,,,0
6029,'1482515',1544,,906,17,,,0
6029,'1482516',1644,,907,17,,,0
6029,'1482517',1744,,908,17,,,0
6029,'1482518',1844,,909,17,,,0
6029,'1482519',1944,,910,17,,,0
6029,'1482520',2044,,911,17,,,0
6029,'1482521',2144,,912,17,,,0
140000019,'1478707',2343,,1275,17,,,0
140000019,'1478990',2343,,1276,17,,,0
140000019,'1482582',2243,,1277,17,,,0
