10005019,'1478891',605,,1129,6,,,0
10005019,'1478892',705,,1130,6,,,0
10005019,'1478893',735,,1131,6,,,0
10005019,'1478894',805,,1132,6,,,0
10005019,'1478895',835,,1133,6,,,0
10005019,'1478896',905,,1134,6,,,0
10005019,'1478897',935,,1135,6,,,0
10005019,'1478898',1005,,1136,6,,,0
10005019,'1478899',1035,,1137,6,,,0
10005019,'1478900',1105,,1138,6,,,0
10005019,'1478901',1135,,1139,6,,,0
10005019,'1478902',1205,,1140,6,,,0
10005019,'1478903',1235,,1141,6,,,0
10005019,'1478904',1305,,1142,6,,,0
10005019,'1478905',1335,,1143,6,,,0
10005019,'1478906',1405,,1144,6,,,0
10005019,'1478907',1435,,1145,6,,,0
10005019,'1478908',1505,,1146,6,,,0
10005019,'1478909',1535,,1147,6,,,0
10005019,'1478910',1605,,1148,6,,,0
10005019,'1478911',1635,,1149,6,,,0
10005019,'1478912',1705,,1150,6,,,0
10005019,'1478913',1735,,1151,6,,,0
10005019,'1478914',1805,,1152,6,,,0
10005019,'1478915',1835,,1153,6,,,0
10005019,'1478916',1905,,1154,6,,,0
10005019,'1478917',1935,,1155,6,,,0
10005019,'1478918',2005,,1156,6,,,0
10005019,'1478919',2035,,1157,6,,,0
10005019,'1478920',2105,,1158,6,,,0
10005019,'1478921',2305,,1159,6,,,0
10005019,'1478922',2205,,1160,6,,,0
10005019,'1478923',635,,1161,6,,,0
10005019,'1479129',605,,1162,6,,,0
10005019,'1479130',705,,1163,6,,,0
10005019,'1479131',805,,1164,6,,,0
10005019,'1479132',835,,1165,6,,,0
10005019,'1479133',905,,1166,6,,,0
10005019,'1479134',935,,1167,6,,,0
10005019,'1479135',1005,,1168,6,,,0
10005019,'1479136',1035,,1169,6,,,0
10005019,'1479137',1105,,1170,6,,,0
10005019,'1479138',1135,,1171,6,,,0
10005019,'1479139',1205,,1172,6,,,0
10005019,'1479140',1235,,1173,6,,,0
10005019,'1479141',1305,,1174,6,,,0
10005019,'1479142',1335,,1175,6,,,0
10005019,'1479143',1405,,1176,6,,,0
10005019,'1479144',1435,,1177,6,,,0
10005019,'1479145',1505,,1178,6,,,0
10005019,'1479146',1535,,1179,6,,,0
10005019,'1479147',1605,,1180,6,,,0
10005019,'1479148',1635,,1181,6,,,0
10005019,'1479149',1705,,1182,6,,,0
10005019,'1479150',1735,,1183,6,,,0
10005019,'1479151',1805,,1184,6,,,0
10005019,'1479152',1835,,1185,6,,,0
10005019,'1479153',1905,,1186,6,,,0
10005019,'1479154',2005,,1187,6,,,0
10005019,'1479155',2105,,1188,6,,,0
10005019,'1479156',2205,,1189,6,,,0
10005019,'1479157',2305,,1190,6,,,0
10005019,'1482465',705,,1191,6,,,0
10005019,'1482466',805,,1192,6,,,0
10005019,'1482467',905,,1193,6,,,0
10005019,'1482468',1005,,1194,6,,,0
10005019,'1482469',1105,,1195,6,,,0
10005019,'1482470',1205,,1196,6,,,0
10005019,'1482471',1305,,1197,6,,,0
10005019,'1482472',1405,,1198,6,,,0
10005019,'1482473',1505,,1199,6,,,0
10005019,'1482474',1605,,1200,6,,,0
10005019,'1482475',1705,,1201,6,,,0
10005019,'1482476',1805,,1202,6,,,0
10005019,'1482477',1835,,1203,6,,,0
10005019,'1482478',1935,,1204,6,,,0
10005019,'1482479',2035,,1205,6,,,0
10005019,'1482480',2135,,1206,6,,,0
