6019,'1478821',632,,806,5,,,0
6019,'1478822',732,,807,5,,,0
6019,'1478823',802,,808,5,,,0
6019,'1478824',832,,809,5,,,0
6019,'1478825',902,,810,5,,,0
6019,'1478826',932,,811,5,,,0
6019,'1478827',1002,,812,5,,,0
6019,'1478828',1032,,813,5,,,0
6019,'1478829',1102,,814,5,,,0
6019,'1478830',1132,,815,5,,,0
6019,'1478831',1202,,816,5,,,0
6019,'1478832',1232,,817,5,,,0
6019,'1478833',1302,,818,5,,,0
6019,'1478834',1332,,819,5,,,0
6019,'1478835',1402,,820,5,,,0
6019,'1478836',1432,,821,5,,,0
6019,'1478837',1502,,822,5,,,0
6019,'1478838',1532,,823,5,,,0
6019,'1478839',1602,,824,5,,,0
6019,'1478840',1632,,825,5,,,0
6019,'1478841',1702,,826,5,,,0
6019,'1478842',1732,,827,5,,,0
6019,'1478843',1802,,828,5,,,0
6019,'1478844',1832,,829,5,,,0
6019,'1478845',1902,,830,5,,,0
6019,'1478846',1932,,831,5,,,0
6019,'1478847',2002,,832,5,,,0
6019,'1478848',2032,,833,5,,,0
6019,'1478849',2102,,834,5,,,0
6019,'1478850',2202,,835,5,,,0
6019,'1478851',2302,,836,5,,,0
6019,'1478852',532,,837,5,,,0
6019,'1478853',702,,838,5,,,0
6019,'1478855',602,,840,5,,,0
6019,'1479065',602,,842,5,,,0
6019,'1479066',632,,843,5,,,0
6019,'1479067',702,,844,5,,,0
6019,'1479068',732,,845,5,,,0
6019,'1479069',802,,846,5,,,0
6019,'1479070',902,,847,5,,,0
6019,'1479071',1002,,848,5,,,0
6019,'1479072',1102,,849,5,,,0
6019,'1479073',1202,,850,5,,,0
6019,'1479074',1302,,851,5,,,0
6019,'1479075',1402,,852,5,,,0
6019,'1479076',1502,,853,5,,,0
6019,'1479077',1602,,854,5,,,0
6019,'1479078',1702,,855,5,,,0
6019,'1479079',1802,,856,5,,,0
6019,'1479080',1902,,857,5,,,0
6019,'1479081',2002,,858,5,,,0
6019,'1479082',2102,,859,5,,,0
6019,'1479083',2202,,860,5,,,0
6019,'1479103',2302,,880,5,,,0
6019,'1482491',702,,882,5,,,0
6019,'1482492',802,,883,5,,,0
6019,'1482493',902,,884,5,,,0
6019,'1482494',1002,,885,5,,,0
6019,'1482495',1102,,886,5,,,0
6019,'1482496',1202,,887,5,,,0
6019,'1482497',1302,,888,5,,,0
6019,'1482498',1402,,889,5,,,0
6019,'1482499',1502,,890,5,,,0
6019,'1482500',1602,,891,5,,,0
6019,'1482501',1702,,892,5,,,0
6019,'1482502',1802,,893,5,,,0
6019,'1482503',1902,,894,5,,,0
6019,'1482504',2002,,895,5,,,0
6019,'1482505',2102,,896,5,,,0
6019,'1482506',2202,,897,5,,,0
