6029,'1478790',625,,775,30,,,0
6029,'1478791',725,,776,30,,,0
6029,'1478792',755,,777,30,,,0
6029,'1478793',825,,778,30,,,0
6029,'1478794',855,,779,30,,,0
6029,'1478795',925,,780,30,,,0
6029,'1478796',955,,781,30,,,0
6029,'1478797',1025,,782,30,,,0
6029,'1478798',1055,,783,30,,,0
6029,'1478799',1125,,784,30,,,0
6029,'1478800',1155,,785,30,,,0
6029,'1478801',1225,,786,30,,,0
6029,'1478802',1255,,787,30,,,0
6029,'1478803',1325,,788,30,,,0
6029,'1478804',1355,,789,30,,,0
6029,'1478805',1425,,790,30,,,0
6029,'1478806',1455,,791,30,,,0
6029,'1478807',1525,,792,30,,,0
6029,'1478808',1555,,793,30,,,0
6029,'1478809',1625,,794,30,,,0
6029,'1478810',1655,,795,30,,,0
6029,'1478811',1725,,796,30,,,0
6029,'1478812',1755,,797,30,,,0
6029,'1478813',1825,,798,30,,,0
6029,'1478814',1855,,799,30,,,0
6029,'1478815',1925,,800,30,,,0
6029,'1478816',1955,,801,30,,,0
6029,'1478817',2025,,802,30,,,0
6029,'1478818',2055,,803,30,,,0
6029,'1478819',2155,,804,30,,,0
6029,'1478820',2255,,805,30,,,0
6029,'1478854',555,,839,30,,,0
6029,'1478856',655,,841,30,,,0
6029,'1479084',655,,861,30,,,0
6029,'1479085',725,,862,30,,,0
6029,'1479086',755,,863,30,,,0
6029,'1479087',855,,864,30,,,0
6029,'1479088',955,,865,30,,,0
6029,'1479089',1055,,866,30,,,0
6029,'1479090',1155,,867,30,,,0
6029,'1479091',1255,,868,30,,,0
6029,'1479092',1355,,869,30,,,0
6029,'1479093',1455,,870,30,,,0
6029,'1479094',1555,,871,30,,,0
6029,'1479095',1655,,872,30,,,0
6029,'1479096',1755,,873,30,,,0
6029,'1479097',1855,,874,30,,,0
6029,'1479098',1955,,875,30,,,0
6029,'1479099',2055,,876,30,,,0
6029,'1479100',2155,,877,30,,,0
6029,'1479101',2255,,878,30,,,0
6029,'1479102',625,,879,30,,,0
6029,'1479104',825,,881,30,,,0
6029,'1482507',755,,898,30,,,0
6029,'1482508',855,,899,30,,,0
6029,'1482509',955,,900,30,,,0
6029,'1482510',1155,,901,30,,,0
6029,'1482511',1055,,902,30,,,0
6029,'1482512',1355,,903,30,,,0
6029,'1482513',1255,,904,30,,,0
6029,'1482514',1455,,905,30,,,0
6029,'1482515',1555,,906,30,,,0
6029,'1482516',1655,,907,30,,,0
6029,'1482517',1755,,908,30,,,0
6029,'1482518',1855,,909,30,,,0
6029,'1482519',1955,,910,30,,,0
6029,'1482520',2055,,911,30,,,0
6029,'1482521',2155,,912,30,,,0
140000019,'1478707',2355,,1275,30,,,0
140000019,'1478990',2355,,1276,30,,,0
140000019,'1482582',2255,,1277,30,,,0
