8019,'1478708',634,,1050,6,,,0
8019,'1478709',704,,1051,6,,,0
8019,'1478710',734,,1052,6,,,0
8019,'1478711',804,,1053,6,,,0
8019,'1478712',834,,1054,6,,,0
8019,'1478713',904,,1055,6,,,0
8019,'1478714',934,,1056,6,,,0
8019,'1478715',1004,,1057,6,,,0
8019,'1478716',1034,,1058,6,,,0
8019,'1478717',1104,,1059,6,,,0
8019,'1478718',1134,,1060,6,,,0
8019,'1478719',1204,,1061,6,,,0
8019,'1478720',1234,,1062,6,,,0
8019,'1478721',1304,,1063,6,,,0
8019,'1478722',1334,,1064,6,,,0
8019,'1478723',1404,,1065,6,,,0
8019,'1478724',1434,,1066,6,,,0
8019,'1478725',1504,,1067,6,,,0
8019,'1478726',1534,,1068,6,,,0
8019,'1478727',1604,,1069,6,,,0
8019,'1478728',1634,,1070,6,,,0
8019,'1478729',1704,,1071,6,,,0
8019,'1478730',1734,,1072,6,,,0
8019,'1478731',1804,,1073,6,,,0
8019,'1478732',1834,,1074,6,,,0
8019,'1478733',1934,,1075,6,,,0
8019,'1478734',2034,,1076,6,,,0
8019,'1478735',2134,,1077,6,,,0
8019,'1478736',2234,,1078,6,,,0
8019,'1478991',1434,,1079,6,,,0
8019,'1478992',1334,,1080,6,,,0
8019,'1478993',1504,,1081,6,,,0
8019,'1478994',1604,,1082,6,,,0
8019,'1478995',1704,,1083,6,,,0
8019,'1478996',1804,,1084,6,,,0
8019,'1478997',1904,,1085,6,,,0
8019,'1478998',2034,,1086,6,,,0
8019,'1478999',2204,,1087,6,,,0
8019,'1479000',1534,,1088,6,,,0
8019,'1479001',1734,,1089,6,,,0
8019,'1479002',1634,,1090,6,,,0
8019,'1479003',1834,,1091,6,,,0
8019,'1479004',2104,,1092,6,,,0
8019,'1479005',1934,,1093,6,,,0
8019,'1479006',1404,,1094,6,,,0
8019,'1479007',634,,1095,6,,,0
8019,'1479008',734,,1096,6,,,0
8019,'1479009',834,,1097,6,,,0
8019,'1479010',904,,1098,6,,,0
8019,'1479011',934,,1099,6,,,0
8019,'1479012',1004,,1100,6,,,0
8019,'1479013',1034,,1101,6,,,0
8019,'1479014',1104,,1102,6,,,0
8019,'1479015',1134,,1103,6,,,0
8019,'1479016',1204,,1104,6,,,0
8019,'1479017',1234,,1105,6,,,0
8019,'1479018',1304,,1106,6,,,0
8019,'1482560',734,,1107,6,,,0
8019,'1482561',834,,1108,6,,,0
8019,'1482562',934,,1109,6,,,0
8019,'1482563',1034,,1110,6,,,0
8019,'1482564',1234,,1111,6,,,0
8019,'1482565',1304,,1112,6,,,0
8019,'1482566',1334,,1113,6,,,0
8019,'1482567',1404,,1114,6,,,0
8019,'1482568',1434,,1115,6,,,0
8019,'1482569',1504,,1116,6,,,0
8019,'1482570',1534,,1117,6,,,0
8019,'1482571',1604,,1118,6,,,0
8019,'1482572',1634,,1119,6,,,0
8019,'1482573',1704,,1120,6,,,0
8019,'1482574',1734,,1121,6,,,0
8019,'1482575',1804,,1122,6,,,0
8019,'1482576',1834,,1123,6,,,0
8019,'1482577',1934,,1124,6,,,0
8019,'1482578',2034,,1125,6,,,0
8019,'1482579',2134,,1126,6,,,0
8019,'1482580',1134,,1127,6,,,0
8019,'1482581',1204,,1128,6,,,0
