2029,'1478547',655,,164,11,,,0
2029,'1478548',734,,165,11,,,0
2029,'1478549',814,,166,11,,,0
2029,'1478550',1014,,167,11,,,0
2029,'1478551',1054,,168,11,,,0
2029,'1478552',1134,,169,11,,,0
2029,'1478553',1214,,170,11,,,0
2029,'1478554',1254,,171,11,,,0
2029,'1478555',1334,,172,11,,,0
2029,'1478556',1414,,173,11,,,0
2029,'1478557',1454,,174,11,,,0
2029,'1478558',1534,,175,11,,,0
2029,'1478559',1614,,176,11,,,0
2029,'1478560',1654,,177,11,,,0
2029,'1478561',1734,,178,11,,,0
2029,'1478562',1814,,179,11,,,0
2029,'1478563',1854,,180,11,,,0
2029,'1478564',1934,,181,11,,,0
2029,'1478565',2014,,182,11,,,0
2029,'1478566',2054,,183,11,,,0
2029,'1478567',2125,,184,11,,,0
2029,'1478568',2255,,185,11,,,0
2029,'1478593',854,,210,11,,,0
2029,'1478594',934,,211,11,,,0
2029,'1478595',555,,212,11,,,0
2029,'1478598',525,,215,11,,,0
2029,'1478600',625,,217,11,,,0
2029,'1478601',710,,218,11,,,0
2029,'1478602',754,,219,11,,,0
2029,'1478603',834,,220,11,,,0
2029,'1478604',914,,221,11,,,0
2029,'1478605',954,,222,11,,,0
2029,'1478606',1034,,223,11,,,0
2029,'1478607',1114,,224,11,,,0
2029,'1478608',1154,,225,11,,,0
2029,'1478609',1234,,226,11,,,0
2029,'1478610',1314,,227,11,,,0
2029,'1478611',1354,,228,11,,,0
2029,'1478612',1434,,229,11,,,0
2029,'1478613',1514,,230,11,,,0
2029,'1478614',1554,,231,11,,,0
2029,'1478615',1634,,232,11,,,0
2029,'1478616',1714,,233,11,,,0
2029,'1478617',1754,,234,11,,,0
2029,'1478618',1834,,235,11,,,0
2029,'1478619',1914,,236,11,,,0
2029,'1478620',1954,,237,11,,,0
2029,'1478621',2034,,238,11,,,0
2029,'1478622',2114,,239,11,,,0
2029,'1479290',655,,263,11,,,0
2029,'1479291',755,,264,11,,,0
2029,'1479299',831,,272,11,,,0
2029,'1479300',911,,273,11,,,0
2029,'1479301',951,,274,11,,,0
2029,'1479302',1031,,275,11,,,0
2029,'1479303',1111,,276,11,,,0
2029,'1479304',1151,,277,11,,,0
2029,'1479305',1231,,278,11,,,0
2029,'1479315',1311,,288,11,,,0
2029,'1479316',1351,,289,11,,,0
2029,'1479317',1431,,290,11,,,0
2029,'1479318',1511,,291,11,,,0
2029,'1479319',1551,,292,11,,,0
2029,'1479320',1631,,293,11,,,0
2029,'1479321',1711,,294,11,,,0
2029,'1479322',1751,,295,11,,,0
2029,'1479324',1911,,297,11,,,0
2029,'1479325',1951,,298,11,,,0
2029,'1479328',2031,,301,11,,,0
2029,'1479329',2105,,302,11,,,0
2029,'1479330',1831,,303,11,,,0
2029,'1479332',2305,,305,11,,,0
2029,'1479333',2205,,306,11,,,0
2029,'1482329',755,,329,11,,,0
2029,'1482330',834,,330,11,,,0
2029,'1482331',914,,331,11,,,0
2029,'1482332',954,,332,11,,,0
2029,'1482333',1034,,333,11,,,0
2029,'1482334',1114,,334,11,,,0
2029,'1482335',1154,,335,11,,,0
2029,'1482336',1234,,336,11,,,0
2029,'1482337',1314,,337,11,,,0
2029,'1482338',1354,,338,11,,,0
2029,'1482339',1434,,339,11,,,0
2029,'1482340',1514,,340,11,,,0
2029,'1482341',1634,,341,11,,,0
2029,'1482342',1554,,342,11,,,0
2029,'1482343',1714,,343,11,,,0
2029,'1482344',1834,,344,11,,,0
2029,'1482345',1754,,345,11,,,0
2029,'1482346',2025,,346,11,,,0
2029,'1482347',1925,,347,11,,,0
2029,'1482348',2125,,348,11,,,0
2029,'1482350',2225,,350,11,,,0
8019,'1478708',646,,1050,24,,,0
8019,'1478709',716,,1051,24,,,0
8019,'1478710',746,,1052,24,,,0
8019,'1478711',816,,1053,24,,,0
8019,'1478712',846,,1054,24,,,0
8019,'1478713',916,,1055,24,,,0
8019,'1478714',946,,1056,24,,,0
8019,'1478715',1018,,1057,24,,,0
8019,'1478716',1048,,1058,24,,,0
8019,'1478717',1118,,1059,24,,,0
8019,'1478718',1148,,1060,24,,,0
8019,'1478719',1218,,1061,24,,,0
8019,'1478720',1248,,1062,24,,,0
8019,'1478721',1318,,1063,24,,,0
8019,'1478722',1348,,1064,24,,,0
8019,'1478723',1418,,1065,24,,,0
8019,'1478724',1448,,1066,24,,,0
8019,'1478725',1518,,1067,24,,,0
8019,'1478726',1548,,1068,24,,,0
8019,'1478727',1618,,1069,24,,,0
8019,'1478728',1648,,1070,24,,,0
8019,'1478729',1718,,1071,24,,,0
8019,'1478730',1746,,1072,24,,,0
8019,'1478731',1816,,1073,24,,,0
8019,'1478732',1846,,1074,24,,,0
8019,'1478733',1946,,1075,24,,,0
8019,'1478734',2046,,1076,24,,,0
8019,'1478735',2146,,1077,24,,,0
8019,'1478736',2246,,1078,24,,,0
8019,'1478991',1448,,1079,24,,,0
8019,'1478992',1348,,1080,24,,,0
8019,'1478993',1518,,1081,24,,,0
8019,'1478994',1618,,1082,24,,,0
8019,'1478995',1718,,1083,24,,,0
8019,'1478996',1816,,1084,24,,,0
8019,'1478997',1916,,1085,24,,,0
8019,'1478998',2046,,1086,24,,,0
8019,'1478999',2216,,1087,24,,,0
8019,'1479000',1548,,1088,24,,,0
8019,'1479001',1746,,1089,24,,,0
8019,'1479002',1648,,1090,24,,,0
8019,'1479003',1846,,1091,24,,,0
8019,'1479004',2116,,1092,24,,,0
8019,'1479005',1946,,1093,24,,,0
8019,'1479006',1418,,1094,24,,,0
8019,'1479007',646,,1095,24,,,0
8019,'1479008',746,,1096,24,,,0
8019,'1479009',846,,1097,24,,,0
8019,'1479010',916,,1098,24,,,0
8019,'1479011',946,,1099,24,,,0
8019,'1479012',1018,,1100,24,,,0
8019,'1479013',1048,,1101,24,,,0
8019,'1479014',1118,,1102,24,,,0
8019,'1479015',1148,,1103,24,,,0
8019,'1479016',1218,,1104,24,,,0
8019,'1479017',1248,,1105,24,,,0
8019,'1479018',1318,,1106,24,,,0
8019,'1482560',746,,1107,24,,,0
8019,'1482561',846,,1108,24,,,0
8019,'1482562',946,,1109,24,,,0
8019,'1482563',1048,,1110,24,,,0
8019,'1482564',1248,,1111,24,,,0
8019,'1482565',1318,,1112,24,,,0
8019,'1482566',1348,,1113,24,,,0
8019,'1482567',1418,,1114,24,,,0
8019,'1482568',1448,,1115,24,,,0
8019,'1482569',1518,,1116,24,,,0
8019,'1482570',1548,,1117,24,,,0
8019,'1482571',1618,,1118,24,,,0
8019,'1482572',1648,,1119,24,,,0
8019,'1482573',1718,,1120,24,,,0
8019,'1482574',1746,,1121,24,,,0
8019,'1482575',1816,,1122,24,,,0
8019,'1482576',1846,,1123,24,,,0
8019,'1482577',1946,,1124,24,,,0
8019,'1482578',2046,,1125,24,,,0
8019,'1482579',2146,,1126,24,,,0
8019,'1482580',1147,,1127,24,,,0
8019,'1482581',1218,,1128,24,,,0
