4029,'1478434',623,,531,6,,,0
4029,'1478435',653,,532,6,,,0
4029,'1478436',738,,533,6,,,0
4029,'1478437',853,,534,6,,,0
4029,'1478438',938,,535,6,,,0
4029,'1478439',1023,,536,6,,,0
4029,'1478440',1038,,537,6,,,0
4029,'1478441',1138,,538,6,,,0
4029,'1478442',1223,,539,6,,,0
4029,'1478443',1238,,540,6,,,0
4029,'1478444',1338,,541,6,,,0
4029,'1478445',1423,,542,6,,,0
4029,'1478446',1438,,543,6,,,0
4029,'1478447',1538,,544,6,,,0
4029,'1478448',1623,,545,6,,,0
4029,'1478449',1638,,546,6,,,0
4029,'1478450',1738,,547,6,,,0
4029,'1478451',1823,,548,6,,,0
4029,'1478452',1953,,549,6,,,0
4029,'1478453',2023,,550,6,,,0
4029,'1478454',2053,,551,6,,,0
4029,'1478455',2153,,552,6,,,0
4029,'1478456',2223,,553,6,,,0
4029,'1478481',2253,,578,6,,,0
4029,'1478482',1853,,579,6,,,0
4029,'1478484',1308,,581,6,,,0
4029,'1478485',1153,,582,6,,,0
4029,'1478486',1253,,583,6,,,0
4029,'1478490',708,,587,6,,,0
4029,'1478492',953,,589,6,,,0
4029,'1478493',908,,590,6,,,0
4029,'1478494',838,,591,6,,,0
4029,'1478499',1053,,596,6,,,0
4029,'1478500',1108,,597,6,,,0
4029,'1478501',1353,,598,6,,,0
4029,'1478502',1453,,599,6,,,0
4029,'1478503',1653,,600,6,,,0
4029,'1478504',1708,,601,6,,,0
4029,'1478505',1553,,602,6,,,0
4029,'1478506',1508,,603,6,,,0
4029,'1478519',723,,616,6,,,0
4029,'1478520',923,,617,6,,,0
4029,'1478521',1123,,618,6,,,0
4029,'1478522',1323,,619,6,,,0
4029,'1478523',1523,,620,6,,,0
4029,'1478524',1723,,621,6,,,0
4029,'1478525',1923,,622,6,,,0
4029,'1478526',2123,,623,6,,,0
4029,'1478527',2323,,624,6,,,0
4029,'1478534',808,,631,6,,,0
4029,'1478535',1008,,632,6,,,0
4029,'1478536',1208,,633,6,,,0
4029,'1478537',1408,,634,6,,,0
4029,'1478538',1608,,635,6,,,0
4029,'1478539',1753,,636,6,,,0
4029,'1478543',823,,640,6,,,0
4029,'1478546',753,,643,6,,,0
4029,'1479184',623,,670,6,,,0
4029,'1479185',653,,671,6,,,0
4029,'1479186',823,,672,6,,,0
4029,'1479187',753,,673,6,,,0
4029,'1479188',853,,674,6,,,0
4029,'1479189',953,,675,6,,,0
4029,'1479190',1023,,676,6,,,0
4029,'1479191',1153,,677,6,,,0
4029,'1479192',1053,,678,6,,,0
4029,'1479193',1253,,679,6,,,0
4029,'1479194',1223,,680,6,,,0
4029,'1479195',1353,,681,6,,,0
4029,'1479196',1453,,682,6,,,0
4029,'1479197',1423,,683,6,,,0
4029,'1479198',1553,,684,6,,,0
4029,'1479199',1653,,685,6,,,0
4029,'1479200',1623,,686,6,,,0
4029,'1479201',1753,,687,6,,,0
4029,'1479202',2223,,688,6,,,0
4029,'1479203',1823,,689,6,,,0
4029,'1479204',1853,,690,6,,,0
4029,'1479205',1953,,691,6,,,0
4029,'1479206',2023,,692,6,,,0
4029,'1479207',2053,,693,6,,,0
4029,'1479208',2153,,694,6,,,0
4029,'1479209',2253,,695,6,,,0
4029,'1479210',2323,,696,6,,,0
4029,'1479211',2123,,697,6,,,0
4029,'1479221',723,,707,6,,,0
4029,'1479222',923,,708,6,,,0
4029,'1479223',1123,,709,6,,,0
4029,'1479224',1323,,710,6,,,0
4029,'1479225',1523,,711,6,,,0
4029,'1479226',1723,,712,6,,,0
4029,'1479227',1923,,713,6,,,0
4029,'1482405',2123,,714,6,,,0
4029,'1482428',723,,737,6,,,0
4029,'1482429',823,,738,6,,,0
4029,'1482430',853,,739,6,,,0
4029,'1482431',923,,740,6,,,0
4029,'1482432',1023,,741,6,,,0
4029,'1482433',1053,,742,6,,,0
4029,'1482434',1123,,743,6,,,0
4029,'1482435',1223,,744,6,,,0
4029,'1482436',1253,,745,6,,,0
4029,'1482437',1323,,746,6,,,0
4029,'1482438',1423,,747,6,,,0
4029,'1482439',1453,,748,6,,,0
4029,'1482440',1523,,749,6,,,0
4029,'1482441',1623,,750,6,,,0
4029,'1482442',1653,,751,6,,,0
4029,'1482443',1723,,752,6,,,0
4029,'1482444',1823,,753,6,,,0
4029,'1482445',1853,,754,6,,,0
4029,'1482446',1923,,755,6,,,0
4029,'1482447',2023,,756,6,,,0
4029,'1482448',2053,,757,6,,,0
4029,'1482452',753,,761,6,,,0
4029,'1482453',953,,762,6,,,0
4029,'1482454',1153,,763,6,,,0
4029,'1482455',1353,,764,6,,,0
4029,'1482456',1553,,765,6,,,0
4029,'1482457',1753,,766,6,,,0
4029,'1482458',1953,,767,6,,,0
4029,'1482459',2153,,768,6,,,0
