4019,'1478457',632,,554,3,,,0
4019,'1478458',702,,555,3,,,0
4019,'1478459',747,,556,3,,,0
4019,'1478460',902,,557,3,,,0
4019,'1478461',947,,558,3,,,0
4019,'1478462',1032,,559,3,,,0
4019,'1478463',1102,,560,3,,,0
4019,'1478464',1132,,561,3,,,0
4019,'1478465',1232,,562,3,,,0
4019,'1478466',1302,,563,3,,,0
4019,'1478467',1332,,564,3,,,0
4019,'1478468',1432,,565,3,,,0
4019,'1478469',1502,,566,3,,,0
4019,'1478470',1547,,567,3,,,0
4019,'1478471',1632,,568,3,,,0
4019,'1478472',1702,,569,3,,,0
4019,'1478473',1732,,570,3,,,0
4019,'1478474',1832,,571,3,,,0
4019,'1478475',1902,,572,3,,,0
4019,'1478476',1932,,573,3,,,0
4019,'1478477',2032,,574,3,,,0
4019,'1478478',2102,,575,3,,,0
4019,'1478479',2132,,576,3,,,0
4019,'1478480',2232,,577,3,,,0
4019,'1478483',2302,,580,3,,,0
4019,'1478487',1117,,584,3,,,0
4019,'1478488',1147,,585,3,,,0
4019,'1478489',1247,,586,3,,,0
4019,'1478491',717,,588,3,,,0
4019,'1478495',847,,592,3,,,0
4019,'1478496',802,,593,3,,,0
4019,'1478497',917,,594,3,,,0
4019,'1478498',932,,595,3,,,0
4019,'1478507',1317,,604,3,,,0
4019,'1478508',1532,,605,3,,,0
4019,'1478509',1647,,606,3,,,0
4019,'1478510',1347,,607,3,,,0
4019,'1478511',1447,,608,3,,,0
4019,'1478512',1517,,609,3,,,0
4019,'1478513',1717,,610,3,,,0
4019,'1478514',1047,,611,3,,,0
4019,'1478515',2202,,612,3,,,0
4019,'1478516',2002,,613,3,,,0
4019,'1478517',1417,,614,3,,,0
4019,'1478518',1617,,615,3,,,0
4019,'1478528',602,,625,3,,,0
4019,'1478529',1002,,626,3,,,0
4019,'1478530',1202,,627,3,,,0
4019,'1478531',1402,,628,3,,,0
4019,'1478532',1602,,629,3,,,0
4019,'1478533',1802,,630,3,,,0
4019,'1478540',817,,637,3,,,0
4019,'1478541',1017,,638,3,,,0
4019,'1478542',1217,,639,3,,,0
4019,'1478544',832,,641,3,,,0
4019,'1478545',732,,642,3,,,0
4019,'1479158',602,,644,3,,,0
4019,'1479159',632,,645,3,,,0
4019,'1479160',732,,646,3,,,0
4019,'1479161',802,,647,3,,,0
4019,'1479162',832,,648,3,,,0
4019,'1479163',932,,649,3,,,0
4019,'1479164',1002,,650,3,,,0
4019,'1479165',1032,,651,3,,,0
4019,'1479166',1132,,652,3,,,0
4019,'1479167',1202,,653,3,,,0
4019,'1479168',1232,,654,3,,,0
4019,'1479169',1332,,655,3,,,0
4019,'1479170',1402,,656,3,,,0
4019,'1479171',1432,,657,3,,,0
4019,'1479172',1532,,658,3,,,0
4019,'1479173',1602,,659,3,,,0
4019,'1479174',1632,,660,3,,,0
4019,'1479175',1732,,661,3,,,0
4019,'1479176',1802,,662,3,,,0
4019,'1479177',1832,,663,3,,,0
4019,'1479178',1932,,664,3,,,0
4019,'1479179',2002,,665,3,,,0
4019,'1479180',2032,,666,3,,,0
4019,'1479181',2132,,667,3,,,0
4019,'1479182',2202,,668,3,,,0
4019,'1479183',2232,,669,3,,,0
4019,'1479212',702,,698,3,,,0
4019,'1479213',902,,699,3,,,0
4019,'1479214',1102,,700,3,,,0
4019,'1479215',1302,,701,3,,,0
4019,'1479216',1502,,702,3,,,0
4019,'1479217',1702,,703,3,,,0
4019,'1479218',1902,,704,3,,,0
4019,'1479219',2102,,705,3,,,0
4019,'1479220',2302,,706,3,,,0
4019,'1482406',702,,715,3,,,0
4019,'1482407',732,,716,3,,,0
4019,'1482408',832,,717,3,,,0
4019,'1482409',902,,718,3,,,0
4019,'1482410',932,,719,3,,,0
4019,'1482411',1032,,720,3,,,0
4019,'1482412',1102,,721,3,,,0
4019,'1482413',1132,,722,3,,,0
4019,'1482414',1232,,723,3,,,0
4019,'1482415',1302,,724,3,,,0
4019,'1482416',1332,,725,3,,,0
4019,'1482417',1432,,726,3,,,0
4019,'1482418',1502,,727,3,,,0
4019,'1482419',1532,,728,3,,,0
4019,'1482420',1632,,729,3,,,0
4019,'1482421',1702,,730,3,,,0
4019,'1482422',1732,,731,3,,,0
4019,'1482423',1832,,732,3,,,0
4019,'1482424',1902,,733,3,,,0
4019,'1482425',1932,,734,3,,,0
4019,'1482426',2032,,735,3,,,0
4019,'1482427',2102,,736,3,,,0
4019,'1482449',2132,,758,3,,,0
4019,'1482450',2002,,759,3,,,0
4019,'1482451',1802,,760,3,,,0
4019,'1482460',802,,769,3,,,0
4019,'1482461',1002,,770,3,,,0
4019,'1482462',1202,,771,3,,,0
4019,'1482463',1402,,772,3,,,0
4019,'1482464',1602,,773,3,,,0
4019,'1482583',2202,,774,3,,,0
