6019,'1478821',643,,806,20,,,0
6019,'1478822',743,,807,20,,,0
6019,'1478823',813,,808,20,,,0
6019,'1478824',843,,809,20,,,0
6019,'1478825',913,,810,20,,,0
6019,'1478826',943,,811,20,,,0
6019,'1478827',1013,,812,20,,,0
6019,'1478828',1043,,813,20,,,0
6019,'1478829',1113,,814,20,,,0
6019,'1478830',1143,,815,20,,,0
6019,'1478831',1213,,816,20,,,0
6019,'1478832',1243,,817,20,,,0
6019,'1478833',1313,,818,20,,,0
6019,'1478834',1343,,819,20,,,0
6019,'1478835',1413,,820,20,,,0
6019,'1478836',1443,,821,20,,,0
6019,'1478837',1513,,822,20,,,0
6019,'1478838',1543,,823,20,,,0
6019,'1478839',1613,,824,20,,,0
6019,'1478840',1643,,825,20,,,0
6019,'1478841',1713,,826,20,,,0
6019,'1478842',1743,,827,20,,,0
6019,'1478843',1813,,828,20,,,0
6019,'1478844',1843,,829,20,,,0
6019,'1478845',1913,,830,20,,,0
6019,'1478846',1943,,831,20,,,0
6019,'1478847',2013,,832,20,,,0
6019,'1478848',2043,,833,20,,,0
6019,'1478849',2113,,834,20,,,0
6019,'1478850',2213,,835,20,,,0
6019,'1478851',2313,,836,20,,,0
6019,'1478852',543,,837,20,,,0
6019,'1478853',713,,838,20,,,0
6019,'1478855',613,,840,20,,,0
6019,'1479065',613,,842,20,,,0
6019,'1479066',643,,843,20,,,0
6019,'1479067',713,,844,20,,,0
6019,'1479068',743,,845,20,,,0
6019,'1479069',813,,846,20,,,0
6019,'1479070',913,,847,20,,,0
6019,'1479071',1013,,848,20,,,0
6019,'1479072',1113,,849,20,,,0
6019,'1479073',1213,,850,20,,,0
6019,'1479074',1313,,851,20,,,0
6019,'1479075',1413,,852,20,,,0
6019,'1479076',1513,,853,20,,,0
6019,'1479077',1613,,854,20,,,0
6019,'1479078',1713,,855,20,,,0
6019,'1479079',1813,,856,20,,,0
6019,'1479080',1913,,857,20,,,0
6019,'1479081',2013,,858,20,,,0
6019,'1479082',2113,,859,20,,,0
6019,'1479083',2213,,860,20,,,0
6019,'1479103',2310,,880,20,,,0
6019,'1482491',713,,882,20,,,0
6019,'1482492',813,,883,20,,,0
6019,'1482493',913,,884,20,,,0
6019,'1482494',1013,,885,20,,,0
6019,'1482495',1113,,886,20,,,0
6019,'1482496',1213,,887,20,,,0
6019,'1482497',1313,,888,20,,,0
6019,'1482498',1413,,889,20,,,0
6019,'1482499',1513,,890,20,,,0
6019,'1482500',1613,,891,20,,,0
6019,'1482501',1713,,892,20,,,0
6019,'1482502',1813,,893,20,,,0
6019,'1482503',1913,,894,20,,,0
6019,'1482504',2013,,895,20,,,0
6019,'1482505',2113,,896,20,,,0
6019,'1482506',2210,,897,20,,,0
