6029,'1478790',611,,775,13,,,0
6029,'1478791',711,,776,13,,,0
6029,'1478792',741,,777,13,,,0
6029,'1478793',811,,778,13,,,0
6029,'1478794',841,,779,13,,,0
6029,'1478795',911,,780,13,,,0
6029,'1478796',941,,781,13,,,0
6029,'1478797',1011,,782,13,,,0
6029,'1478798',1041,,783,13,,,0
6029,'1478799',1111,,784,13,,,0
6029,'1478800',1141,,785,13,,,0
6029,'1478801',1211,,786,13,,,0
6029,'1478802',1241,,787,13,,,0
6029,'1478803',1311,,788,13,,,0
6029,'1478804',1341,,789,13,,,0
6029,'1478805',1411,,790,13,,,0
6029,'1478806',1441,,791,13,,,0
6029,'1478807',1511,,792,13,,,0
6029,'1478808',1541,,793,13,,,0
6029,'1478809',1611,,794,13,,,0
6029,'1478810',1641,,795,13,,,0
6029,'1478811',1711,,796,13,,,0
6029,'1478812',1741,,797,13,,,0
6029,'1478813',1811,,798,13,,,0
6029,'1478814',1841,,799,13,,,0
6029,'1478815',1911,,800,13,,,0
6029,'1478816',1941,,801,13,,,0
6029,'1478817',2011,,802,13,,,0
6029,'1478818',2041,,803,13,,,0
6029,'1478819',2141,,804,13,,,0
6029,'1478820',2241,,805,13,,,0
6029,'1478854',541,,839,13,,,0
6029,'1478856',641,,841,13,,,0
6029,'1479084',641,,861,13,,,0
6029,'1479085',711,,862,13,,,0
6029,'1479086',741,,863,13,,,0
6029,'1479087',841,,864,13,,,0
6029,'1479088',941,,865,13,,,0
6029,'1479089',1041,,866,13,,,0
6029,'1479090',1141,,867,13,,,0
6029,'1479091',1241,,868,13,,,0
6029,'1479092',1341,,869,13,,,0
6029,'1479093',1441,,870,13,,,0
6029,'1479094',1541,,871,13,,,0
6029,'1479095',1641,,872,13,,,0
6029,'1479096',1741,,873,13,,,0
6029,'1479097',1841,,874,13,,,0
6029,'1479098',1941,,875,13,,,0
6029,'1479099',2041,,876,13,,,0
6029,'1479100',2141,,877,13,,,0
6029,'1479101',2241,,878,13,,,0
6029,'1479102',611,,879,13,,,0
6029,'1479104',811,,881,13,,,0
6029,'1482507',741,,898,13,,,0
6029,'1482508',841,,899,13,,,0
6029,'1482509',941,,900,13,,,0
6029,'1482510',1141,,901,13,,,0
6029,'1482511',1041,,902,13,,,0
6029,'1482512',1341,,903,13,,,0
6029,'1482513',1241,,904,13,,,0
6029,'1482514',1441,,905,13,,,0
6029,'1482515',1541,,906,13,,,0
6029,'1482516',1641,,907,13,,,0
6029,'1482517',1741,,908,13,,,0
6029,'1482518',1841,,909,13,,,0
6029,'1482519',1941,,910,13,,,0
6029,'1482520',2041,,911,13,,,0
6029,'1482521',2141,,912,13,,,0
140000019,'1478707',2341,,1275,13,,,0
140000019,'1478990',2341,,1276,13,,,0
140000019,'1482582',2241,,1277,13,,,0
