7019,'1478737',621,,913,5,,,0
7019,'1478738',651,,914,5,,,0
7019,'1478739',751,,915,5,,,0
7019,'1478740',821,,916,5,,,0
7019,'1478741',851,,917,5,,,0
7019,'1478742',951,,918,5,,,0
7019,'1478743',1029,,919,5,,,0
7019,'1478744',1109,,920,5,,,0
7019,'1478745',1149,,921,5,,,0
7019,'1478746',1229,,922,5,,,0
7019,'1478747',1309,,923,5,,,0
7019,'1478748',1349,,924,5,,,0
7019,'1478749',1509,,925,5,,,0
7019,'1478750',1549,,926,5,,,0
7019,'1478751',1629,,927,5,,,0
7019,'1478752',1709,,928,5,,,0
7019,'1478753',1821,,929,5,,,0
7019,'1478754',2021,,930,5,,,0
7019,'1478760',2221,,936,5,,,0
7019,'1478776',1921,,952,5,,,0
7019,'1478778',1749,,954,5,,,0
7019,'1478779',1429,,955,5,,,0
7019,'1478783',2121,,959,5,,,0
7019,'1478784',721,,960,5,,,0
7019,'1478786',1851,,962,5,,,0
7019,'1478789',921,,965,5,,,0
7019,'1479039',651,,986,5,,,0
7019,'1479040',751,,987,5,,,0
7019,'1479041',851,,988,5,,,0
7019,'1479042',921,,989,5,,,0
7019,'1479043',951,,990,5,,,0
7019,'1479044',1029,,991,5,,,0
7019,'1479045',1109,,992,5,,,0
7019,'1479046',1149,,993,5,,,0
7019,'1479047',1229,,994,5,,,0
7019,'1479048',1309,,995,5,,,0
7019,'1479049',1349,,996,5,,,0
7019,'1479050',1509,,997,5,,,0
7019,'1479051',1549,,998,5,,,0
7019,'1479052',1629,,999,5,,,0
7019,'1479053',1709,,1000,5,,,0
7019,'1479054',1821,,1001,5,,,0
7019,'1479055',1851,,1002,5,,,0
7019,'1479056',1951,,1003,5,,,0
7019,'1479057',2051,,1004,5,,,0
7019,'1479058',2151,,1005,5,,,0
7019,'1479059',2251,,1006,5,,,0
7019,'1479063',1429,,1010,5,,,0
7019,'1479064',1749,,1011,5,,,0
7019,'1482537',721,,1027,5,,,0
7019,'1482538',821,,1028,5,,,0
7019,'1482539',1229,,1029,5,,,0
7019,'1482540',1309,,1030,5,,,0
7019,'1482541',921,,1031,5,,,0
7019,'1482542',1509,,1032,5,,,0
7019,'1482543',1429,,1033,5,,,0
7019,'1482544',1349,,1034,5,,,0
7019,'1482545',1549,,1035,5,,,0
7019,'1482546',1629,,1036,5,,,0
7019,'1482547',1749,,1037,5,,,0
7019,'1482548',1821,,1038,5,,,0
7019,'1482549',1851,,1039,5,,,0
7019,'1482550',1951,,1040,5,,,0
7019,'1482551',2151,,1041,5,,,0
7019,'1482553',1021,,1043,5,,,0
7019,'1482554',1121,,1044,5,,,0
7019,'1482556',2051,,1046,5,,,0
7019,'1482558',1709,,1048,5,,,0
