20005019,'1478857',638,,1207,7,,,0
20005019,'1478858',708,,1208,7,,,0
20005019,'1478859',738,,1209,7,,,0
20005019,'1478860',808,,1210,7,,,0
20005019,'1478861',838,,1211,7,,,0
20005019,'1478862',908,,1212,7,,,0
20005019,'1478863',938,,1213,7,,,0
20005019,'1478864',1008,,1214,7,,,0
20005019,'1478865',1038,,1215,7,,,0
20005019,'1478866',1108,,1216,7,,,0
20005019,'1478867',1138,,1217,7,,,0
20005019,'1478868',1208,,1218,7,,,0
20005019,'1478869',1238,,1219,7,,,0
20005019,'1478870',1308,,1220,7,,,0
20005019,'1478871',1338,,1221,7,,,0
20005019,'1478872',1408,,1222,7,,,0
20005019,'1478873',1438,,1223,7,,,0
20005019,'1478874',1508,,1224,7,,,0
20005019,'1478875',1538,,1225,7,,,0
20005019,'1478876',1608,,1226,7,,,0
20005019,'1478877',1638,,1227,7,,,0
20005019,'1478878',1708,,1228,7,,,0
20005019,'1478879',1738,,1229,7,,,0
20005019,'1478880',1808,,1230,7,,,0
20005019,'1478881',1838,,1231,7,,,0
20005019,'1478882',1908,,1232,7,,,0
20005019,'1478883',1938,,1233,7,,,0
20005019,'1478884',2008,,1234,7,,,0
20005019,'1478885',2138,,1235,7,,,0
20005019,'1478886',2238,,1236,7,,,0
20005019,'1478887',2038,,1237,7,,,0
20005019,'1478888',508,,1238,7,,,0
20005019,'1478889',538,,1239,7,,,0
20005019,'1478890',608,,1240,7,,,0
20005019,'1479105',808,,1241,7,,,0
20005019,'1479106',838,,1242,7,,,0
20005019,'1479107',908,,1243,7,,,0
20005019,'1479108',938,,1244,7,,,0
20005019,'1479109',1008,,1245,7,,,0
20005019,'1479110',1038,,1246,7,,,0
20005019,'1479111',1108,,1247,7,,,0
20005019,'1479112',1138,,1248,7,,,0
20005019,'1479113',1208,,1249,7,,,0
20005019,'1479114',1238,,1250,7,,,0
20005019,'1479115',1308,,1251,7,,,0
20005019,'1479116',1338,,1252,7,,,0
20005019,'1479117',1408,,1253,7,,,0
20005019,'1479118',1438,,1254,7,,,0
20005019,'1479119',1508,,1255,7,,,0
20005019,'1479120',1538,,1256,7,,,0
20005019,'1479121',1608,,1257,7,,,0
20005019,'1479122',1638,,1258,7,,,0
20005019,'1479123',1708,,1259,7,,,0
20005019,'1479124',1738,,1260,7,,,0
20005019,'1479125',1808,,1261,7,,,0
20005019,'1479126',1838,,1262,7,,,0
20005019,'1479127',1908,,1263,7,,,0
20005019,'1479128',2008,,1264,7,,,0
20005019,'1482481',838,,1265,7,,,0
20005019,'1482482',938,,1266,7,,,0
20005019,'1482483',1038,,1267,7,,,0
20005019,'1482484',1138,,1268,7,,,0
20005019,'1482485',1238,,1269,7,,,0
20005019,'1482486',1338,,1270,7,,,0
20005019,'1482487',1438,,1271,7,,,0
20005019,'1482488',1538,,1272,7,,,0
20005019,'1482489',1638,,1273,7,,,0
20005019,'1482490',1738,,1274,7,,,0
