2019,'1478569',633,,186,5,,,0
2019,'1478570',703,,187,5,,,0
2019,'1478571',1425,,188,5,,,0
2019,'1478572',745,,189,5,,,0
2019,'1478573',1505,,190,5,,,0
2019,'1478574',1105,,191,5,,,0
2019,'1478575',945,,192,5,,,0
2019,'1478576',1225,,193,5,,,0
2019,'1478577',825,,194,5,,,0
2019,'1478578',1145,,195,5,,,0
2019,'1478579',1305,,196,5,,,0
2019,'1478580',1025,,197,5,,,0
2019,'1478581',1345,,198,5,,,0
2019,'1478582',1545,,199,5,,,0
2019,'1478583',1625,,200,5,,,0
2019,'1478584',1745,,201,5,,,0
2019,'1478585',1705,,202,5,,,0
2019,'1478586',1905,,203,5,,,0
2019,'1478587',1825,,204,5,,,0
2019,'1478588',1945,,205,5,,,0
2019,'1478589',2025,,206,5,,,0
2019,'1478590',2103,,207,5,,,0
2019,'1478591',2233,,208,5,,,0
2019,'1478592',905,,209,5,,,0
2019,'1478596',503,,213,5,,,0
2019,'1478597',533,,214,5,,,0
2019,'1478599',603,,216,5,,,0
2019,'1478623',723,,240,5,,,0
2019,'1478624',2045,,241,5,,,0
2019,'1478625',805,,242,5,,,0
2019,'1478626',845,,243,5,,,0
2019,'1478627',925,,244,5,,,0
2019,'1478628',1005,,245,5,,,0
2019,'1478629',1045,,246,5,,,0
2019,'1478630',1125,,247,5,,,0
2019,'1478631',1205,,248,5,,,0
2019,'1478632',1245,,249,5,,,0
2019,'1478633',1325,,250,5,,,0
2019,'1478634',1405,,251,5,,,0
2019,'1478635',1445,,252,5,,,0
2019,'1478636',1525,,253,5,,,0
2019,'1478637',1605,,254,5,,,0
2019,'1478638',1645,,255,5,,,0
2019,'1478639',1725,,256,5,,,0
2019,'1478640',1805,,257,5,,,0
2019,'1478641',1845,,258,5,,,0
2019,'1478642',1925,,259,5,,,0
2019,'1478643',2005,,260,5,,,0
2019,'1479288',633,,261,5,,,0
2019,'1479289',733,,262,5,,,0
2019,'1479292',803,,265,5,,,0
2019,'1479293',843,,266,5,,,0
2019,'1479294',923,,267,5,,,0
2019,'1479295',1003,,268,5,,,0
2019,'1479296',1043,,269,5,,,0
2019,'1479297',1123,,270,5,,,0
2019,'1479298',1203,,271,5,,,0
2019,'1479306',1243,,279,5,,,0
2019,'1479307',1323,,280,5,,,0
2019,'1479308',1403,,281,5,,,0
2019,'1479309',1443,,282,5,,,0
2019,'1479310',1523,,283,5,,,0
2019,'1479311',1603,,284,5,,,0
2019,'1479312',1643,,285,5,,,0
2019,'1479313',1723,,286,5,,,0
2019,'1479314',1803,,287,5,,,0
2019,'1479323',1923,,296,5,,,0
2019,'1479326',2043,,299,5,,,0
2019,'1479327',2143,,300,5,,,0
2019,'1479331',2003,,304,5,,,0
2019,'1479334',2243,,307,5,,,0
2019,'1479335',1843,,308,5,,,0
2019,'1482309',733,,309,5,,,0
2019,'1482310',805,,310,5,,,0
2019,'1482311',845,,311,5,,,0
2019,'1482312',925,,312,5,,,0
2019,'1482313',1005,,313,5,,,0
2019,'1482314',1045,,314,5,,,0
2019,'1482315',1125,,315,5,,,0
2019,'1482316',1205,,316,5,,,0
2019,'1482317',1245,,317,5,,,0
2019,'1482318',1325,,318,5,,,0
2019,'1482319',1405,,319,5,,,0
2019,'1482320',1445,,320,5,,,0
2019,'1482321',1525,,321,5,,,0
2019,'1482322',1605,,322,5,,,0
2019,'1482323',1645,,323,5,,,0
2019,'1482324',1725,,324,5,,,0
2019,'1482325',1805,,325,5,,,0
2019,'1482326',1903,,326,5,,,0
2019,'1482327',2003,,327,5,,,0
2019,'1482328',2103,,328,5,,,0
2019,'1482349',2203,,349,5,,,0
8019,'1478708',633,,1050,5,,,0
8019,'1478709',703,,1051,5,,,0
8019,'1478710',733,,1052,5,,,0
8019,'1478711',803,,1053,5,,,0
8019,'1478712',833,,1054,5,,,0
8019,'1478713',903,,1055,5,,,0
8019,'1478714',933,,1056,5,,,0
8019,'1478715',1003,,1057,5,,,0
8019,'1478716',1033,,1058,5,,,0
8019,'1478717',1103,,1059,5,,,0
8019,'1478718',1133,,1060,5,,,0
8019,'1478719',1203,,1061,5,,,0
8019,'1478720',1233,,1062,5,,,0
8019,'1478721',1303,,1063,5,,,0
8019,'1478722',1333,,1064,5,,,0
8019,'1478723',1403,,1065,5,,,0
8019,'1478724',1433,,1066,5,,,0
8019,'1478725',1503,,1067,5,,,0
8019,'1478726',1533,,1068,5,,,0
8019,'1478727',1603,,1069,5,,,0
8019,'1478728',1633,,1070,5,,,0
8019,'1478729',1703,,1071,5,,,0
8019,'1478730',1733,,1072,5,,,0
8019,'1478731',1803,,1073,5,,,0
8019,'1478732',1833,,1074,5,,,0
8019,'1478733',1933,,1075,5,,,0
8019,'1478734',2033,,1076,5,,,0
8019,'1478735',2133,,1077,5,,,0
8019,'1478736',2233,,1078,5,,,0
8019,'1478991',1433,,1079,5,,,0
8019,'1478992',1333,,1080,5,,,0
8019,'1478993',1503,,1081,5,,,0
8019,'1478994',1603,,1082,5,,,0
8019,'1478995',1703,,1083,5,,,0
8019,'1478996',1803,,1084,5,,,0
8019,'1478997',1903,,1085,5,,,0
8019,'1478998',2033,,1086,5,,,0
8019,'1478999',2203,,1087,5,,,0
8019,'1479000',1533,,1088,5,,,0
8019,'1479001',1733,,1089,5,,,0
8019,'1479002',1633,,1090,5,,,0
8019,'1479003',1833,,1091,5,,,0
8019,'1479004',2103,,1092,5,,,0
8019,'1479005',1933,,1093,5,,,0
8019,'1479006',1403,,1094,5,,,0
8019,'1479007',633,,1095,5,,,0
8019,'1479008',733,,1096,5,,,0
8019,'1479009',833,,1097,5,,,0
8019,'1479010',903,,1098,5,,,0
8019,'1479011',933,,1099,5,,,0
8019,'1479012',1003,,1100,5,,,0
8019,'1479013',1033,,1101,5,,,0
8019,'1479014',1103,,1102,5,,,0
8019,'1479015',1133,,1103,5,,,0
8019,'1479016',1203,,1104,5,,,0
8019,'1479017',1233,,1105,5,,,0
8019,'1479018',1303,,1106,5,,,0
8019,'1482560',733,,1107,5,,,0
8019,'1482561',833,,1108,5,,,0
8019,'1482562',933,,1109,5,,,0
8019,'1482563',1033,,1110,5,,,0
8019,'1482564',1233,,1111,5,,,0
8019,'1482565',1303,,1112,5,,,0
8019,'1482566',1333,,1113,5,,,0
8019,'1482567',1403,,1114,5,,,0
8019,'1482568',1433,,1115,5,,,0
8019,'1482569',1503,,1116,5,,,0
8019,'1482570',1533,,1117,5,,,0
8019,'1482571',1603,,1118,5,,,0
8019,'1482572',1633,,1119,5,,,0
8019,'1482573',1703,,1120,5,,,0
8019,'1482574',1733,,1121,5,,,0
8019,'1482575',1803,,1122,5,,,0
8019,'1482576',1833,,1123,5,,,0
8019,'1482577',1933,,1124,5,,,0
8019,'1482578',2033,,1125,5,,,0
8019,'1482579',2133,,1126,5,,,0
8019,'1482580',1133,,1127,5,,,0
8019,'1482581',1203,,1128,5,,,0
140000019,'1478707',2357,,1275,34,,,0
140000019,'1478990',2357,,1276,34,,,0
140000019,'1482582',2257,,1277,34,,,0
