4029,'1478434',621,,531,4,,,0
4029,'1478435',651,,532,4,,,0
4029,'1478436',736,,533,4,,,0
4029,'1478437',851,,534,4,,,0
4029,'1478438',936,,535,4,,,0
4029,'1478439',1021,,536,4,,,0
4029,'1478440',1036,,537,4,,,0
4029,'1478441',1136,,538,4,,,0
4029,'1478442',1221,,539,4,,,0
4029,'1478443',1236,,540,4,,,0
4029,'1478444',1336,,541,4,,,0
4029,'1478445',1421,,542,4,,,0
4029,'1478446',1436,,543,4,,,0
4029,'1478447',1536,,544,4,,,0
4029,'1478448',1621,,545,4,,,0
4029,'1478449',1636,,546,4,,,0
4029,'1478450',1736,,547,4,,,0
4029,'1478451',1821,,548,4,,,0
4029,'1478452',1951,,549,4,,,0
4029,'1478453',2021,,550,4,,,0
4029,'1478454',2051,,551,4,,,0
4029,'1478455',2151,,552,4,,,0
4029,'1478456',2221,,553,4,,,0
4029,'1478481',2251,,578,4,,,0
4029,'1478482',1851,,579,4,,,0
4029,'1478484',1306,,581,4,,,0
4029,'1478485',1151,,582,4,,,0
4029,'1478486',1251,,583,4,,,0
4029,'1478490',706,,587,4,,,0
4029,'1478492',951,,589,4,,,0
4029,'1478493',906,,590,4,,,0
4029,'1478494',836,,591,4,,,0
4029,'1478499',1051,,596,4,,,0
4029,'1478500',1106,,597,4,,,0
4029,'1478501',1351,,598,4,,,0
4029,'1478502',1451,,599,4,,,0
4029,'1478503',1651,,600,4,,,0
4029,'1478504',1706,,601,4,,,0
4029,'1478505',1551,,602,4,,,0
4029,'1478506',1506,,603,4,,,0
4029,'1478519',721,,616,4,,,0
4029,'1478520',921,,617,4,,,0
4029,'1478521',1121,,618,4,,,0
4029,'1478522',1321,,619,4,,,0
4029,'1478523',1521,,620,4,,,0
4029,'1478524',1721,,621,4,,,0
4029,'1478525',1921,,622,4,,,0
4029,'1478526',2121,,623,4,,,0
4029,'1478527',2321,,624,4,,,0
4029,'1478534',806,,631,4,,,0
4029,'1478535',1006,,632,4,,,0
4029,'1478536',1206,,633,4,,,0
4029,'1478537',1406,,634,4,,,0
4029,'1478538',1606,,635,4,,,0
4029,'1478539',1751,,636,4,,,0
4029,'1478543',821,,640,4,,,0
4029,'1478546',751,,643,4,,,0
4029,'1479184',621,,670,4,,,0
4029,'1479185',651,,671,4,,,0
4029,'1479186',821,,672,4,,,0
4029,'1479187',751,,673,4,,,0
4029,'1479188',851,,674,4,,,0
4029,'1479189',951,,675,4,,,0
4029,'1479190',1021,,676,4,,,0
4029,'1479191',1151,,677,4,,,0
4029,'1479192',1051,,678,4,,,0
4029,'1479193',1251,,679,4,,,0
4029,'1479194',1221,,680,4,,,0
4029,'1479195',1351,,681,4,,,0
4029,'1479196',1451,,682,4,,,0
4029,'1479197',1421,,683,4,,,0
4029,'1479198',1551,,684,4,,,0
4029,'1479199',1651,,685,4,,,0
4029,'1479200',1621,,686,4,,,0
4029,'1479201',1751,,687,4,,,0
4029,'1479202',2221,,688,4,,,0
4029,'1479203',1821,,689,4,,,0
4029,'1479204',1851,,690,4,,,0
4029,'1479205',1951,,691,4,,,0
4029,'1479206',2021,,692,4,,,0
4029,'1479207',2051,,693,4,,,0
4029,'1479208',2151,,694,4,,,0
4029,'1479209',2251,,695,4,,,0
4029,'1479210',2321,,696,4,,,0
4029,'1479211',2121,,697,4,,,0
4029,'1479221',721,,707,4,,,0
4029,'1479222',921,,708,4,,,0
4029,'1479223',1121,,709,4,,,0
4029,'1479224',1321,,710,4,,,0
4029,'1479225',1521,,711,4,,,0
4029,'1479226',1721,,712,4,,,0
4029,'1479227',1921,,713,4,,,0
4029,'1482405',2121,,714,4,,,0
4029,'1482428',721,,737,4,,,0
4029,'1482429',821,,738,4,,,0
4029,'1482430',851,,739,4,,,0
4029,'1482431',921,,740,4,,,0
4029,'1482432',1021,,741,4,,,0
4029,'1482433',1051,,742,4,,,0
4029,'1482434',1121,,743,4,,,0
4029,'1482435',1221,,744,4,,,0
4029,'1482436',1251,,745,4,,,0
4029,'1482437',1321,,746,4,,,0
4029,'1482438',1421,,747,4,,,0
4029,'1482439',1451,,748,4,,,0
4029,'1482440',1521,,749,4,,,0
4029,'1482441',1621,,750,4,,,0
4029,'1482442',1651,,751,4,,,0
4029,'1482443',1721,,752,4,,,0
4029,'1482444',1821,,753,4,,,0
4029,'1482445',1851,,754,4,,,0
4029,'1482446',1921,,755,4,,,0
4029,'1482447',2021,,756,4,,,0
4029,'1482448',2051,,757,4,,,0
4029,'1482452',751,,761,4,,,0
4029,'1482453',951,,762,4,,,0
4029,'1482454',1151,,763,4,,,0
4029,'1482455',1351,,764,4,,,0
4029,'1482456',1551,,765,4,,,0
4029,'1482457',1751,,766,4,,,0
4029,'1482458',1951,,767,4,,,0
4029,'1482459',2151,,768,4,,,0
