7029,'1478755',734,,931,5,,,0
7029,'1478756',834,,932,5,,,0
7029,'1478757',1205,,933,5,,,0
7029,'1478758',804,,934,5,,,0
7029,'1478759',604,,935,5,,,0
7029,'1478761',1525,,937,5,,,0
7029,'1478762',1445,,938,5,,,0
7029,'1478763',1605,,939,5,,,0
7029,'1478764',1645,,940,5,,,0
7029,'1478765',1804,,941,5,,,0
7029,'1478766',1325,,942,5,,,0
7029,'1478767',1245,,943,5,,,0
7029,'1478768',1125,,944,5,,,0
7029,'1478769',934,,945,5,,,0
7029,'1478770',1045,,946,5,,,0
7029,'1478771',1005,,947,5,,,0
7029,'1478772',1904,,948,5,,,0
7029,'1478773',2004,,949,5,,,0
7029,'1478774',2104,,950,5,,,0
7029,'1478775',2204,,951,5,,,0
7029,'1478777',634,,953,5,,,0
7029,'1478780',704,,956,5,,,0
7029,'1478781',1405,,957,5,,,0
7029,'1478782',1725,,958,5,,,0
7029,'1478785',2304,,961,5,,,0
7029,'1478787',904,,963,5,,,0
7029,'1478788',1834,,964,5,,,0
7029,'1479019',634,,966,5,,,0
7029,'1479020',734,,967,5,,,0
7029,'1479021',834,,968,5,,,0
7029,'1479022',904,,969,5,,,0
7029,'1479023',934,,970,5,,,0
7029,'1479024',1005,,971,5,,,0
7029,'1479025',1125,,972,5,,,0
7029,'1479026',1205,,973,5,,,0
7029,'1479027',1245,,974,5,,,0
7029,'1479028',1325,,975,5,,,0
7029,'1479029',1445,,976,5,,,0
7029,'1479030',1525,,977,5,,,0
7029,'1479031',1605,,978,5,,,0
7029,'1479032',1645,,979,5,,,0
7029,'1479033',1804,,980,5,,,0
7029,'1479034',1834,,981,5,,,0
7029,'1479035',1934,,982,5,,,0
7029,'1479036',2034,,983,5,,,0
7029,'1479037',2134,,984,5,,,0
7029,'1479038',2234,,985,5,,,0
7029,'1479060',1045,,1007,5,,,0
7029,'1479061',1405,,1008,5,,,0
7029,'1479062',1725,,1009,5,,,0
7029,'1482522',704,,1012,5,,,0
7029,'1482523',804,,1013,5,,,0
7029,'1482524',904,,1014,5,,,0
7029,'1482525',1205,,1015,5,,,0
7029,'1482526',1245,,1016,5,,,0
7029,'1482527',1325,,1017,5,,,0
7029,'1482528',1405,,1018,5,,,0
7029,'1482529',1445,,1019,5,,,0
7029,'1482530',1525,,1020,5,,,0
7029,'1482531',1605,,1021,5,,,0
7029,'1482532',1725,,1022,5,,,0
7029,'1482533',1804,,1023,5,,,0
7029,'1482534',1834,,1024,5,,,0
7029,'1482535',1934,,1025,5,,,0
7029,'1482536',2134,,1026,5,,,0
7029,'1482552',1004,,1042,5,,,0
7029,'1482555',2034,,1045,5,,,0
7029,'1482557',1104,,1047,5,,,0
7029,'1482559',1645,,1049,5,,,0
