3019,'1478955',613,,382,8,4,,0
3019,'1478956',743,,383,8,4,,0
3019,'1478957',843,,384,8,4,,0
3019,'1478958',913,,385,8,4,,0
3019,'1478959',813,,386,8,4,,0
3019,'1478960',1013,,387,8,4,,0
3019,'1478961',943,,388,8,4,,0
3019,'1478962',1043,,389,8,4,,0
3019,'1478963',1513,,390,8,4,,0
3019,'1478964',1243,,391,8,4,,0
3019,'1478965',1313,,392,8,4,,0
3019,'1478966',1143,,393,8,4,,0
3019,'1478967',1343,,394,8,4,,0
3019,'1478968',1413,,395,8,4,,0
3019,'1478969',1443,,396,8,4,,0
3019,'1478970',1213,,397,8,4,,0
3019,'1478971',1113,,398,8,4,,0
3019,'1478972',1643,,399,8,4,,0
3019,'1478973',1543,,400,8,4,,0
3019,'1478974',1613,,401,8,4,,0
3019,'1478975',1743,,402,8,4,,0
3019,'1478976',1813,,403,8,4,,0
3019,'1478977',1843,,404,8,4,,0
3019,'1478978',1713,,405,8,4,,0
3019,'1478979',1913,,406,8,4,,0
3019,'1478980',1943,,407,8,4,,0
3019,'1478981',2013,,408,8,4,,0
3019,'1478982',2043,,409,8,4,,0
3019,'1478983',2143,,410,8,4,,0
3019,'1478984',2213,,411,8,4,,0
3019,'1478985',713,,412,8,4,,0
3019,'1478986',2313,,413,8,4,,0
3019,'1478987',643,,414,8,4,,0
3019,'1479228',612,,417,8,4,,0
3019,'1479229',712,,418,8,4,,0
3019,'1479230',814,,419,8,4,,0
3019,'1479231',844,,420,8,4,,0
3019,'1479232',944,,421,8,4,,0
3019,'1479233',1014,,422,8,4,,0
3019,'1479234',1044,,423,8,4,,0
3019,'1479235',1144,,424,8,4,,0
3019,'1479236',1214,,425,8,4,,0
3019,'1479237',1244,,426,8,4,,0
3019,'1479238',1344,,427,8,4,,0
3019,'1479239',1414,,428,8,4,,0
3019,'1479240',1444,,429,8,4,,0
3019,'1479241',1544,,430,8,4,,0
3019,'1479242',1614,,431,8,4,,0
3019,'1479243',1644,,432,8,4,,0
3019,'1479244',1744,,433,8,4,,0
3019,'1479245',1814,,434,8,4,,0
3019,'1479264',1944,,453,8,4,,0
3019,'1479265',2014,,454,8,4,,0
3019,'1479266',2142,,455,8,4,,0
3019,'1479271',2044,,460,8,4,,0
3019,'1479272',2242,,461,8,4,,0
3019,'1479275',1844,,464,8,4,,0
3019,'1479278',914,,467,8,4,,0
3019,'1479279',1114,,468,8,4,,0
3019,'1479280',1314,,469,8,4,,0
3019,'1479281',1514,,470,8,4,,0
3019,'1479282',1714,,471,8,4,,0
3019,'1479283',1914,,472,8,4,,0
3019,'1482351',743,,477,8,4,,0
3019,'1482352',813,,478,8,4,,0
3019,'1482353',843,,479,8,4,,0
3019,'1482354',943,,480,8,4,,0
3019,'1482355',1013,,481,8,4,,0
3019,'1482356',1043,,482,8,4,,0
3019,'1482357',1143,,483,8,4,,0
3019,'1482358',1213,,484,8,4,,0
3019,'1482359',1243,,485,8,4,,0
3019,'1482360',1343,,486,8,4,,0
3019,'1482361',1413,,487,8,4,,0
3019,'1482362',1443,,488,8,4,,0
3019,'1482363',1543,,489,8,4,,0
3019,'1482364',1613,,490,8,4,,0
3019,'1482365',1643,,491,8,4,,0
3019,'1482366',1743,,492,8,4,,0
3019,'1482367',1813,,493,8,4,,0
3019,'1482368',1913,,494,8,4,,0
3019,'1482369',2013,,495,8,4,,0
3019,'1482370',2113,,496,8,4,,0
3019,'1482392',2213,,518,8,4,,0
3019,'1482397',913,,523,8,4,,0
3019,'1482398',1113,,524,8,4,,0
3019,'1482399',1313,,525,8,4,,0
3019,'1482400',1513,,526,8,4,,0
3019,'1482401',1713,,527,8,4,,0
3019,'1482402',1843,,528,8,4,,0
3029,'1478924',615,,351,1,,,0
3029,'1478925',715,,352,1,,,0
3029,'1478926',745,,353,1,,,0
3029,'1478927',815,,354,1,,,0
3029,'1478928',845,,355,1,,,0
3029,'1478929',915,,356,1,,,0
3029,'1478930',945,,357,1,,,0
3029,'1478931',1015,,358,1,,,0
3029,'1478932',1045,,359,1,,,0
3029,'1478933',1115,,360,1,,,0
3029,'1478934',1145,,361,1,,,0
3029,'1478935',1215,,362,1,,,0
3029,'1478936',1245,,363,1,,,0
3029,'1478937',1315,,364,1,,,0
3029,'1478938',1345,,365,1,,,0
3029,'1478939',1415,,366,1,,,0
3029,'1478940',1445,,367,1,,,0
3029,'1478941',1515,,368,1,,,0
3029,'1478942',1545,,369,1,,,0
3029,'1478943',1615,,370,1,,,0
3029,'1478944',1645,,371,1,,,0
3029,'1478945',1715,,372,1,,,0
3029,'1478946',1745,,373,1,,,0
3029,'1478947',1815,,374,1,,,0
3029,'1478948',1845,,375,1,,,0
3029,'1478949',1915,,376,1,,,0
3029,'1478950',1945,,377,1,,,0
3029,'1478951',2015,,378,1,,,0
3029,'1478952',2145,,379,1,,,0
3029,'1478953',2045,,380,1,,,0
3029,'1478954',2215,,381,1,,,0
3029,'1478988',645,,415,1,,,0
3029,'1478989',2315,,416,1,,,0
3029,'1479246',2045,,435,1,,,0
3029,'1479247',615,,436,1,,,0
3029,'1479248',715,,437,1,,,0
3029,'1479249',815,,438,1,,,0
3029,'1479250',845,,439,1,,,0
3029,'1479251',945,,440,1,,,0
3029,'1479252',1015,,441,1,,,0
3029,'1479253',1145,,442,1,,,0
3029,'1479254',1045,,443,1,,,0
3029,'1479255',1215,,444,1,,,0
3029,'1479256',1245,,445,1,,,0
3029,'1479257',1345,,446,1,,,0
3029,'1479258',1415,,447,1,,,0
3029,'1479259',1445,,448,1,,,0
3029,'1479260',1615,,449,1,,,0
3029,'1479261',1645,,450,1,,,0
3029,'1479262',1745,,451,1,,,0
3029,'1479263',1815,,452,1,,,0
3029,'1479267',1845,,456,1,,,0
3029,'1479268',1945,,457,1,,,0
3029,'1479269',2015,,458,1,,,0
3029,'1479270',2145,,459,1,,,0
3029,'1479273',2245,,462,1,,,0
3029,'1479274',1545,,463,1,,,0
3029,'1479276',1715,,465,1,,,0
3029,'1479277',1915,,466,1,,,0
3029,'1479284',915,,473,1,,,0
3029,'1479285',1115,,474,1,,,0
3029,'1479286',1315,,475,1,,,0
3029,'1479287',1515,,476,1,,,0
3029,'1482371',1915,,497,1,,,0
3029,'1482372',1245,,498,1,,,0
3029,'1482373',945,,499,1,,,0
3029,'1482374',815,,500,1,,,0
3029,'1482375',1145,,501,1,,,0
3029,'1482376',1015,,502,1,,,0
3029,'1482377',1645,,503,1,,,0
3029,'1482378',1745,,504,1,,,0
3029,'1482379',845,,505,1,,,0
3029,'1482380',1045,,506,1,,,0
3029,'1482381',1215,,507,1,,,0
3029,'1482382',745,,508,1,,,0
3029,'1482383',1415,,509,1,,,0
3029,'1482384',1345,,510,1,,,0
3029,'1482385',1445,,511,1,,,0
3029,'1482386',1615,,512,1,,,0
3029,'1482387',1545,,513,1,,,0
3029,'1482388',2015,,514,1,,,0
3029,'1482389',2115,,515,1,,,0
3029,'1482390',1815,,516,1,,,0
3029,'1482391',2215,,517,1,,,0
3029,'1482393',1845,,519,1,,,0
3029,'1482394',1715,,520,1,,,0
3029,'1482395',1315,,521,1,,,0
3029,'1482396',1515,,522,1,,,0
3029,'1482403',915,,529,1,,,0
3029,'1482404',1115,,530,1,,,0
140000019,'1478707',2412,,1275,47,4,,0
140000019,'1478990',2412,,1276,47,4,,0
140000019,'1482582',2312,,1277,47,4,,0
