6029,'1478790',620,,775,25,,,0
6029,'1478791',720,,776,25,,,0
6029,'1478792',750,,777,25,,,0
6029,'1478793',820,,778,25,,,0
6029,'1478794',850,,779,25,,,0
6029,'1478795',920,,780,25,,,0
6029,'1478796',950,,781,25,,,0
6029,'1478797',1020,,782,25,,,0
6029,'1478798',1050,,783,25,,,0
6029,'1478799',1120,,784,25,,,0
6029,'1478800',1150,,785,25,,,0
6029,'1478801',1220,,786,25,,,0
6029,'1478802',1250,,787,25,,,0
6029,'1478803',1320,,788,25,,,0
6029,'1478804',1350,,789,25,,,0
6029,'1478805',1420,,790,25,,,0
6029,'1478806',1450,,791,25,,,0
6029,'1478807',1520,,792,25,,,0
6029,'1478808',1550,,793,25,,,0
6029,'1478809',1620,,794,25,,,0
6029,'1478810',1650,,795,25,,,0
6029,'1478811',1720,,796,25,,,0
6029,'1478812',1750,,797,25,,,0
6029,'1478813',1820,,798,25,,,0
6029,'1478814',1850,,799,25,,,0
6029,'1478815',1920,,800,25,,,0
6029,'1478816',1950,,801,25,,,0
6029,'1478817',2020,,802,25,,,0
6029,'1478818',2050,,803,25,,,0
6029,'1478819',2150,,804,25,,,0
6029,'1478820',2250,,805,25,,,0
6029,'1478854',550,,839,25,,,0
6029,'1478856',650,,841,25,,,0
6029,'1479084',650,,861,25,,,0
6029,'1479085',720,,862,25,,,0
6029,'1479086',750,,863,25,,,0
6029,'1479087',850,,864,25,,,0
6029,'1479088',950,,865,25,,,0
6029,'1479089',1050,,866,25,,,0
6029,'1479090',1150,,867,25,,,0
6029,'1479091',1250,,868,25,,,0
6029,'1479092',1350,,869,25,,,0
6029,'1479093',1450,,870,25,,,0
6029,'1479094',1550,,871,25,,,0
6029,'1479095',1650,,872,25,,,0
6029,'1479096',1750,,873,25,,,0
6029,'1479097',1850,,874,25,,,0
6029,'1479098',1950,,875,25,,,0
6029,'1479099',2050,,876,25,,,0
6029,'1479100',2150,,877,25,,,0
6029,'1479101',2250,,878,25,,,0
6029,'1479102',620,,879,25,,,0
6029,'1479104',820,,881,25,,,0
6029,'1482507',750,,898,25,,,0
6029,'1482508',850,,899,25,,,0
6029,'1482509',950,,900,25,,,0
6029,'1482510',1150,,901,25,,,0
6029,'1482511',1050,,902,25,,,0
6029,'1482512',1350,,903,25,,,0
6029,'1482513',1250,,904,25,,,0
6029,'1482514',1450,,905,25,,,0
6029,'1482515',1550,,906,25,,,0
6029,'1482516',1650,,907,25,,,0
6029,'1482517',1750,,908,25,,,0
6029,'1482518',1850,,909,25,,,0
6029,'1482519',1950,,910,25,,,0
6029,'1482520',2050,,911,25,,,0
6029,'1482521',2150,,912,25,,,0
140000019,'1478707',2349,,1275,25,,,0
140000019,'1478990',2349,,1276,25,,,0
140000019,'1482582',2249,,1277,25,,,0
