20005019,'1478857',650,,1207,20,,,0
20005019,'1478858',720,,1208,20,,,0
20005019,'1478859',750,,1209,20,,,0
20005019,'1478860',820,,1210,20,,,0
20005019,'1478861',850,,1211,20,,,0
20005019,'1478862',920,,1212,20,,,0
20005019,'1478863',950,,1213,20,,,0
20005019,'1478864',1020,,1214,20,,,0
20005019,'1478865',1050,,1215,20,,,0
20005019,'1478866',1120,,1216,20,,,0
20005019,'1478867',1150,,1217,20,,,0
20005019,'1478868',1220,,1218,20,,,0
20005019,'1478869',1250,,1219,20,,,0
20005019,'1478870',1320,,1220,20,,,0
20005019,'1478871',1350,,1221,20,,,0
20005019,'1478872',1420,,1222,20,,,0
20005019,'1478873',1450,,1223,20,,,0
20005019,'1478874',1520,,1224,20,,,0
20005019,'1478875',1550,,1225,20,,,0
20005019,'1478876',1620,,1226,20,,,0
20005019,'1478877',1650,,1227,20,,,0
20005019,'1478878',1720,,1228,20,,,0
20005019,'1478879',1750,,1229,20,,,0
20005019,'1478880',1820,,1230,20,,,0
20005019,'1478881',1850,,1231,20,,,0
20005019,'1478882',1920,,1232,20,,,0
20005019,'1478883',1950,,1233,20,,,0
20005019,'1478884',2020,,1234,20,,,0
20005019,'1478885',2150,,1235,20,,,0
20005019,'1478886',2250,,1236,20,,,0
20005019,'1478887',2050,,1237,20,,,0
20005019,'1478888',520,,1238,20,,,0
20005019,'1478889',550,,1239,20,,,0
20005019,'1478890',620,,1240,20,,,0
20005019,'1479105',820,,1241,20,,,0
20005019,'1479106',850,,1242,20,,,0
20005019,'1479107',920,,1243,20,,,0
20005019,'1479108',950,,1244,20,,,0
20005019,'1479109',1020,,1245,20,,,0
20005019,'1479110',1050,,1246,20,,,0
20005019,'1479111',1120,,1247,20,,,0
20005019,'1479112',1150,,1248,20,,,0
20005019,'1479113',1220,,1249,20,,,0
20005019,'1479114',1250,,1250,20,,,0
20005019,'1479115',1320,,1251,20,,,0
20005019,'1479116',1350,,1252,20,,,0
20005019,'1479117',1420,,1253,20,,,0
20005019,'1479118',1450,,1254,20,,,0
20005019,'1479119',1520,,1255,20,,,0
20005019,'1479120',1550,,1256,20,,,0
20005019,'1479121',1620,,1257,20,,,0
20005019,'1479122',1650,,1258,20,,,0
20005019,'1479123',1720,,1259,20,,,0
20005019,'1479124',1750,,1260,20,,,0
20005019,'1479125',1820,,1261,20,,,0
20005019,'1479126',1850,,1262,20,,,0
20005019,'1479127',1920,,1263,20,,,0
20005019,'1479128',2020,,1264,20,,,0
20005019,'1482481',850,,1265,20,,,0
20005019,'1482482',950,,1266,20,,,0
20005019,'1482483',1050,,1267,20,,,0
20005019,'1482484',1150,,1268,20,,,0
20005019,'1482485',1250,,1269,20,,,0
20005019,'1482486',1350,,1270,20,,,0
20005019,'1482487',1450,,1271,20,,,0
20005019,'1482488',1550,,1272,20,,,0
20005019,'1482489',1650,,1273,20,,,0
20005019,'1482490',1750,,1274,20,,,0
