7029,'1478755',733,,931,4,,,0
7029,'1478756',833,,932,4,,,0
7029,'1478757',1204,,933,4,,,0
7029,'1478758',803,,934,4,,,0
7029,'1478759',603,,935,4,,,0
7029,'1478761',1524,,937,4,,,0
7029,'1478762',1444,,938,4,,,0
7029,'1478763',1604,,939,4,,,0
7029,'1478764',1644,,940,4,,,0
7029,'1478765',1803,,941,4,,,0
7029,'1478766',1324,,942,4,,,0
7029,'1478767',1244,,943,4,,,0
7029,'1478768',1124,,944,4,,,0
7029,'1478769',933,,945,4,,,0
7029,'1478770',1044,,946,4,,,0
7029,'1478771',1004,,947,4,,,0
7029,'1478772',1903,,948,4,,,0
7029,'1478773',2003,,949,4,,,0
7029,'1478774',2103,,950,4,,,0
7029,'1478775',2203,,951,4,,,0
7029,'1478777',633,,953,4,,,0
7029,'1478780',703,,956,4,,,0
7029,'1478781',1404,,957,4,,,0
7029,'1478782',1724,,958,4,,,0
7029,'1478785',2303,,961,4,,,0
7029,'1478787',903,,963,4,,,0
7029,'1478788',1833,,964,4,,,0
7029,'1479019',633,,966,4,,,0
7029,'1479020',733,,967,4,,,0
7029,'1479021',833,,968,4,,,0
7029,'1479022',903,,969,4,,,0
7029,'1479023',933,,970,4,,,0
7029,'1479024',1004,,971,4,,,0
7029,'1479025',1124,,972,4,,,0
7029,'1479026',1204,,973,4,,,0
7029,'1479027',1244,,974,4,,,0
7029,'1479028',1324,,975,4,,,0
7029,'1479029',1444,,976,4,,,0
7029,'1479030',1524,,977,4,,,0
7029,'1479031',1604,,978,4,,,0
7029,'1479032',1644,,979,4,,,0
7029,'1479033',1803,,980,4,,,0
7029,'1479034',1833,,981,4,,,0
7029,'1479035',1933,,982,4,,,0
7029,'1479036',2033,,983,4,,,0
7029,'1479037',2133,,984,4,,,0
7029,'1479038',2233,,985,4,,,0
7029,'1479060',1044,,1007,4,,,0
7029,'1479061',1404,,1008,4,,,0
7029,'1479062',1724,,1009,4,,,0
7029,'1482522',703,,1012,4,,,0
7029,'1482523',803,,1013,4,,,0
7029,'1482524',903,,1014,4,,,0
7029,'1482525',1204,,1015,4,,,0
7029,'1482526',1244,,1016,4,,,0
7029,'1482527',1324,,1017,4,,,0
7029,'1482528',1404,,1018,4,,,0
7029,'1482529',1444,,1019,4,,,0
7029,'1482530',1524,,1020,4,,,0
7029,'1482531',1604,,1021,4,,,0
7029,'1482532',1724,,1022,4,,,0
7029,'1482533',1803,,1023,4,,,0
7029,'1482534',1833,,1024,4,,,0
7029,'1482535',1933,,1025,4,,,0
7029,'1482536',2133,,1026,4,,,0
7029,'1482552',1003,,1042,4,,,0
7029,'1482555',2033,,1045,4,,,0
7029,'1482557',1103,,1047,4,,,0
7029,'1482559',1644,,1049,4,,,0
