3029,'1478924',625,,351,9,,,0
3029,'1478925',725,,352,9,,,0
3029,'1478926',755,,353,9,,,0
3029,'1478927',825,,354,9,,,0
3029,'1478928',855,,355,9,,,0
3029,'1478929',925,,356,9,,,0
3029,'1478930',955,,357,9,,,0
3029,'1478931',1025,,358,9,,,0
3029,'1478932',1055,,359,9,,,0
3029,'1478933',1125,,360,9,,,0
3029,'1478934',1155,,361,9,,,0
3029,'1478935',1225,,362,9,,,0
3029,'1478936',1255,,363,9,,,0
3029,'1478937',1325,,364,9,,,0
3029,'1478938',1355,,365,9,,,0
3029,'1478939',1425,,366,9,,,0
3029,'1478940',1455,,367,9,,,0
3029,'1478941',1525,,368,9,,,0
3029,'1478942',1555,,369,9,,,0
3029,'1478943',1625,,370,9,,,0
3029,'1478944',1655,,371,9,,,0
3029,'1478945',1725,,372,9,,,0
3029,'1478946',1755,,373,9,,,0
3029,'1478947',1825,,374,9,,,0
3029,'1478948',1855,,375,9,,,0
3029,'1478949',1925,,376,9,,,0
3029,'1478950',1955,,377,9,,,0
3029,'1478951',2025,,378,9,,,0
3029,'1478952',2155,,379,9,,,0
3029,'1478953',2055,,380,9,,,0
3029,'1478954',2225,,381,9,,,0
3029,'1478988',655,,415,9,,,0
3029,'1478989',2325,,416,9,,,0
3029,'1479246',2057,,435,9,,,0
3029,'1479247',625,,436,9,,,0
3029,'1479248',725,,437,9,,,0
3029,'1479249',827,,438,9,,,0
3029,'1479250',857,,439,9,,,0
3029,'1479251',957,,440,9,,,0
3029,'1479252',1027,,441,9,,,0
3029,'1479253',1157,,442,9,,,0
3029,'1479254',1057,,443,9,,,0
3029,'1479255',1227,,444,9,,,0
3029,'1479256',1257,,445,9,,,0
3029,'1479257',1357,,446,9,,,0
3029,'1479258',1427,,447,9,,,0
3029,'1479259',1457,,448,9,,,0
3029,'1479260',1627,,449,9,,,0
3029,'1479261',1657,,450,9,,,0
3029,'1479262',1757,,451,9,,,0
3029,'1479263',1827,,452,9,,,0
3029,'1479267',1857,,456,9,,,0
3029,'1479268',1957,,457,9,,,0
3029,'1479269',2027,,458,9,,,0
3029,'1479270',2155,,459,9,,,0
3029,'1479273',2255,,462,9,,,0
3029,'1479274',1557,,463,9,,,0
3029,'1479276',1727,,465,9,,,0
3029,'1479277',1927,,466,9,,,0
3029,'1479284',927,,473,9,,,0
3029,'1479285',1127,,474,9,,,0
3029,'1479286',1327,,475,9,,,0
3029,'1479287',1527,,476,9,,,0
3029,'1482371',1925,,497,9,,,0
3029,'1482372',1255,,498,9,,,0
3029,'1482373',955,,499,9,,,0
3029,'1482374',825,,500,9,,,0
3029,'1482375',1155,,501,9,,,0
3029,'1482376',1025,,502,9,,,0
3029,'1482377',1655,,503,9,,,0
3029,'1482378',1755,,504,9,,,0
3029,'1482379',855,,505,9,,,0
3029,'1482380',1055,,506,9,,,0
3029,'1482381',1225,,507,9,,,0
3029,'1482382',755,,508,9,,,0
3029,'1482383',1425,,509,9,,,0
3029,'1482384',1355,,510,9,,,0
3029,'1482385',1455,,511,9,,,0
3029,'1482386',1625,,512,9,,,0
3029,'1482387',1555,,513,9,,,0
3029,'1482388',2025,,514,9,,,0
3029,'1482389',2125,,515,9,,,0
3029,'1482390',1825,,516,9,,,0
3029,'1482391',2225,,517,9,,,0
3029,'1482393',1855,,519,9,,,0
3029,'1482394',1725,,520,9,,,0
3029,'1482395',1325,,521,9,,,0
3029,'1482396',1525,,522,9,,,0
3029,'1482403',925,,529,9,,,0
3029,'1482404',1125,,530,9,,,0
