4029,'1478434',624,,531,8,,,0
4029,'1478435',654,,532,8,,,0
4029,'1478436',739,,533,8,,,0
4029,'1478437',854,,534,8,,,0
4029,'1478438',939,,535,8,,,0
4029,'1478439',1024,,536,8,,,0
4029,'1478440',1039,,537,8,,,0
4029,'1478441',1139,,538,8,,,0
4029,'1478442',1224,,539,8,,,0
4029,'1478443',1239,,540,8,,,0
4029,'1478444',1339,,541,8,,,0
4029,'1478445',1424,,542,8,,,0
4029,'1478446',1439,,543,8,,,0
4029,'1478447',1539,,544,8,,,0
4029,'1478448',1624,,545,8,,,0
4029,'1478449',1639,,546,8,,,0
4029,'1478450',1739,,547,8,,,0
4029,'1478451',1824,,548,8,,,0
4029,'1478452',1954,,549,8,,,0
4029,'1478453',2024,,550,8,,,0
4029,'1478454',2054,,551,8,,,0
4029,'1478455',2154,,552,8,,,0
4029,'1478456',2224,,553,8,,,0
4029,'1478481',2254,,578,8,,,0
4029,'1478482',1854,,579,8,,,0
4029,'1478484',1309,,581,8,,,0
4029,'1478485',1154,,582,8,,,0
4029,'1478486',1254,,583,8,,,0
4029,'1478490',709,,587,8,,,0
4029,'1478492',954,,589,8,,,0
4029,'1478493',909,,590,8,,,0
4029,'1478494',839,,591,8,,,0
4029,'1478499',1054,,596,8,,,0
4029,'1478500',1109,,597,8,,,0
4029,'1478501',1354,,598,8,,,0
4029,'1478502',1454,,599,8,,,0
4029,'1478503',1654,,600,8,,,0
4029,'1478504',1709,,601,8,,,0
4029,'1478505',1554,,602,8,,,0
4029,'1478506',1509,,603,8,,,0
4029,'1478519',724,,616,8,,,0
4029,'1478520',924,,617,8,,,0
4029,'1478521',1124,,618,8,,,0
4029,'1478522',1324,,619,8,,,0
4029,'1478523',1524,,620,8,,,0
4029,'1478524',1724,,621,8,,,0
4029,'1478525',1924,,622,8,,,0
4029,'1478526',2124,,623,8,,,0
4029,'1478527',2324,,624,8,,,0
4029,'1478534',809,,631,8,,,0
4029,'1478535',1009,,632,8,,,0
4029,'1478536',1209,,633,8,,,0
4029,'1478537',1409,,634,8,,,0
4029,'1478538',1609,,635,8,,,0
4029,'1478539',1754,,636,8,,,0
4029,'1478543',824,,640,8,,,0
4029,'1478546',754,,643,8,,,0
4029,'1479184',624,,670,8,,,0
4029,'1479185',654,,671,8,,,0
4029,'1479186',824,,672,8,,,0
4029,'1479187',754,,673,8,,,0
4029,'1479188',854,,674,8,,,0
4029,'1479189',954,,675,8,,,0
4029,'1479190',1024,,676,8,,,0
4029,'1479191',1154,,677,8,,,0
4029,'1479192',1054,,678,8,,,0
4029,'1479193',1254,,679,8,,,0
4029,'1479194',1224,,680,8,,,0
4029,'1479195',1354,,681,8,,,0
4029,'1479196',1454,,682,8,,,0
4029,'1479197',1424,,683,8,,,0
4029,'1479198',1554,,684,8,,,0
4029,'1479199',1654,,685,8,,,0
4029,'1479200',1624,,686,8,,,0
4029,'1479201',1754,,687,8,,,0
4029,'1479202',2224,,688,8,,,0
4029,'1479203',1824,,689,8,,,0
4029,'1479204',1854,,690,8,,,0
4029,'1479205',1954,,691,8,,,0
4029,'1479206',2024,,692,8,,,0
4029,'1479207',2054,,693,8,,,0
4029,'1479208',2154,,694,8,,,0
4029,'1479209',2254,,695,8,,,0
4029,'1479210',2324,,696,8,,,0
4029,'1479211',2124,,697,8,,,0
4029,'1479221',724,,707,8,,,0
4029,'1479222',924,,708,8,,,0
4029,'1479223',1124,,709,8,,,0
4029,'1479224',1324,,710,8,,,0
4029,'1479225',1524,,711,8,,,0
4029,'1479226',1724,,712,8,,,0
4029,'1479227',1924,,713,8,,,0
4029,'1482405',2124,,714,8,,,0
4029,'1482428',724,,737,8,,,0
4029,'1482429',824,,738,8,,,0
4029,'1482430',854,,739,8,,,0
4029,'1482431',924,,740,8,,,0
4029,'1482432',1024,,741,8,,,0
4029,'1482433',1054,,742,8,,,0
4029,'1482434',1124,,743,8,,,0
4029,'1482435',1224,,744,8,,,0
4029,'1482436',1254,,745,8,,,0
4029,'1482437',1324,,746,8,,,0
4029,'1482438',1424,,747,8,,,0
4029,'1482439',1454,,748,8,,,0
4029,'1482440',1524,,749,8,,,0
4029,'1482441',1624,,750,8,,,0
4029,'1482442',1654,,751,8,,,0
4029,'1482443',1724,,752,8,,,0
4029,'1482444',1824,,753,8,,,0
4029,'1482445',1854,,754,8,,,0
4029,'1482446',1924,,755,8,,,0
4029,'1482447',2024,,756,8,,,0
4029,'1482448',2054,,757,8,,,0
4029,'1482452',754,,761,8,,,0
4029,'1482453',954,,762,8,,,0
4029,'1482454',1154,,763,8,,,0
4029,'1482455',1354,,764,8,,,0
4029,'1482456',1554,,765,8,,,0
4029,'1482457',1754,,766,8,,,0
4029,'1482458',1954,,767,8,,,0
4029,'1482459',2154,,768,8,,,0
