6029,'1478790',618,,775,22,,,0
6029,'1478791',718,,776,22,,,0
6029,'1478792',748,,777,22,,,0
6029,'1478793',818,,778,22,,,0
6029,'1478794',848,,779,22,,,0
6029,'1478795',918,,780,22,,,0
6029,'1478796',948,,781,22,,,0
6029,'1478797',1018,,782,22,,,0
6029,'1478798',1048,,783,22,,,0
6029,'1478799',1118,,784,22,,,0
6029,'1478800',1148,,785,22,,,0
6029,'1478801',1218,,786,22,,,0
6029,'1478802',1248,,787,22,,,0
6029,'1478803',1318,,788,22,,,0
6029,'1478804',1348,,789,22,,,0
6029,'1478805',1418,,790,22,,,0
6029,'1478806',1448,,791,22,,,0
6029,'1478807',1518,,792,22,,,0
6029,'1478808',1548,,793,22,,,0
6029,'1478809',1618,,794,22,,,0
6029,'1478810',1648,,795,22,,,0
6029,'1478811',1718,,796,22,,,0
6029,'1478812',1748,,797,22,,,0
6029,'1478813',1818,,798,22,,,0
6029,'1478814',1848,,799,22,,,0
6029,'1478815',1918,,800,22,,,0
6029,'1478816',1948,,801,22,,,0
6029,'1478817',2018,,802,22,,,0
6029,'1478818',2048,,803,22,,,0
6029,'1478819',2148,,804,22,,,0
6029,'1478820',2248,,805,22,,,0
6029,'1478854',548,,839,22,,,0
6029,'1478856',648,,841,22,,,0
6029,'1479084',648,,861,22,,,0
6029,'1479085',718,,862,22,,,0
6029,'1479086',748,,863,22,,,0
6029,'1479087',848,,864,22,,,0
6029,'1479088',948,,865,22,,,0
6029,'1479089',1048,,866,22,,,0
6029,'1479090',1148,,867,22,,,0
6029,'1479091',1248,,868,22,,,0
6029,'1479092',1348,,869,22,,,0
6029,'1479093',1448,,870,22,,,0
6029,'1479094',1548,,871,22,,,0
6029,'1479095',1648,,872,22,,,0
6029,'1479096',1748,,873,22,,,0
6029,'1479097',1848,,874,22,,,0
6029,'1479098',1948,,875,22,,,0
6029,'1479099',2048,,876,22,,,0
6029,'1479100',2148,,877,22,,,0
6029,'1479101',2248,,878,22,,,0
6029,'1479102',618,,879,22,,,0
6029,'1479104',818,,881,22,,,0
6029,'1482507',748,,898,22,,,0
6029,'1482508',848,,899,22,,,0
6029,'1482509',948,,900,22,,,0
6029,'1482510',1148,,901,22,,,0
6029,'1482511',1048,,902,22,,,0
6029,'1482512',1348,,903,22,,,0
6029,'1482513',1248,,904,22,,,0
6029,'1482514',1448,,905,22,,,0
6029,'1482515',1548,,906,22,,,0
6029,'1482516',1648,,907,22,,,0
6029,'1482517',1748,,908,22,,,0
6029,'1482518',1848,,909,22,,,0
6029,'1482519',1948,,910,22,,,0
6029,'1482520',2048,,911,22,,,0
6029,'1482521',2148,,912,22,,,0
140000019,'1478707',2347,,1275,22,,,0
140000019,'1478990',2347,,1276,22,,,0
140000019,'1482582',2247,,1277,22,,,0
