6019,'1478821',640,,806,16,,,0
6019,'1478822',740,,807,16,,,0
6019,'1478823',810,,808,16,,,0
6019,'1478824',840,,809,16,,,0
6019,'1478825',910,,810,16,,,0
6019,'1478826',940,,811,16,,,0
6019,'1478827',1010,,812,16,,,0
6019,'1478828',1040,,813,16,,,0
6019,'1478829',1110,,814,16,,,0
6019,'1478830',1140,,815,16,,,0
6019,'1478831',1210,,816,16,,,0
6019,'1478832',1240,,817,16,,,0
6019,'1478833',1310,,818,16,,,0
6019,'1478834',1340,,819,16,,,0
6019,'1478835',1410,,820,16,,,0
6019,'1478836',1440,,821,16,,,0
6019,'1478837',1510,,822,16,,,0
6019,'1478838',1540,,823,16,,,0
6019,'1478839',1610,,824,16,,,0
6019,'1478840',1640,,825,16,,,0
6019,'1478841',1710,,826,16,,,0
6019,'1478842',1740,,827,16,,,0
6019,'1478843',1810,,828,16,,,0
6019,'1478844',1840,,829,16,,,0
6019,'1478845',1910,,830,16,,,0
6019,'1478846',1940,,831,16,,,0
6019,'1478847',2010,,832,16,,,0
6019,'1478848',2040,,833,16,,,0
6019,'1478849',2110,,834,16,,,0
6019,'1478850',2210,,835,16,,,0
6019,'1478851',2310,,836,16,,,0
6019,'1478852',540,,837,16,,,0
6019,'1478853',710,,838,16,,,0
6019,'1478855',610,,840,16,,,0
6019,'1479065',610,,842,16,,,0
6019,'1479066',640,,843,16,,,0
6019,'1479067',710,,844,16,,,0
6019,'1479068',740,,845,16,,,0
6019,'1479069',810,,846,16,,,0
6019,'1479070',910,,847,16,,,0
6019,'1479071',1010,,848,16,,,0
6019,'1479072',1110,,849,16,,,0
6019,'1479073',1210,,850,16,,,0
6019,'1479074',1310,,851,16,,,0
6019,'1479075',1410,,852,16,,,0
6019,'1479076',1510,,853,16,,,0
6019,'1479077',1610,,854,16,,,0
6019,'1479078',1710,,855,16,,,0
6019,'1479079',1810,,856,16,,,0
6019,'1479080',1910,,857,16,,,0
6019,'1479081',2010,,858,16,,,0
6019,'1479082',2110,,859,16,,,0
6019,'1479083',2210,,860,16,,,0
6019,'1479103',2308,,880,16,,,0
6019,'1482491',710,,882,16,,,0
6019,'1482492',810,,883,16,,,0
6019,'1482493',910,,884,16,,,0
6019,'1482494',1010,,885,16,,,0
6019,'1482495',1110,,886,16,,,0
6019,'1482496',1210,,887,16,,,0
6019,'1482497',1310,,888,16,,,0
6019,'1482498',1410,,889,16,,,0
6019,'1482499',1510,,890,16,,,0
6019,'1482500',1610,,891,16,,,0
6019,'1482501',1710,,892,16,,,0
6019,'1482502',1810,,893,16,,,0
6019,'1482503',1910,,894,16,,,0
6019,'1482504',2010,,895,16,,,0
6019,'1482505',2110,,896,16,,,0
6019,'1482506',2208,,897,16,,,0
