1,1019,'1478675',32
1,1019,'1478676',33
1,1019,'1478677',34
1,1019,'1478678',35
1,1019,'1478679',36
1,1019,'1478680',37
1,1019,'1478681',38
1,1019,'1478682',39
1,1019,'1478683',40
1,1019,'1478684',41
1,1019,'1478685',42
1,1019,'1478686',43
1,1019,'1478687',44
1,1019,'1478688',45
1,1019,'1478689',46
1,1019,'1478690',47
1,1019,'1478691',48
1,1019,'1478692',49
1,1019,'1478693',50
1,1019,'1478694',51
1,1019,'1478695',52
1,1019,'1478696',53
1,1019,'1478697',54
1,1019,'1478698',55
1,1019,'1478699',56
1,1019,'1478700',57
1,1019,'1478701',58
1,1019,'1478702',59
1,1019,'1478703',60
1,1019,'1478704',61
1,1019,'1478705',62
1,1019,'1479338',66
1,1019,'1479339',67
1,1019,'1479346',74
1,1019,'1479347',75
1,1019,'1479348',76
1,1019,'1479349',77
1,1019,'1479350',78
1,1019,'1479351',79
1,1019,'1479352',80
1,1019,'1479360',88
1,1019,'1479366',94
1,1019,'1479367',95
1,1019,'1479368',96
1,1019,'1479369',97
1,1019,'1479370',98
1,1019,'1479371',99
1,1019,'1479372',100
1,1019,'1479373',101
1,1019,'1479374',102
1,1019,'1479375',103
1,1019,'1479376',104
1,1019,'1479383',111
1,1019,'1479384',112
1,1019,'1479385',113
1,1019,'1479386',114
1,1019,'1479387',115
1,1019,'1482261',116
1,1019,'1482262',117
1,1019,'1482263',118
1,1019,'1482264',119
1,1019,'1482265',120
1,1019,'1482266',121
1,1019,'1482267',122
1,1019,'1482268',123
1,1019,'1482269',124
1,1019,'1482270',125
1,1019,'1482271',126
1,1019,'1482272',127
1,1019,'1482273',128
1,1019,'1482274',129
1,1019,'1482275',130
1,1019,'1482276',131
1,1019,'1482277',132
1,1019,'1482278',133
1,1019,'1482279',134
1,1019,'1482280',135
1,1019,'1482281',136
1,1019,'1482282',137
1,1019,'1482283',138
1,1019,'1482284',139
1,1029,'1478644',1
1,1029,'1478645',2
1,1029,'1478646',3
1,1029,'1478647',4
1,1029,'1478648',5
1,1029,'1478649',6
1,1029,'1478650',7
1,1029,'1478651',8
1,1029,'1478652',9
1,1029,'1478653',10
1,1029,'1478654',11
1,1029,'1478655',12
1,1029,'1478656',13
1,1029,'1478657',14
1,1029,'1478658',15
1,1029,'1478659',16
1,1029,'1478660',17
1,1029,'1478661',18
1,1029,'1478662',19
1,1029,'1478663',20
1,1029,'1478664',21
1,1029,'1478665',22
1,1029,'1478666',23
1,1029,'1478667',24
1,1029,'1478668',25
1,1029,'1478669',26
1,1029,'1478670',27
1,1029,'1478671',28
1,1029,'1478672',29
1,1029,'1478673',30
1,1029,'1478674',31
1,1029,'1478706',63
1,1029,'1479336',64
1,1029,'1479337',65
1,1029,'1479340',68
1,1029,'1479341',69
1,1029,'1479342',70
1,1029,'1479343',71
1,1029,'1479344',72
1,1029,'1479345',73
1,1029,'1479353',81
1,1029,'1479354',82
1,1029,'1479355',83
1,1029,'1479356',84
1,1029,'1479357',85
1,1029,'1479358',86
1,1029,'1479359',87
1,1029,'1479361',89
1,1029,'1479362',90
1,1029,'1479363',91
1,1029,'1479364',92
1,1029,'1479365',93
1,1029,'1479377',105
1,1029,'1479378',106
1,1029,'1479379',107
1,1029,'1479380',108
1,1029,'1479381',109
1,1029,'1479382',110
1,1029,'1482285',140
1,1029,'1482286',141
1,1029,'1482287',142
1,1029,'1482288',143
1,1029,'1482289',144
1,1029,'1482290',145
1,1029,'1482291',146
1,1029,'1482292',147
1,1029,'1482293',148
1,1029,'1482294',149
1,1029,'1482295',150
1,1029,'1482296',151
1,1029,'1482297',152
1,1029,'1482298',153
1,1029,'1482299',154
1,1029,'1482300',155
1,1029,'1482301',156
1,1029,'1482302',157
1,1029,'1482303',158
1,1029,'1482304',159
1,1029,'1482305',160
1,1029,'1482306',161
1,1029,'1482307',162
1,1029,'1482308',163
2,2019,'1478569',186
2,2019,'1478570',187
2,2019,'1478571',188
2,2019,'1478572',189
2,2019,'1478573',190
2,2019,'1478574',191
2,2019,'1478575',192
2,2019,'1478576',193
2,2019,'1478577',194
2,2019,'1478578',195
2,2019,'1478579',196
2,2019,'1478580',197
2,2019,'1478581',198
2,2019,'1478582',199
2,2019,'1478583',200
2,2019,'1478584',201
2,2019,'1478585',202
2,2019,'1478586',203
2,2019,'1478587',204
2,2019,'1478588',205
2,2019,'1478589',206
2,2019,'1478590',207
2,2019,'1478591',208
2,2019,'1478592',209
2,2019,'1478596',213
2,2019,'1478597',214
2,2019,'1478599',216
2,2019,'1478623',240
2,2019,'1478624',241
2,2019,'1478625',242
2,2019,'1478626',243
2,2019,'1478627',244
2,2019,'1478628',245
2,2019,'1478629',246
2,2019,'1478630',247
2,2019,'1478631',248
2,2019,'1478632',249
2,2019,'1478633',250
2,2019,'1478634',251
2,2019,'1478635',252
2,2019,'1478636',253
2,2019,'1478637',254
2,2019,'1478638',255
2,2019,'1478639',256
2,2019,'1478640',257
2,2019,'1478641',258
2,2019,'1478642',259
2,2019,'1478643',260
2,2019,'1479288',261
2,2019,'1479289',262
2,2019,'1479292',265
2,2019,'1479293',266
2,2019,'1479294',267
2,2019,'1479295',268
2,2019,'1479296',269
2,2019,'1479297',270
2,2019,'1479298',271
2,2019,'1479306',279
2,2019,'1479307',280
2,2019,'1479308',281
2,2019,'1479309',282
2,2019,'1479310',283
2,2019,'1479311',284
2,2019,'1479312',285
2,2019,'1479313',286
2,2019,'1479314',287
2,2019,'1479323',296
2,2019,'1479326',299
2,2019,'1479327',300
2,2019,'1479331',304
2,2019,'1479334',307
2,2019,'1479335',308
2,2019,'1482309',309
2,2019,'1482310',310
2,2019,'1482311',311
2,2019,'1482312',312
2,2019,'1482313',313
2,2019,'1482314',314
2,2019,'1482315',315
2,2019,'1482316',316
2,2019,'1482317',317
2,2019,'1482318',318
2,2019,'1482319',319
2,2019,'1482320',320
2,2019,'1482321',321
2,2019,'1482322',322
2,2019,'1482323',323
2,2019,'1482324',324
2,2019,'1482325',325
2,2019,'1482326',326
2,2019,'1482327',327
2,2019,'1482328',328
2,2019,'1482349',349
2,2029,'1478547',164
2,2029,'1478548',165
2,2029,'1478549',166
2,2029,'1478550',167
2,2029,'1478551',168
2,2029,'1478552',169
2,2029,'1478553',170
2,2029,'1478554',171
2,2029,'1478555',172
2,2029,'1478556',173
2,2029,'1478557',174
2,2029,'1478558',175
2,2029,'1478559',176
2,2029,'1478560',177
2,2029,'1478561',178
2,2029,'1478562',179
2,2029,'1478563',180
2,2029,'1478564',181
2,2029,'1478565',182
2,2029,'1478566',183
2,2029,'1478567',184
2,2029,'1478568',185
2,2029,'1478593',210
2,2029,'1478594',211
2,2029,'1478595',212
2,2029,'1478598',215
2,2029,'1478600',217
2,2029,'1478601',218
2,2029,'1478602',219
2,2029,'1478603',220
2,2029,'1478604',221
2,2029,'1478605',222
2,2029,'1478606',223
2,2029,'1478607',224
2,2029,'1478608',225
2,2029,'1478609',226
2,2029,'1478610',227
2,2029,'1478611',228
2,2029,'1478612',229
2,2029,'1478613',230
2,2029,'1478614',231
2,2029,'1478615',232
2,2029,'1478616',233
2,2029,'1478617',234
2,2029,'1478618',235
2,2029,'1478619',236
2,2029,'1478620',237
2,2029,'1478621',238
2,2029,'1478622',239
2,2029,'1479290',263
2,2029,'1479291',264
2,2029,'1479299',272
2,2029,'1479300',273
2,2029,'1479301',274
2,2029,'1479302',275
2,2029,'1479303',276
2,2029,'1479304',277
2,2029,'1479305',278
2,2029,'1479315',288
2,2029,'1479316',289
2,2029,'1479317',290
2,2029,'1479318',291
2,2029,'1479319',292
2,2029,'1479320',293
2,2029,'1479321',294
2,2029,'1479322',295
2,2029,'1479324',297
2,2029,'1479325',298
2,2029,'1479328',301
2,2029,'1479329',302
2,2029,'1479330',303
2,2029,'1479332',305
2,2029,'1479333',306
2,2029,'1482329',329
2,2029,'1482330',330
2,2029,'1482331',331
2,2029,'1482332',332
2,2029,'1482333',333
2,2029,'1482334',334
2,2029,'1482335',335
2,2029,'1482336',336
2,2029,'1482337',337
2,2029,'1482338',338
2,2029,'1482339',339
2,2029,'1482340',340
2,2029,'1482341',341
2,2029,'1482342',342
2,2029,'1482343',343
2,2029,'1482344',344
2,2029,'1482345',345
2,2029,'1482346',346
2,2029,'1482347',347
2,2029,'1482348',348
2,2029,'1482350',350
3,3019,'1478955',382
3,3019,'1478956',383
3,3019,'1478957',384
3,3019,'1478958',385
3,3019,'1478959',386
3,3019,'1478960',387
3,3019,'1478961',388
3,3019,'1478962',389
3,3019,'1478963',390
3,3019,'1478964',391
3,3019,'1478965',392
3,3019,'1478966',393
3,3019,'1478967',394
3,3019,'1478968',395
3,3019,'1478969',396
3,3019,'1478970',397
3,3019,'1478971',398
3,3019,'1478972',399
3,3019,'1478973',400
3,3019,'1478974',401
3,3019,'1478975',402
3,3019,'1478976',403
3,3019,'1478977',404
3,3019,'1478978',405
3,3019,'1478979',406
3,3019,'1478980',407
3,3019,'1478981',408
3,3019,'1478982',409
3,3019,'1478983',410
3,3019,'1478984',411
3,3019,'1478985',412
3,3019,'1478986',413
3,3019,'1478987',414
3,3019,'1479228',417
3,3019,'1479229',418
3,3019,'1479230',419
3,3019,'1479231',420
3,3019,'1479232',421
3,3019,'1479233',422
3,3019,'1479234',423
3,3019,'1479235',424
3,3019,'1479236',425
3,3019,'1479237',426
3,3019,'1479238',427
3,3019,'1479239',428
3,3019,'1479240',429
3,3019,'1479241',430
3,3019,'1479242',431
3,3019,'1479243',432
3,3019,'1479244',433
3,3019,'1479245',434
3,3019,'1479264',453
3,3019,'1479265',454
3,3019,'1479266',455
3,3019,'1479271',460
3,3019,'1479272',461
3,3019,'1479275',464
3,3019,'1479278',467
3,3019,'1479279',468
3,3019,'1479280',469
3,3019,'1479281',470
3,3019,'1479282',471
3,3019,'1479283',472
3,3019,'1482351',477
3,3019,'1482352',478
3,3019,'1482353',479
3,3019,'1482354',480
3,3019,'1482355',481
3,3019,'1482356',482
3,3019,'1482357',483
3,3019,'1482358',484
3,3019,'1482359',485
3,3019,'1482360',486
3,3019,'1482361',487
3,3019,'1482362',488
3,3019,'1482363',489
3,3019,'1482364',490
3,3019,'1482365',491
3,3019,'1482366',492
3,3019,'1482367',493
3,3019,'1482368',494
3,3019,'1482369',495
3,3019,'1482370',496
3,3019,'1482392',518
3,3019,'1482397',523
3,3019,'1482398',524
3,3019,'1482399',525
3,3019,'1482400',526
3,3019,'1482401',527
3,3019,'1482402',528
3,3029,'1478924',351
3,3029,'1478925',352
3,3029,'1478926',353
3,3029,'1478927',354
3,3029,'1478928',355
3,3029,'1478929',356
3,3029,'1478930',357
3,3029,'1478931',358
3,3029,'1478932',359
3,3029,'1478933',360
3,3029,'1478934',361
3,3029,'1478935',362
3,3029,'1478936',363
3,3029,'1478937',364
3,3029,'1478938',365
3,3029,'1478939',366
3,3029,'1478940',367
3,3029,'1478941',368
3,3029,'1478942',369
3,3029,'1478943',370
3,3029,'1478944',371
3,3029,'1478945',372
3,3029,'1478946',373
3,3029,'1478947',374
3,3029,'1478948',375
3,3029,'1478949',376
3,3029,'1478950',377
3,3029,'1478951',378
3,3029,'1478952',379
3,3029,'1478953',380
3,3029,'1478954',381
3,3029,'1478988',415
3,3029,'1478989',416
3,3029,'1479246',435
3,3029,'1479247',436
3,3029,'1479248',437
3,3029,'1479249',438
3,3029,'1479250',439
3,3029,'1479251',440
3,3029,'1479252',441
3,3029,'1479253',442
3,3029,'1479254',443
3,3029,'1479255',444
3,3029,'1479256',445
3,3029,'1479257',446
3,3029,'1479258',447
3,3029,'1479259',448
3,3029,'1479260',449
3,3029,'1479261',450
3,3029,'1479262',451
3,3029,'1479263',452
3,3029,'1479267',456
3,3029,'1479268',457
3,3029,'1479269',458
3,3029,'1479270',459
3,3029,'1479273',462
3,3029,'1479274',463
3,3029,'1479276',465
3,3029,'1479277',466
3,3029,'1479284',473
3,3029,'1479285',474
3,3029,'1479286',475
3,3029,'1479287',476
3,3029,'1482371',497
3,3029,'1482372',498
3,3029,'1482373',499
3,3029,'1482374',500
3,3029,'1482375',501
3,3029,'1482376',502
3,3029,'1482377',503
3,3029,'1482378',504
3,3029,'1482379',505
3,3029,'1482380',506
3,3029,'1482381',507
3,3029,'1482382',508
3,3029,'1482383',509
3,3029,'1482384',510
3,3029,'1482385',511
3,3029,'1482386',512
3,3029,'1482387',513
3,3029,'1482388',514
3,3029,'1482389',515
3,3029,'1482390',516
3,3029,'1482391',517
3,3029,'1482393',519
3,3029,'1482394',520
3,3029,'1482395',521
3,3029,'1482396',522
3,3029,'1482403',529
3,3029,'1482404',530
4,4019,'1478457',554
4,4019,'1478458',555
4,4019,'1478459',556
4,4019,'1478460',557
4,4019,'1478461',558
4,4019,'1478462',559
4,4019,'1478463',560
4,4019,'1478464',561
4,4019,'1478465',562
4,4019,'1478466',563
4,4019,'1478467',564
4,4019,'1478468',565
4,4019,'1478469',566
4,4019,'1478470',567
4,4019,'1478471',568
4,4019,'1478472',569
4,4019,'1478473',570
4,4019,'1478474',571
4,4019,'1478475',572
4,4019,'1478476',573
4,4019,'1478477',574
4,4019,'1478478',575
4,4019,'1478479',576
4,4019,'1478480',577
4,4019,'1478483',580
4,4019,'1478487',584
4,4019,'1478488',585
4,4019,'1478489',586
4,4019,'1478491',588
4,4019,'1478495',592
4,4019,'1478496',593
4,4019,'1478497',594
4,4019,'1478498',595
4,4019,'1478507',604
4,4019,'1478508',605
4,4019,'1478509',606
4,4019,'1478510',607
4,4019,'1478511',608
4,4019,'1478512',609
4,4019,'1478513',610
4,4019,'1478514',611
4,4019,'1478515',612
4,4019,'1478516',613
4,4019,'1478517',614
4,4019,'1478518',615
4,4019,'1478528',625
4,4019,'1478529',626
4,4019,'1478530',627
4,4019,'1478531',628
4,4019,'1478532',629
4,4019,'1478533',630
4,4019,'1478540',637
4,4019,'1478541',638
4,4019,'1478542',639
4,4019,'1478544',641
4,4019,'1478545',642
4,4019,'1479158',644
4,4019,'1479159',645
4,4019,'1479160',646
4,4019,'1479161',647
4,4019,'1479162',648
4,4019,'1479163',649
4,4019,'1479164',650
4,4019,'1479165',651
4,4019,'1479166',652
4,4019,'1479167',653
4,4019,'1479168',654
4,4019,'1479169',655
4,4019,'1479170',656
4,4019,'1479171',657
4,4019,'1479172',658
4,4019,'1479173',659
4,4019,'1479174',660
4,4019,'1479175',661
4,4019,'1479176',662
4,4019,'1479177',663
4,4019,'1479178',664
4,4019,'1479179',665
4,4019,'1479180',666
4,4019,'1479181',667
4,4019,'1479182',668
4,4019,'1479183',669
4,4019,'1479212',698
4,4019,'1479213',699
4,4019,'1479214',700
4,4019,'1479215',701
4,4019,'1479216',702
4,4019,'1479217',703
4,4019,'1479218',704
4,4019,'1479219',705
4,4019,'1479220',706
4,4019,'1482406',715
4,4019,'1482407',716
4,4019,'1482408',717
4,4019,'1482409',718
4,4019,'1482410',719
4,4019,'1482411',720
4,4019,'1482412',721
4,4019,'1482413',722
4,4019,'1482414',723
4,4019,'1482415',724
4,4019,'1482416',725
4,4019,'1482417',726
4,4019,'1482418',727
4,4019,'1482419',728
4,4019,'1482420',729
4,4019,'1482421',730
4,4019,'1482422',731
4,4019,'1482423',732
4,4019,'1482424',733
4,4019,'1482425',734
4,4019,'1482426',735
4,4019,'1482427',736
4,4019,'1482449',758
4,4019,'1482450',759
4,4019,'1482451',760
4,4019,'1482460',769
4,4019,'1482461',770
4,4019,'1482462',771
4,4019,'1482463',772
4,4019,'1482464',773
4,4019,'1482583',774
4,4029,'1478434',531
4,4029,'1478435',532
4,4029,'1478436',533
4,4029,'1478437',534
4,4029,'1478438',535
4,4029,'1478439',536
4,4029,'1478440',537
4,4029,'1478441',538
4,4029,'1478442',539
4,4029,'1478443',540
4,4029,'1478444',541
4,4029,'1478445',542
4,4029,'1478446',543
4,4029,'1478447',544
4,4029,'1478448',545
4,4029,'1478449',546
4,4029,'1478450',547
4,4029,'1478451',548
4,4029,'1478452',549
4,4029,'1478453',550
4,4029,'1478454',551
4,4029,'1478455',552
4,4029,'1478456',553
4,4029,'1478481',578
4,4029,'1478482',579
4,4029,'1478484',581
4,4029,'1478485',582
4,4029,'1478486',583
4,4029,'1478490',587
4,4029,'1478492',589
4,4029,'1478493',590
4,4029,'1478494',591
4,4029,'1478499',596
4,4029,'1478500',597
4,4029,'1478501',598
4,4029,'1478502',599
4,4029,'1478503',600
4,4029,'1478504',601
4,4029,'1478505',602
4,4029,'1478506',603
4,4029,'1478519',616
4,4029,'1478520',617
4,4029,'1478521',618
4,4029,'1478522',619
4,4029,'1478523',620
4,4029,'1478524',621
4,4029,'1478525',622
4,4029,'1478526',623
4,4029,'1478527',624
4,4029,'1478534',631
4,4029,'1478535',632
4,4029,'1478536',633
4,4029,'1478537',634
4,4029,'1478538',635
4,4029,'1478539',636
4,4029,'1478543',640
4,4029,'1478546',643
4,4029,'1479184',670
4,4029,'1479185',671
4,4029,'1479186',672
4,4029,'1479187',673
4,4029,'1479188',674
4,4029,'1479189',675
4,4029,'1479190',676
4,4029,'1479191',677
4,4029,'1479192',678
4,4029,'1479193',679
4,4029,'1479194',680
4,4029,'1479195',681
4,4029,'1479196',682
4,4029,'1479197',683
4,4029,'1479198',684
4,4029,'1479199',685
4,4029,'1479200',686
4,4029,'1479201',687
4,4029,'1479202',688
4,4029,'1479203',689
4,4029,'1479204',690
4,4029,'1479205',691
4,4029,'1479206',692
4,4029,'1479207',693
4,4029,'1479208',694
4,4029,'1479209',695
4,4029,'1479210',696
4,4029,'1479211',697
4,4029,'1479221',707
4,4029,'1479222',708
4,4029,'1479223',709
4,4029,'1479224',710
4,4029,'1479225',711
4,4029,'1479226',712
4,4029,'1479227',713
4,4029,'1482405',714
4,4029,'1482428',737
4,4029,'1482429',738
4,4029,'1482430',739
4,4029,'1482431',740
4,4029,'1482432',741
4,4029,'1482433',742
4,4029,'1482434',743
4,4029,'1482435',744
4,4029,'1482436',745
4,4029,'1482437',746
4,4029,'1482438',747
4,4029,'1482439',748
4,4029,'1482440',749
4,4029,'1482441',750
4,4029,'1482442',751
4,4029,'1482443',752
4,4029,'1482444',753
4,4029,'1482445',754
4,4029,'1482446',755
4,4029,'1482447',756
4,4029,'1482448',757
4,4029,'1482452',761
4,4029,'1482453',762
4,4029,'1482454',763
4,4029,'1482455',764
4,4029,'1482456',765
4,4029,'1482457',766
4,4029,'1482458',767
4,4029,'1482459',768
6,6019,'1478821',806
6,6019,'1478822',807
6,6019,'1478823',808
6,6019,'1478824',809
6,6019,'1478825',810
6,6019,'1478826',811
6,6019,'1478827',812
6,6019,'1478828',813
6,6019,'1478829',814
6,6019,'1478830',815
6,6019,'1478831',816
6,6019,'1478832',817
6,6019,'1478833',818
6,6019,'1478834',819
6,6019,'1478835',820
6,6019,'1478836',821
6,6019,'1478837',822
6,6019,'1478838',823
6,6019,'1478839',824
6,6019,'1478840',825
6,6019,'1478841',826
6,6019,'1478842',827
6,6019,'1478843',828
6,6019,'1478844',829
6,6019,'1478845',830
6,6019,'1478846',831
6,6019,'1478847',832
6,6019,'1478848',833
6,6019,'1478849',834
6,6019,'1478850',835
6,6019,'1478851',836
6,6019,'1478852',837
6,6019,'1478853',838
6,6019,'1478855',840
6,6019,'1479065',842
6,6019,'1479066',843
6,6019,'1479067',844
6,6019,'1479068',845
6,6019,'1479069',846
6,6019,'1479070',847
6,6019,'1479071',848
6,6019,'1479072',849
6,6019,'1479073',850
6,6019,'1479074',851
6,6019,'1479075',852
6,6019,'1479076',853
6,6019,'1479077',854
6,6019,'1479078',855
6,6019,'1479079',856
6,6019,'1479080',857
6,6019,'1479081',858
6,6019,'1479082',859
6,6019,'1479083',860
6,6019,'1479103',880
6,6019,'1482491',882
6,6019,'1482492',883
6,6019,'1482493',884
6,6019,'1482494',885
6,6019,'1482495',886
6,6019,'1482496',887
6,6019,'1482497',888
6,6019,'1482498',889
6,6019,'1482499',890
6,6019,'1482500',891
6,6019,'1482501',892
6,6019,'1482502',893
6,6019,'1482503',894
6,6019,'1482504',895
6,6019,'1482505',896
6,6019,'1482506',897
6,6029,'1478790',775
6,6029,'1478791',776
6,6029,'1478792',777
6,6029,'1478793',778
6,6029,'1478794',779
6,6029,'1478795',780
6,6029,'1478796',781
6,6029,'1478797',782
6,6029,'1478798',783
6,6029,'1478799',784
6,6029,'1478800',785
6,6029,'1478801',786
6,6029,'1478802',787
6,6029,'1478803',788
6,6029,'1478804',789
6,6029,'1478805',790
6,6029,'1478806',791
6,6029,'1478807',792
6,6029,'1478808',793
6,6029,'1478809',794
6,6029,'1478810',795
6,6029,'1478811',796
6,6029,'1478812',797
6,6029,'1478813',798
6,6029,'1478814',799
6,6029,'1478815',800
6,6029,'1478816',801
6,6029,'1478817',802
6,6029,'1478818',803
6,6029,'1478819',804
6,6029,'1478820',805
6,6029,'1478854',839
6,6029,'1478856',841
6,6029,'1479084',861
6,6029,'1479085',862
6,6029,'1479086',863
6,6029,'1479087',864
6,6029,'1479088',865
6,6029,'1479089',866
6,6029,'1479090',867
6,6029,'1479091',868
6,6029,'1479092',869
6,6029,'1479093',870
6,6029,'1479094',871
6,6029,'1479095',872
6,6029,'1479096',873
6,6029,'1479097',874
6,6029,'1479098',875
6,6029,'1479099',876
6,6029,'1479100',877
6,6029,'1479101',878
6,6029,'1479102',879
6,6029,'1479104',881
6,6029,'1482507',898
6,6029,'1482508',899
6,6029,'1482509',900
6,6029,'1482510',901
6,6029,'1482511',902
6,6029,'1482512',903
6,6029,'1482513',904
6,6029,'1482514',905
6,6029,'1482515',906
6,6029,'1482516',907
6,6029,'1482517',908
6,6029,'1482518',909
6,6029,'1482519',910
6,6029,'1482520',911
6,6029,'1482521',912
7,7019,'1478737',913
7,7019,'1478738',914
7,7019,'1478739',915
7,7019,'1478740',916
7,7019,'1478741',917
7,7019,'1478742',918
7,7019,'1478743',919
7,7019,'1478744',920
7,7019,'1478745',921
7,7019,'1478746',922
7,7019,'1478747',923
7,7019,'1478748',924
7,7019,'1478749',925
7,7019,'1478750',926
7,7019,'1478751',927
7,7019,'1478752',928
7,7019,'1478753',929
7,7019,'1478754',930
7,7019,'1478760',936
7,7019,'1478776',952
7,7019,'1478778',954
7,7019,'1478779',955
7,7019,'1478783',959
7,7019,'1478784',960
7,7019,'1478786',962
7,7019,'1478789',965
7,7019,'1479039',986
7,7019,'1479040',987
7,7019,'1479041',988
7,7019,'1479042',989
7,7019,'1479043',990
7,7019,'1479044',991
7,7019,'1479045',992
7,7019,'1479046',993
7,7019,'1479047',994
7,7019,'1479048',995
7,7019,'1479049',996
7,7019,'1479050',997
7,7019,'1479051',998
7,7019,'1479052',999
7,7019,'1479053',1000
7,7019,'1479054',1001
7,7019,'1479055',1002
7,7019,'1479056',1003
7,7019,'1479057',1004
7,7019,'1479058',1005
7,7019,'1479059',1006
7,7019,'1479063',1010
7,7019,'1479064',1011
7,7019,'1482537',1027
7,7019,'1482538',1028
7,7019,'1482539',1029
7,7019,'1482540',1030
7,7019,'1482541',1031
7,7019,'1482542',1032
7,7019,'1482543',1033
7,7019,'1482544',1034
7,7019,'1482545',1035
7,7019,'1482546',1036
7,7019,'1482547',1037
7,7019,'1482548',1038
7,7019,'1482549',1039
7,7019,'1482550',1040
7,7019,'1482551',1041
7,7019,'1482553',1043
7,7019,'1482554',1044
7,7019,'1482556',1046
7,7019,'1482558',1048
7,7029,'1478755',931
7,7029,'1478756',932
7,7029,'1478757',933
7,7029,'1478758',934
7,7029,'1478759',935
7,7029,'1478761',937
7,7029,'1478762',938
7,7029,'1478763',939
7,7029,'1478764',940
7,7029,'1478765',941
7,7029,'1478766',942
7,7029,'1478767',943
7,7029,'1478768',944
7,7029,'1478769',945
7,7029,'1478770',946
7,7029,'1478771',947
7,7029,'1478772',948
7,7029,'1478773',949
7,7029,'1478774',950
7,7029,'1478775',951
7,7029,'1478777',953
7,7029,'1478780',956
7,7029,'1478781',957
7,7029,'1478782',958
7,7029,'1478785',961
7,7029,'1478787',963
7,7029,'1478788',964
7,7029,'1479019',966
7,7029,'1479020',967
7,7029,'1479021',968
7,7029,'1479022',969
7,7029,'1479023',970
7,7029,'1479024',971
7,7029,'1479025',972
7,7029,'1479026',973
7,7029,'1479027',974
7,7029,'1479028',975
7,7029,'1479029',976
7,7029,'1479030',977
7,7029,'1479031',978
7,7029,'1479032',979
7,7029,'1479033',980
7,7029,'1479034',981
7,7029,'1479035',982
7,7029,'1479036',983
7,7029,'1479037',984
7,7029,'1479038',985
7,7029,'1479060',1007
7,7029,'1479061',1008
7,7029,'1479062',1009
7,7029,'1482522',1012
7,7029,'1482523',1013
7,7029,'1482524',1014
7,7029,'1482525',1015
7,7029,'1482526',1016
7,7029,'1482527',1017
7,7029,'1482528',1018
7,7029,'1482529',1019
7,7029,'1482530',1020
7,7029,'1482531',1021
7,7029,'1482532',1022
7,7029,'1482533',1023
7,7029,'1482534',1024
7,7029,'1482535',1025
7,7029,'1482536',1026
7,7029,'1482552',1042
7,7029,'1482555',1045
7,7029,'1482557',1047
7,7029,'1482559',1049
8,8019,'1478708',1050
8,8019,'1478709',1051
8,8019,'1478710',1052
8,8019,'1478711',1053
8,8019,'1478712',1054
8,8019,'1478713',1055
8,8019,'1478714',1056
8,8019,'1478715',1057
8,8019,'1478716',1058
8,8019,'1478717',1059
8,8019,'1478718',1060
8,8019,'1478719',1061
8,8019,'1478720',1062
8,8019,'1478721',1063
8,8019,'1478722',1064
8,8019,'1478723',1065
8,8019,'1478724',1066
8,8019,'1478725',1067
8,8019,'1478726',1068
8,8019,'1478727',1069
8,8019,'1478728',1070
8,8019,'1478729',1071
8,8019,'1478730',1072
8,8019,'1478731',1073
8,8019,'1478732',1074
8,8019,'1478733',1075
8,8019,'1478734',1076
8,8019,'1478735',1077
8,8019,'1478736',1078
8,8019,'1478991',1079
8,8019,'1478992',1080
8,8019,'1478993',1081
8,8019,'1478994',1082
8,8019,'1478995',1083
8,8019,'1478996',1084
8,8019,'1478997',1085
8,8019,'1478998',1086
8,8019,'1478999',1087
8,8019,'1479000',1088
8,8019,'1479001',1089
8,8019,'1479002',1090
8,8019,'1479003',1091
8,8019,'1479004',1092
8,8019,'1479005',1093
8,8019,'1479006',1094
8,8019,'1479007',1095
8,8019,'1479008',1096
8,8019,'1479009',1097
8,8019,'1479010',1098
8,8019,'1479011',1099
8,8019,'1479012',1100
8,8019,'1479013',1101
8,8019,'1479014',1102
8,8019,'1479015',1103
8,8019,'1479016',1104
8,8019,'1479017',1105
8,8019,'1479018',1106
8,8019,'1482560',1107
8,8019,'1482561',1108
8,8019,'1482562',1109
8,8019,'1482563',1110
8,8019,'1482564',1111
8,8019,'1482565',1112
8,8019,'1482566',1113
8,8019,'1482567',1114
8,8019,'1482568',1115
8,8019,'1482569',1116
8,8019,'1482570',1117
8,8019,'1482571',1118
8,8019,'1482572',1119
8,8019,'1482573',1120
8,8019,'1482574',1121
8,8019,'1482575',1122
8,8019,'1482576',1123
8,8019,'1482577',1124
8,8019,'1482578',1125
8,8019,'1482579',1126
8,8019,'1482580',1127
8,8019,'1482581',1128
10005,10005019,'1478891',1129
10005,10005019,'1478892',1130
10005,10005019,'1478893',1131
10005,10005019,'1478894',1132
10005,10005019,'1478895',1133
10005,10005019,'1478896',1134
10005,10005019,'1478897',1135
10005,10005019,'1478898',1136
10005,10005019,'1478899',1137
10005,10005019,'1478900',1138
10005,10005019,'1478901',1139
10005,10005019,'1478902',1140
10005,10005019,'1478903',1141
10005,10005019,'1478904',1142
10005,10005019,'1478905',1143
10005,10005019,'1478906',1144
10005,10005019,'1478907',1145
10005,10005019,'1478908',1146
10005,10005019,'1478909',1147
10005,10005019,'1478910',1148
10005,10005019,'1478911',1149
10005,10005019,'1478912',1150
10005,10005019,'1478913',1151
10005,10005019,'1478914',1152
10005,10005019,'1478915',1153
10005,10005019,'1478916',1154
10005,10005019,'1478917',1155
10005,10005019,'1478918',1156
10005,10005019,'1478919',1157
10005,10005019,'1478920',1158
10005,10005019,'1478921',1159
10005,10005019,'1478922',1160
10005,10005019,'1478923',1161
10005,10005019,'1479129',1162
10005,10005019,'1479130',1163
10005,10005019,'1479131',1164
10005,10005019,'1479132',1165
10005,10005019,'1479133',1166
10005,10005019,'1479134',1167
10005,10005019,'1479135',1168
10005,10005019,'1479136',1169
10005,10005019,'1479137',1170
10005,10005019,'1479138',1171
10005,10005019,'1479139',1172
10005,10005019,'1479140',1173
10005,10005019,'1479141',1174
10005,10005019,'1479142',1175
10005,10005019,'1479143',1176
10005,10005019,'1479144',1177
10005,10005019,'1479145',1178
10005,10005019,'1479146',1179
10005,10005019,'1479147',1180
10005,10005019,'1479148',1181
10005,10005019,'1479149',1182
10005,10005019,'1479150',1183
10005,10005019,'1479151',1184
10005,10005019,'1479152',1185
10005,10005019,'1479153',1186
10005,10005019,'1479154',1187
10005,10005019,'1479155',1188
10005,10005019,'1479156',1189
10005,10005019,'1479157',1190
10005,10005019,'1482465',1191
10005,10005019,'1482466',1192
10005,10005019,'1482467',1193
10005,10005019,'1482468',1194
10005,10005019,'1482469',1195
10005,10005019,'1482470',1196
10005,10005019,'1482471',1197
10005,10005019,'1482472',1198
10005,10005019,'1482473',1199
10005,10005019,'1482474',1200
10005,10005019,'1482475',1201
10005,10005019,'1482476',1202
10005,10005019,'1482477',1203
10005,10005019,'1482478',1204
10005,10005019,'1482479',1205
10005,10005019,'1482480',1206
20005,20005019,'1478857',1207
20005,20005019,'1478858',1208
20005,20005019,'1478859',1209
20005,20005019,'1478860',1210
20005,20005019,'1478861',1211
20005,20005019,'1478862',1212
20005,20005019,'1478863',1213
20005,20005019,'1478864',1214
20005,20005019,'1478865',1215
20005,20005019,'1478866',1216
20005,20005019,'1478867',1217
20005,20005019,'1478868',1218
20005,20005019,'1478869',1219
20005,20005019,'1478870',1220
20005,20005019,'1478871',1221
20005,20005019,'1478872',1222
20005,20005019,'1478873',1223
20005,20005019,'1478874',1224
20005,20005019,'1478875',1225
20005,20005019,'1478876',1226
20005,20005019,'1478877',1227
20005,20005019,'1478878',1228
20005,20005019,'1478879',1229
20005,20005019,'1478880',1230
20005,20005019,'1478881',1231
20005,20005019,'1478882',1232
20005,20005019,'1478883',1233
20005,20005019,'1478884',1234
20005,20005019,'1478885',1235
20005,20005019,'1478886',1236
20005,20005019,'1478887',1237
20005,20005019,'1478888',1238
20005,20005019,'1478889',1239
20005,20005019,'1478890',1240
20005,20005019,'1479105',1241
20005,20005019,'1479106',1242
20005,20005019,'1479107',1243
20005,20005019,'1479108',1244
20005,20005019,'1479109',1245
20005,20005019,'1479110',1246
20005,20005019,'1479111',1247
20005,20005019,'1479112',1248
20005,20005019,'1479113',1249
20005,20005019,'1479114',1250
20005,20005019,'1479115',1251
20005,20005019,'1479116',1252
20005,20005019,'1479117',1253
20005,20005019,'1479118',1254
20005,20005019,'1479119',1255
20005,20005019,'1479120',1256
20005,20005019,'1479121',1257
20005,20005019,'1479122',1258
20005,20005019,'1479123',1259
20005,20005019,'1479124',1260
20005,20005019,'1479125',1261
20005,20005019,'1479126',1262
20005,20005019,'1479127',1263
20005,20005019,'1479128',1264
20005,20005019,'1482481',1265
20005,20005019,'1482482',1266
20005,20005019,'1482483',1267
20005,20005019,'1482484',1268
20005,20005019,'1482485',1269
20005,20005019,'1482486',1270
20005,20005019,'1482487',1271
20005,20005019,'1482488',1272
20005,20005019,'1482489',1273
20005,20005019,'1482490',1274
140000,140000019,'1478707',1275
140000,140000019,'1478990',1276
140000,140000019,'1482582',1277
