3029,'1478924',620,,351,3,,,0
3029,'1478925',720,,352,3,,,0
3029,'1478926',750,,353,3,,,0
3029,'1478927',820,,354,3,,,0
3029,'1478928',850,,355,3,,,0
3029,'1478929',920,,356,3,,,0
3029,'1478930',950,,357,3,,,0
3029,'1478931',1020,,358,3,,,0
3029,'1478932',1050,,359,3,,,0
3029,'1478933',1120,,360,3,,,0
3029,'1478934',1150,,361,3,,,0
3029,'1478935',1220,,362,3,,,0
3029,'1478936',1250,,363,3,,,0
3029,'1478937',1320,,364,3,,,0
3029,'1478938',1350,,365,3,,,0
3029,'1478939',1420,,366,3,,,0
3029,'1478940',1450,,367,3,,,0
3029,'1478941',1520,,368,3,,,0
3029,'1478942',1550,,369,3,,,0
3029,'1478943',1620,,370,3,,,0
3029,'1478944',1650,,371,3,,,0
3029,'1478945',1720,,372,3,,,0
3029,'1478946',1750,,373,3,,,0
3029,'1478947',1820,,374,3,,,0
3029,'1478948',1850,,375,3,,,0
3029,'1478949',1920,,376,3,,,0
3029,'1478950',1950,,377,3,,,0
3029,'1478951',2020,,378,3,,,0
3029,'1478952',2150,,379,3,,,0
3029,'1478953',2050,,380,3,,,0
3029,'1478954',2220,,381,3,,,0
3029,'1478988',650,,415,3,,,0
3029,'1478989',2320,,416,3,,,0
3029,'1479246',2052,,435,3,,,0
3029,'1479247',620,,436,3,,,0
3029,'1479248',720,,437,3,,,0
3029,'1479249',822,,438,3,,,0
3029,'1479250',852,,439,3,,,0
3029,'1479251',952,,440,3,,,0
3029,'1479252',1022,,441,3,,,0
3029,'1479253',1152,,442,3,,,0
3029,'1479254',1052,,443,3,,,0
3029,'1479255',1222,,444,3,,,0
3029,'1479256',1252,,445,3,,,0
3029,'1479257',1352,,446,3,,,0
3029,'1479258',1422,,447,3,,,0
3029,'1479259',1452,,448,3,,,0
3029,'1479260',1622,,449,3,,,0
3029,'1479261',1652,,450,3,,,0
3029,'1479262',1752,,451,3,,,0
3029,'1479263',1822,,452,3,,,0
3029,'1479267',1852,,456,3,,,0
3029,'1479268',1952,,457,3,,,0
3029,'1479269',2022,,458,3,,,0
3029,'1479270',2150,,459,3,,,0
3029,'1479273',2250,,462,3,,,0
3029,'1479274',1552,,463,3,,,0
3029,'1479276',1722,,465,3,,,0
3029,'1479277',1922,,466,3,,,0
3029,'1479284',922,,473,3,,,0
3029,'1479285',1122,,474,3,,,0
3029,'1479286',1322,,475,3,,,0
3029,'1479287',1522,,476,3,,,0
3029,'1482371',1920,,497,3,,,0
3029,'1482372',1250,,498,3,,,0
3029,'1482373',950,,499,3,,,0
3029,'1482374',820,,500,3,,,0
3029,'1482375',1150,,501,3,,,0
3029,'1482376',1020,,502,3,,,0
3029,'1482377',1650,,503,3,,,0
3029,'1482378',1750,,504,3,,,0
3029,'1482379',850,,505,3,,,0
3029,'1482380',1050,,506,3,,,0
3029,'1482381',1220,,507,3,,,0
3029,'1482382',750,,508,3,,,0
3029,'1482383',1420,,509,3,,,0
3029,'1482384',1350,,510,3,,,0
3029,'1482385',1450,,511,3,,,0
3029,'1482386',1620,,512,3,,,0
3029,'1482387',1550,,513,3,,,0
3029,'1482388',2020,,514,3,,,0
3029,'1482389',2120,,515,3,,,0
3029,'1482390',1820,,516,3,,,0
3029,'1482391',2220,,517,3,,,0
3029,'1482393',1850,,519,3,,,0
3029,'1482394',1720,,520,3,,,0
3029,'1482395',1320,,521,3,,,0
3029,'1482396',1520,,522,3,,,0
3029,'1482403',920,,529,3,,,0
3029,'1482404',1120,,530,3,,,0
