6029,'1478790',602,,775,2,,,0
6029,'1478791',702,,776,2,,,0
6029,'1478792',732,,777,2,,,0
6029,'1478793',802,,778,2,,,0
6029,'1478794',832,,779,2,,,0
6029,'1478795',902,,780,2,,,0
6029,'1478796',932,,781,2,,,0
6029,'1478797',1002,,782,2,,,0
6029,'1478798',1032,,783,2,,,0
6029,'1478799',1102,,784,2,,,0
6029,'1478800',1132,,785,2,,,0
6029,'1478801',1202,,786,2,,,0
6029,'1478802',1232,,787,2,,,0
6029,'1478803',1302,,788,2,,,0
6029,'1478804',1332,,789,2,,,0
6029,'1478805',1402,,790,2,,,0
6029,'1478806',1432,,791,2,,,0
6029,'1478807',1502,,792,2,,,0
6029,'1478808',1532,,793,2,,,0
6029,'1478809',1602,,794,2,,,0
6029,'1478810',1632,,795,2,,,0
6029,'1478811',1702,,796,2,,,0
6029,'1478812',1732,,797,2,,,0
6029,'1478813',1802,,798,2,,,0
6029,'1478814',1832,,799,2,,,0
6029,'1478815',1902,,800,2,,,0
6029,'1478816',1932,,801,2,,,0
6029,'1478817',2002,,802,2,,,0
6029,'1478818',2032,,803,2,,,0
6029,'1478819',2132,,804,2,,,0
6029,'1478820',2232,,805,2,,,0
6029,'1478854',532,,839,2,,,0
6029,'1478856',632,,841,2,,,0
6029,'1479084',632,,861,2,,,0
6029,'1479085',702,,862,2,,,0
6029,'1479086',732,,863,2,,,0
6029,'1479087',832,,864,2,,,0
6029,'1479088',932,,865,2,,,0
6029,'1479089',1032,,866,2,,,0
6029,'1479090',1132,,867,2,,,0
6029,'1479091',1232,,868,2,,,0
6029,'1479092',1332,,869,2,,,0
6029,'1479093',1432,,870,2,,,0
6029,'1479094',1532,,871,2,,,0
6029,'1479095',1632,,872,2,,,0
6029,'1479096',1732,,873,2,,,0
6029,'1479097',1832,,874,2,,,0
6029,'1479098',1932,,875,2,,,0
6029,'1479099',2032,,876,2,,,0
6029,'1479100',2132,,877,2,,,0
6029,'1479101',2232,,878,2,,,0
6029,'1479102',602,,879,2,,,0
6029,'1479104',802,,881,2,,,0
6029,'1482507',732,,898,2,,,0
6029,'1482508',832,,899,2,,,0
6029,'1482509',932,,900,2,,,0
6029,'1482510',1132,,901,2,,,0
6029,'1482511',1032,,902,2,,,0
6029,'1482512',1332,,903,2,,,0
6029,'1482513',1232,,904,2,,,0
6029,'1482514',1432,,905,2,,,0
6029,'1482515',1532,,906,2,,,0
6029,'1482516',1632,,907,2,,,0
6029,'1482517',1732,,908,2,,,0
6029,'1482518',1832,,909,2,,,0
6029,'1482519',1932,,910,2,,,0
6029,'1482520',2032,,911,2,,,0
6029,'1482521',2132,,912,2,,,0
7019,'1478737',617,,913,2,,,0
7019,'1478738',647,,914,2,,,0
7019,'1478739',747,,915,2,,,0
7019,'1478740',817,,916,2,,,0
7019,'1478741',847,,917,2,,,0
7019,'1478742',947,,918,2,,,0
7019,'1478743',1024,,919,2,,,0
7019,'1478744',1104,,920,2,,,0
7019,'1478745',1144,,921,2,,,0
7019,'1478746',1224,,922,2,,,0
7019,'1478747',1304,,923,2,,,0
7019,'1478748',1344,,924,2,,,0
7019,'1478749',1504,,925,2,,,0
7019,'1478750',1544,,926,2,,,0
7019,'1478751',1624,,927,2,,,0
7019,'1478752',1704,,928,2,,,0
7019,'1478753',1817,,929,2,,,0
7019,'1478754',2017,,930,2,,,0
7019,'1478760',2217,,936,2,,,0
7019,'1478776',1917,,952,2,,,0
7019,'1478778',1744,,954,2,,,0
7019,'1478779',1424,,955,2,,,0
7019,'1478783',2117,,959,2,,,0
7019,'1478784',717,,960,2,,,0
7019,'1478786',1847,,962,2,,,0
7019,'1478789',917,,965,2,,,0
7019,'1479039',647,,986,2,,,0
7019,'1479040',747,,987,2,,,0
7019,'1479041',847,,988,2,,,0
7019,'1479042',917,,989,2,,,0
7019,'1479043',947,,990,2,,,0
7019,'1479044',1024,,991,2,,,0
7019,'1479045',1104,,992,2,,,0
7019,'1479046',1144,,993,2,,,0
7019,'1479047',1224,,994,2,,,0
7019,'1479048',1304,,995,2,,,0
7019,'1479049',1344,,996,2,,,0
7019,'1479050',1504,,997,2,,,0
7019,'1479051',1544,,998,2,,,0
7019,'1479052',1624,,999,2,,,0
7019,'1479053',1704,,1000,2,,,0
7019,'1479054',1817,,1001,2,,,0
7019,'1479055',1847,,1002,2,,,0
7019,'1479056',1947,,1003,2,,,0
7019,'1479057',2047,,1004,2,,,0
7019,'1479058',2147,,1005,2,,,0
7019,'1479059',2247,,1006,2,,,0
7019,'1479063',1424,,1010,2,,,0
7019,'1479064',1744,,1011,2,,,0
7019,'1482537',717,,1027,2,,,0
7019,'1482538',817,,1028,2,,,0
7019,'1482539',1224,,1029,2,,,0
7019,'1482540',1304,,1030,2,,,0
7019,'1482541',917,,1031,2,,,0
7019,'1482542',1504,,1032,2,,,0
7019,'1482543',1424,,1033,2,,,0
7019,'1482544',1344,,1034,2,,,0
7019,'1482545',1544,,1035,2,,,0
7019,'1482546',1624,,1036,2,,,0
7019,'1482547',1744,,1037,2,,,0
7019,'1482548',1817,,1038,2,,,0
7019,'1482549',1847,,1039,2,,,0
7019,'1482550',1947,,1040,2,,,0
7019,'1482551',2147,,1041,2,,,0
7019,'1482553',1017,,1043,2,,,0
7019,'1482554',1117,,1044,2,,,0
7019,'1482556',2047,,1046,2,,,0
7019,'1482558',1704,,1048,2,,,0
140000019,'1478707',2333,,1275,2,,,0
140000019,'1478990',2333,,1276,2,,,0
140000019,'1482582',2233,,1277,2,,,0
