4019,'1478457',634,,554,6,,,0
4019,'1478458',704,,555,6,,,0
4019,'1478459',749,,556,6,,,0
4019,'1478460',904,,557,6,,,0
4019,'1478461',949,,558,6,,,0
4019,'1478462',1034,,559,6,,,0
4019,'1478463',1104,,560,6,,,0
4019,'1478464',1134,,561,6,,,0
4019,'1478465',1234,,562,6,,,0
4019,'1478466',1304,,563,6,,,0
4019,'1478467',1334,,564,6,,,0
4019,'1478468',1434,,565,6,,,0
4019,'1478469',1504,,566,6,,,0
4019,'1478470',1549,,567,6,,,0
4019,'1478471',1634,,568,6,,,0
4019,'1478472',1704,,569,6,,,0
4019,'1478473',1734,,570,6,,,0
4019,'1478474',1834,,571,6,,,0
4019,'1478475',1904,,572,6,,,0
4019,'1478476',1934,,573,6,,,0
4019,'1478477',2034,,574,6,,,0
4019,'1478478',2104,,575,6,,,0
4019,'1478479',2134,,576,6,,,0
4019,'1478480',2234,,577,6,,,0
4019,'1478483',2304,,580,6,,,0
4019,'1478487',1119,,584,6,,,0
4019,'1478488',1149,,585,6,,,0
4019,'1478489',1249,,586,6,,,0
4019,'1478491',719,,588,6,,,0
4019,'1478495',849,,592,6,,,0
4019,'1478496',804,,593,6,,,0
4019,'1478497',919,,594,6,,,0
4019,'1478498',934,,595,6,,,0
4019,'1478507',1319,,604,6,,,0
4019,'1478508',1534,,605,6,,,0
4019,'1478509',1649,,606,6,,,0
4019,'1478510',1349,,607,6,,,0
4019,'1478511',1449,,608,6,,,0
4019,'1478512',1519,,609,6,,,0
4019,'1478513',1719,,610,6,,,0
4019,'1478514',1049,,611,6,,,0
4019,'1478515',2204,,612,6,,,0
4019,'1478516',2004,,613,6,,,0
4019,'1478517',1419,,614,6,,,0
4019,'1478518',1619,,615,6,,,0
4019,'1478528',604,,625,6,,,0
4019,'1478529',1004,,626,6,,,0
4019,'1478530',1204,,627,6,,,0
4019,'1478531',1404,,628,6,,,0
4019,'1478532',1604,,629,6,,,0
4019,'1478533',1804,,630,6,,,0
4019,'1478540',819,,637,6,,,0
4019,'1478541',1019,,638,6,,,0
4019,'1478542',1219,,639,6,,,0
4019,'1478544',834,,641,6,,,0
4019,'1478545',734,,642,6,,,0
4019,'1479158',604,,644,6,,,0
4019,'1479159',634,,645,6,,,0
4019,'1479160',734,,646,6,,,0
4019,'1479161',804,,647,6,,,0
4019,'1479162',834,,648,6,,,0
4019,'1479163',934,,649,6,,,0
4019,'1479164',1004,,650,6,,,0
4019,'1479165',1034,,651,6,,,0
4019,'1479166',1134,,652,6,,,0
4019,'1479167',1204,,653,6,,,0
4019,'1479168',1234,,654,6,,,0
4019,'1479169',1334,,655,6,,,0
4019,'1479170',1404,,656,6,,,0
4019,'1479171',1434,,657,6,,,0
4019,'1479172',1534,,658,6,,,0
4019,'1479173',1604,,659,6,,,0
4019,'1479174',1634,,660,6,,,0
4019,'1479175',1734,,661,6,,,0
4019,'1479176',1804,,662,6,,,0
4019,'1479177',1834,,663,6,,,0
4019,'1479178',1934,,664,6,,,0
4019,'1479179',2004,,665,6,,,0
4019,'1479180',2034,,666,6,,,0
4019,'1479181',2134,,667,6,,,0
4019,'1479182',2204,,668,6,,,0
4019,'1479183',2234,,669,6,,,0
4019,'1479212',704,,698,6,,,0
4019,'1479213',904,,699,6,,,0
4019,'1479214',1104,,700,6,,,0
4019,'1479215',1304,,701,6,,,0
4019,'1479216',1504,,702,6,,,0
4019,'1479217',1704,,703,6,,,0
4019,'1479218',1904,,704,6,,,0
4019,'1479219',2104,,705,6,,,0
4019,'1479220',2304,,706,6,,,0
4019,'1482406',704,,715,6,,,0
4019,'1482407',734,,716,6,,,0
4019,'1482408',834,,717,6,,,0
4019,'1482409',904,,718,6,,,0
4019,'1482410',934,,719,6,,,0
4019,'1482411',1034,,720,6,,,0
4019,'1482412',1104,,721,6,,,0
4019,'1482413',1134,,722,6,,,0
4019,'1482414',1234,,723,6,,,0
4019,'1482415',1304,,724,6,,,0
4019,'1482416',1334,,725,6,,,0
4019,'1482417',1434,,726,6,,,0
4019,'1482418',1504,,727,6,,,0
4019,'1482419',1534,,728,6,,,0
4019,'1482420',1634,,729,6,,,0
4019,'1482421',1704,,730,6,,,0
4019,'1482422',1734,,731,6,,,0
4019,'1482423',1834,,732,6,,,0
4019,'1482424',1904,,733,6,,,0
4019,'1482425',1934,,734,6,,,0
4019,'1482426',2034,,735,6,,,0
4019,'1482427',2104,,736,6,,,0
4019,'1482449',2134,,758,6,,,0
4019,'1482450',2004,,759,6,,,0
4019,'1482451',1804,,760,6,,,0
4019,'1482460',804,,769,6,,,0
4019,'1482461',1004,,770,6,,,0
4019,'1482462',1204,,771,6,,,0
4019,'1482463',1404,,772,6,,,0
4019,'1482464',1604,,773,6,,,0
4019,'1482583',2204,,774,6,,,0
8019,'1478708',638,,1050,12,,,0
8019,'1478709',708,,1051,12,,,0
8019,'1478710',738,,1052,12,,,0
8019,'1478711',808,,1053,12,,,0
8019,'1478712',838,,1054,12,,,0
8019,'1478713',908,,1055,12,,,0
8019,'1478714',938,,1056,12,,,0
8019,'1478715',1009,,1057,12,,,0
8019,'1478716',1039,,1058,12,,,0
8019,'1478717',1109,,1059,12,,,0
8019,'1478718',1139,,1060,12,,,0
8019,'1478719',1209,,1061,12,,,0
8019,'1478720',1239,,1062,12,,,0
8019,'1478721',1309,,1063,12,,,0
8019,'1478722',1339,,1064,12,,,0
8019,'1478723',1409,,1065,12,,,0
8019,'1478724',1439,,1066,12,,,0
8019,'1478725',1509,,1067,12,,,0
8019,'1478726',1539,,1068,12,,,0
8019,'1478727',1609,,1069,12,,,0
8019,'1478728',1639,,1070,12,,,0
8019,'1478729',1709,,1071,12,,,0
8019,'1478730',1738,,1072,12,,,0
8019,'1478731',1808,,1073,12,,,0
8019,'1478732',1838,,1074,12,,,0
8019,'1478733',1938,,1075,12,,,0
8019,'1478734',2038,,1076,12,,,0
8019,'1478735',2138,,1077,12,,,0
8019,'1478736',2238,,1078,12,,,0
8019,'1478991',1439,,1079,12,,,0
8019,'1478992',1339,,1080,12,,,0
8019,'1478993',1509,,1081,12,,,0
8019,'1478994',1609,,1082,12,,,0
8019,'1478995',1709,,1083,12,,,0
8019,'1478996',1808,,1084,12,,,0
8019,'1478997',1908,,1085,12,,,0
8019,'1478998',2038,,1086,12,,,0
8019,'1478999',2208,,1087,12,,,0
8019,'1479000',1539,,1088,12,,,0
8019,'1479001',1738,,1089,12,,,0
8019,'1479002',1639,,1090,12,,,0
8019,'1479003',1838,,1091,12,,,0
8019,'1479004',2108,,1092,12,,,0
8019,'1479005',1938,,1093,12,,,0
8019,'1479006',1409,,1094,12,,,0
8019,'1479007',638,,1095,12,,,0
8019,'1479008',738,,1096,12,,,0
8019,'1479009',838,,1097,12,,,0
8019,'1479010',908,,1098,12,,,0
8019,'1479011',938,,1099,12,,,0
8019,'1479012',1009,,1100,12,,,0
8019,'1479013',1039,,1101,12,,,0
8019,'1479014',1109,,1102,12,,,0
8019,'1479015',1139,,1103,12,,,0
8019,'1479016',1209,,1104,12,,,0
8019,'1479017',1239,,1105,12,,,0
8019,'1479018',1309,,1106,12,,,0
8019,'1482560',738,,1107,12,,,0
8019,'1482561',838,,1108,12,,,0
8019,'1482562',938,,1109,12,,,0
8019,'1482563',1039,,1110,12,,,0
8019,'1482564',1239,,1111,12,,,0
8019,'1482565',1309,,1112,12,,,0
8019,'1482566',1339,,1113,12,,,0
8019,'1482567',1409,,1114,12,,,0
8019,'1482568',1439,,1115,12,,,0
8019,'1482569',1509,,1116,12,,,0
8019,'1482570',1539,,1117,12,,,0
8019,'1482571',1609,,1118,12,,,0
8019,'1482572',1639,,1119,12,,,0
8019,'1482573',1709,,1120,12,,,0
8019,'1482574',1738,,1121,12,,,0
8019,'1482575',1808,,1122,12,,,0
8019,'1482576',1838,,1123,12,,,0
8019,'1482577',1938,,1124,12,,,0
8019,'1482578',2038,,1125,12,,,0
8019,'1482579',2138,,1126,12,,,0
8019,'1482580',1138,,1127,12,,,0
8019,'1482581',1209,,1128,12,,,0
140000019,'1478707',2400,,1275,39,,,0
140000019,'1478990',2400,,1276,39,,,0
140000019,'1482582',2300,,1277,39,,,0
