4019,'1478457',633,,554,4,,,0
4019,'1478458',703,,555,4,,,0
4019,'1478459',748,,556,4,,,0
4019,'1478460',903,,557,4,,,0
4019,'1478461',948,,558,4,,,0
4019,'1478462',1033,,559,4,,,0
4019,'1478463',1103,,560,4,,,0
4019,'1478464',1133,,561,4,,,0
4019,'1478465',1233,,562,4,,,0
4019,'1478466',1303,,563,4,,,0
4019,'1478467',1333,,564,4,,,0
4019,'1478468',1433,,565,4,,,0
4019,'1478469',1503,,566,4,,,0
4019,'1478470',1548,,567,4,,,0
4019,'1478471',1633,,568,4,,,0
4019,'1478472',1703,,569,4,,,0
4019,'1478473',1733,,570,4,,,0
4019,'1478474',1833,,571,4,,,0
4019,'1478475',1903,,572,4,,,0
4019,'1478476',1933,,573,4,,,0
4019,'1478477',2033,,574,4,,,0
4019,'1478478',2103,,575,4,,,0
4019,'1478479',2133,,576,4,,,0
4019,'1478480',2233,,577,4,,,0
4019,'1478483',2303,,580,4,,,0
4019,'1478487',1118,,584,4,,,0
4019,'1478488',1148,,585,4,,,0
4019,'1478489',1248,,586,4,,,0
4019,'1478491',718,,588,4,,,0
4019,'1478495',848,,592,4,,,0
4019,'1478496',803,,593,4,,,0
4019,'1478497',918,,594,4,,,0
4019,'1478498',933,,595,4,,,0
4019,'1478507',1318,,604,4,,,0
4019,'1478508',1533,,605,4,,,0
4019,'1478509',1648,,606,4,,,0
4019,'1478510',1348,,607,4,,,0
4019,'1478511',1448,,608,4,,,0
4019,'1478512',1518,,609,4,,,0
4019,'1478513',1718,,610,4,,,0
4019,'1478514',1048,,611,4,,,0
4019,'1478515',2203,,612,4,,,0
4019,'1478516',2003,,613,4,,,0
4019,'1478517',1418,,614,4,,,0
4019,'1478518',1618,,615,4,,,0
4019,'1478528',603,,625,4,,,0
4019,'1478529',1003,,626,4,,,0
4019,'1478530',1203,,627,4,,,0
4019,'1478531',1403,,628,4,,,0
4019,'1478532',1603,,629,4,,,0
4019,'1478533',1803,,630,4,,,0
4019,'1478540',818,,637,4,,,0
4019,'1478541',1018,,638,4,,,0
4019,'1478542',1218,,639,4,,,0
4019,'1478544',833,,641,4,,,0
4019,'1478545',733,,642,4,,,0
4019,'1479158',603,,644,4,,,0
4019,'1479159',633,,645,4,,,0
4019,'1479160',733,,646,4,,,0
4019,'1479161',803,,647,4,,,0
4019,'1479162',833,,648,4,,,0
4019,'1479163',933,,649,4,,,0
4019,'1479164',1003,,650,4,,,0
4019,'1479165',1033,,651,4,,,0
4019,'1479166',1133,,652,4,,,0
4019,'1479167',1203,,653,4,,,0
4019,'1479168',1233,,654,4,,,0
4019,'1479169',1333,,655,4,,,0
4019,'1479170',1403,,656,4,,,0
4019,'1479171',1433,,657,4,,,0
4019,'1479172',1533,,658,4,,,0
4019,'1479173',1603,,659,4,,,0
4019,'1479174',1633,,660,4,,,0
4019,'1479175',1733,,661,4,,,0
4019,'1479176',1803,,662,4,,,0
4019,'1479177',1833,,663,4,,,0
4019,'1479178',1933,,664,4,,,0
4019,'1479179',2003,,665,4,,,0
4019,'1479180',2033,,666,4,,,0
4019,'1479181',2133,,667,4,,,0
4019,'1479182',2203,,668,4,,,0
4019,'1479183',2233,,669,4,,,0
4019,'1479212',703,,698,4,,,0
4019,'1479213',903,,699,4,,,0
4019,'1479214',1103,,700,4,,,0
4019,'1479215',1303,,701,4,,,0
4019,'1479216',1503,,702,4,,,0
4019,'1479217',1703,,703,4,,,0
4019,'1479218',1903,,704,4,,,0
4019,'1479219',2103,,705,4,,,0
4019,'1479220',2303,,706,4,,,0
4019,'1482406',703,,715,4,,,0
4019,'1482407',733,,716,4,,,0
4019,'1482408',833,,717,4,,,0
4019,'1482409',903,,718,4,,,0
4019,'1482410',933,,719,4,,,0
4019,'1482411',1033,,720,4,,,0
4019,'1482412',1103,,721,4,,,0
4019,'1482413',1133,,722,4,,,0
4019,'1482414',1233,,723,4,,,0
4019,'1482415',1303,,724,4,,,0
4019,'1482416',1333,,725,4,,,0
4019,'1482417',1433,,726,4,,,0
4019,'1482418',1503,,727,4,,,0
4019,'1482419',1533,,728,4,,,0
4019,'1482420',1633,,729,4,,,0
4019,'1482421',1703,,730,4,,,0
4019,'1482422',1733,,731,4,,,0
4019,'1482423',1833,,732,4,,,0
4019,'1482424',1903,,733,4,,,0
4019,'1482425',1933,,734,4,,,0
4019,'1482426',2033,,735,4,,,0
4019,'1482427',2103,,736,4,,,0
4019,'1482449',2133,,758,4,,,0
4019,'1482450',2003,,759,4,,,0
4019,'1482451',1803,,760,4,,,0
4019,'1482460',803,,769,4,,,0
4019,'1482461',1003,,770,4,,,0
4019,'1482462',1203,,771,4,,,0
4019,'1482463',1403,,772,4,,,0
4019,'1482464',1603,,773,4,,,0
4019,'1482583',2203,,774,4,,,0
