10005019,'1478891',620,,1129,19,,,0
10005019,'1478892',720,,1130,19,,,0
10005019,'1478893',750,,1131,19,,,0
10005019,'1478894',820,,1132,19,,,0
10005019,'1478895',850,,1133,19,,,0
10005019,'1478896',920,,1134,19,,,0
10005019,'1478897',950,,1135,19,,,0
10005019,'1478898',1020,,1136,19,,,0
10005019,'1478899',1050,,1137,19,,,0
10005019,'1478900',1120,,1138,19,,,0
10005019,'1478901',1150,,1139,19,,,0
10005019,'1478902',1220,,1140,19,,,0
10005019,'1478903',1250,,1141,19,,,0
10005019,'1478904',1320,,1142,19,,,0
10005019,'1478905',1350,,1143,19,,,0
10005019,'1478906',1420,,1144,19,,,0
10005019,'1478907',1450,,1145,19,,,0
10005019,'1478908',1520,,1146,19,,,0
10005019,'1478909',1550,,1147,19,,,0
10005019,'1478910',1620,,1148,19,,,0
10005019,'1478911',1650,,1149,19,,,0
10005019,'1478912',1720,,1150,19,,,0
10005019,'1478913',1750,,1151,19,,,0
10005019,'1478914',1820,,1152,19,,,0
10005019,'1478915',1850,,1153,19,,,0
10005019,'1478916',1920,,1154,19,,,0
10005019,'1478917',1950,,1155,19,,,0
10005019,'1478918',2020,,1156,19,,,0
10005019,'1478919',2050,,1157,19,,,0
10005019,'1478920',2120,,1158,19,,,0
10005019,'1478921',2320,,1159,19,,,0
10005019,'1478922',2220,,1160,19,,,0
10005019,'1478923',650,,1161,19,,,0
10005019,'1479129',618,,1162,19,,,0
10005019,'1479130',718,,1163,19,,,0
10005019,'1479131',820,,1164,19,,,0
10005019,'1479132',850,,1165,19,,,0
10005019,'1479133',920,,1166,19,,,0
10005019,'1479134',950,,1167,19,,,0
10005019,'1479135',1020,,1168,19,,,0
10005019,'1479136',1050,,1169,19,,,0
10005019,'1479137',1120,,1170,19,,,0
10005019,'1479138',1150,,1171,19,,,0
10005019,'1479139',1220,,1172,19,,,0
10005019,'1479140',1250,,1173,19,,,0
10005019,'1479141',1320,,1174,19,,,0
10005019,'1479142',1350,,1175,19,,,0
10005019,'1479143',1420,,1176,19,,,0
10005019,'1479144',1450,,1177,19,,,0
10005019,'1479145',1520,,1178,19,,,0
10005019,'1479146',1550,,1179,19,,,0
10005019,'1479147',1620,,1180,19,,,0
10005019,'1479148',1650,,1181,19,,,0
10005019,'1479149',1720,,1182,19,,,0
10005019,'1479150',1750,,1183,19,,,0
10005019,'1479151',1820,,1184,19,,,0
10005019,'1479152',1850,,1185,19,,,0
10005019,'1479153',1920,,1186,19,,,0
10005019,'1479154',2020,,1187,19,,,0
10005019,'1479155',2120,,1188,19,,,0
10005019,'1479156',2220,,1189,19,,,0
10005019,'1479157',2320,,1190,19,,,0
10005019,'1482465',720,,1191,19,,,0
10005019,'1482466',820,,1192,19,,,0
10005019,'1482467',920,,1193,19,,,0
10005019,'1482468',1020,,1194,19,,,0
10005019,'1482469',1120,,1195,19,,,0
10005019,'1482470',1220,,1196,19,,,0
10005019,'1482471',1320,,1197,19,,,0
10005019,'1482472',1420,,1198,19,,,0
10005019,'1482473',1520,,1199,19,,,0
10005019,'1482474',1620,,1200,19,,,0
10005019,'1482475',1720,,1201,19,,,0
10005019,'1482476',1820,,1202,19,,,0
10005019,'1482477',1850,,1203,19,,,0
10005019,'1482478',1950,,1204,19,,,0
10005019,'1482479',2050,,1205,19,,,0
10005019,'1482480',2150,,1206,19,,,0
