2029,'1478547',656,,164,14,,,0
2029,'1478548',737,,165,14,,,0
2029,'1478549',817,,166,14,,,0
2029,'1478550',1017,,167,14,,,0
2029,'1478551',1057,,168,14,,,0
2029,'1478552',1137,,169,14,,,0
2029,'1478553',1217,,170,14,,,0
2029,'1478554',1257,,171,14,,,0
2029,'1478555',1337,,172,14,,,0
2029,'1478556',1417,,173,14,,,0
2029,'1478557',1457,,174,14,,,0
2029,'1478558',1537,,175,14,,,0
2029,'1478559',1617,,176,14,,,0
2029,'1478560',1657,,177,14,,,0
2029,'1478561',1737,,178,14,,,0
2029,'1478562',1817,,179,14,,,0
2029,'1478563',1857,,180,14,,,0
2029,'1478564',1937,,181,14,,,0
2029,'1478565',2017,,182,14,,,0
2029,'1478566',2057,,183,14,,,0
2029,'1478567',2126,,184,14,,,0
2029,'1478568',2256,,185,14,,,0
2029,'1478593',857,,210,14,,,0
2029,'1478594',937,,211,14,,,0
2029,'1478595',556,,212,14,,,0
2029,'1478598',526,,215,14,,,0
2029,'1478600',626,,217,14,,,0
2029,'1478601',711,,218,14,,,0
2029,'1478602',757,,219,14,,,0
2029,'1478603',837,,220,14,,,0
2029,'1478604',917,,221,14,,,0
2029,'1478605',957,,222,14,,,0
2029,'1478606',1037,,223,14,,,0
2029,'1478607',1117,,224,14,,,0
2029,'1478608',1157,,225,14,,,0
2029,'1478609',1237,,226,14,,,0
2029,'1478610',1317,,227,14,,,0
2029,'1478611',1357,,228,14,,,0
2029,'1478612',1437,,229,14,,,0
2029,'1478613',1517,,230,14,,,0
2029,'1478614',1557,,231,14,,,0
2029,'1478615',1637,,232,14,,,0
2029,'1478616',1717,,233,14,,,0
2029,'1478617',1757,,234,14,,,0
2029,'1478618',1837,,235,14,,,0
2029,'1478619',1917,,236,14,,,0
2029,'1478620',1957,,237,14,,,0
2029,'1478621',2037,,238,14,,,0
2029,'1478622',2117,,239,14,,,0
2029,'1479290',656,,263,14,,,0
2029,'1479291',756,,264,14,,,0
2029,'1479299',833,,272,14,,,0
2029,'1479300',913,,273,14,,,0
2029,'1479301',953,,274,14,,,0
2029,'1479302',1033,,275,14,,,0
2029,'1479303',1113,,276,14,,,0
2029,'1479304',1153,,277,14,,,0
2029,'1479305',1233,,278,14,,,0
2029,'1479315',1313,,288,14,,,0
2029,'1479316',1353,,289,14,,,0
2029,'1479317',1433,,290,14,,,0
2029,'1479318',1513,,291,14,,,0
2029,'1479319',1553,,292,14,,,0
2029,'1479320',1633,,293,14,,,0
2029,'1479321',1713,,294,14,,,0
2029,'1479322',1753,,295,14,,,0
2029,'1479324',1913,,297,14,,,0
2029,'1479325',1953,,298,14,,,0
2029,'1479328',2033,,301,14,,,0
2029,'1479329',2106,,302,14,,,0
2029,'1479330',1833,,303,14,,,0
2029,'1479332',2306,,305,14,,,0
2029,'1479333',2206,,306,14,,,0
2029,'1482329',756,,329,14,,,0
2029,'1482330',837,,330,14,,,0
2029,'1482331',917,,331,14,,,0
2029,'1482332',957,,332,14,,,0
2029,'1482333',1037,,333,14,,,0
2029,'1482334',1117,,334,14,,,0
2029,'1482335',1157,,335,14,,,0
2029,'1482336',1237,,336,14,,,0
2029,'1482337',1317,,337,14,,,0
2029,'1482338',1357,,338,14,,,0
2029,'1482339',1437,,339,14,,,0
2029,'1482340',1517,,340,14,,,0
2029,'1482341',1637,,341,14,,,0
2029,'1482342',1557,,342,14,,,0
2029,'1482343',1717,,343,14,,,0
2029,'1482344',1837,,344,14,,,0
2029,'1482345',1757,,345,14,,,0
2029,'1482346',2026,,346,14,,,0
2029,'1482347',1926,,347,14,,,0
2029,'1482348',2126,,348,14,,,0
2029,'1482350',2226,,350,14,,,0
8019,'1478708',649,,1050,27,,,0
8019,'1478709',719,,1051,27,,,0
8019,'1478710',749,,1052,27,,,0
8019,'1478711',819,,1053,27,,,0
8019,'1478712',849,,1054,27,,,0
8019,'1478713',919,,1055,27,,,0
8019,'1478714',949,,1056,27,,,0
8019,'1478715',1021,,1057,27,,,0
8019,'1478716',1051,,1058,27,,,0
8019,'1478717',1121,,1059,27,,,0
8019,'1478718',1151,,1060,27,,,0
8019,'1478719',1221,,1061,27,,,0
8019,'1478720',1251,,1062,27,,,0
8019,'1478721',1321,,1063,27,,,0
8019,'1478722',1351,,1064,27,,,0
8019,'1478723',1421,,1065,27,,,0
8019,'1478724',1451,,1066,27,,,0
8019,'1478725',1521,,1067,27,,,0
8019,'1478726',1551,,1068,27,,,0
8019,'1478727',1621,,1069,27,,,0
8019,'1478728',1651,,1070,27,,,0
8019,'1478729',1721,,1071,27,,,0
8019,'1478730',1749,,1072,27,,,0
8019,'1478731',1819,,1073,27,,,0
8019,'1478732',1849,,1074,27,,,0
8019,'1478733',1949,,1075,27,,,0
8019,'1478734',2049,,1076,27,,,0
8019,'1478735',2149,,1077,27,,,0
8019,'1478736',2249,,1078,27,,,0
8019,'1478991',1451,,1079,27,,,0
8019,'1478992',1351,,1080,27,,,0
8019,'1478993',1521,,1081,27,,,0
8019,'1478994',1621,,1082,27,,,0
8019,'1478995',1721,,1083,27,,,0
8019,'1478996',1819,,1084,27,,,0
8019,'1478997',1919,,1085,27,,,0
8019,'1478998',2049,,1086,27,,,0
8019,'1478999',2219,,1087,27,,,0
8019,'1479000',1551,,1088,27,,,0
8019,'1479001',1749,,1089,27,,,0
8019,'1479002',1651,,1090,27,,,0
8019,'1479003',1849,,1091,27,,,0
8019,'1479004',2119,,1092,27,,,0
8019,'1479005',1949,,1093,27,,,0
8019,'1479006',1421,,1094,27,,,0
8019,'1479007',649,,1095,27,,,0
8019,'1479008',749,,1096,27,,,0
8019,'1479009',849,,1097,27,,,0
8019,'1479010',919,,1098,27,,,0
8019,'1479011',949,,1099,27,,,0
8019,'1479012',1021,,1100,27,,,0
8019,'1479013',1051,,1101,27,,,0
8019,'1479014',1121,,1102,27,,,0
8019,'1479015',1151,,1103,27,,,0
8019,'1479016',1221,,1104,27,,,0
8019,'1479017',1251,,1105,27,,,0
8019,'1479018',1321,,1106,27,,,0
8019,'1482560',749,,1107,27,,,0
8019,'1482561',849,,1108,27,,,0
8019,'1482562',949,,1109,27,,,0
8019,'1482563',1051,,1110,27,,,0
8019,'1482564',1251,,1111,27,,,0
8019,'1482565',1321,,1112,27,,,0
8019,'1482566',1351,,1113,27,,,0
8019,'1482567',1421,,1114,27,,,0
8019,'1482568',1451,,1115,27,,,0
8019,'1482569',1521,,1116,27,,,0
8019,'1482570',1551,,1117,27,,,0
8019,'1482571',1621,,1118,27,,,0
8019,'1482572',1651,,1119,27,,,0
8019,'1482573',1721,,1120,27,,,0
8019,'1482574',1749,,1121,27,,,0
8019,'1482575',1819,,1122,27,,,0
8019,'1482576',1849,,1123,27,,,0
8019,'1482577',1949,,1124,27,,,0
8019,'1482578',2049,,1125,27,,,0
8019,'1482579',2149,,1126,27,,,0
8019,'1482580',1150,,1127,27,,,0
8019,'1482581',1221,,1128,27,,,0
