4029,'1478434',622,,531,5,,,0
4029,'1478435',652,,532,5,,,0
4029,'1478436',737,,533,5,,,0
4029,'1478437',852,,534,5,,,0
4029,'1478438',937,,535,5,,,0
4029,'1478439',1022,,536,5,,,0
4029,'1478440',1037,,537,5,,,0
4029,'1478441',1137,,538,5,,,0
4029,'1478442',1222,,539,5,,,0
4029,'1478443',1237,,540,5,,,0
4029,'1478444',1337,,541,5,,,0
4029,'1478445',1422,,542,5,,,0
4029,'1478446',1437,,543,5,,,0
4029,'1478447',1537,,544,5,,,0
4029,'1478448',1622,,545,5,,,0
4029,'1478449',1637,,546,5,,,0
4029,'1478450',1737,,547,5,,,0
4029,'1478451',1822,,548,5,,,0
4029,'1478452',1952,,549,5,,,0
4029,'1478453',2022,,550,5,,,0
4029,'1478454',2052,,551,5,,,0
4029,'1478455',2152,,552,5,,,0
4029,'1478456',2222,,553,5,,,0
4029,'1478481',2252,,578,5,,,0
4029,'1478482',1852,,579,5,,,0
4029,'1478484',1307,,581,5,,,0
4029,'1478485',1152,,582,5,,,0
4029,'1478486',1252,,583,5,,,0
4029,'1478490',707,,587,5,,,0
4029,'1478492',952,,589,5,,,0
4029,'1478493',907,,590,5,,,0
4029,'1478494',837,,591,5,,,0
4029,'1478499',1052,,596,5,,,0
4029,'1478500',1107,,597,5,,,0
4029,'1478501',1352,,598,5,,,0
4029,'1478502',1452,,599,5,,,0
4029,'1478503',1652,,600,5,,,0
4029,'1478504',1707,,601,5,,,0
4029,'1478505',1552,,602,5,,,0
4029,'1478506',1507,,603,5,,,0
4029,'1478519',722,,616,5,,,0
4029,'1478520',922,,617,5,,,0
4029,'1478521',1122,,618,5,,,0
4029,'1478522',1322,,619,5,,,0
4029,'1478523',1522,,620,5,,,0
4029,'1478524',1722,,621,5,,,0
4029,'1478525',1922,,622,5,,,0
4029,'1478526',2122,,623,5,,,0
4029,'1478527',2322,,624,5,,,0
4029,'1478534',807,,631,5,,,0
4029,'1478535',1007,,632,5,,,0
4029,'1478536',1207,,633,5,,,0
4029,'1478537',1407,,634,5,,,0
4029,'1478538',1607,,635,5,,,0
4029,'1478539',1752,,636,5,,,0
4029,'1478543',822,,640,5,,,0
4029,'1478546',752,,643,5,,,0
4029,'1479184',622,,670,5,,,0
4029,'1479185',652,,671,5,,,0
4029,'1479186',822,,672,5,,,0
4029,'1479187',752,,673,5,,,0
4029,'1479188',852,,674,5,,,0
4029,'1479189',952,,675,5,,,0
4029,'1479190',1022,,676,5,,,0
4029,'1479191',1152,,677,5,,,0
4029,'1479192',1052,,678,5,,,0
4029,'1479193',1252,,679,5,,,0
4029,'1479194',1222,,680,5,,,0
4029,'1479195',1352,,681,5,,,0
4029,'1479196',1452,,682,5,,,0
4029,'1479197',1422,,683,5,,,0
4029,'1479198',1552,,684,5,,,0
4029,'1479199',1652,,685,5,,,0
4029,'1479200',1622,,686,5,,,0
4029,'1479201',1752,,687,5,,,0
4029,'1479202',2222,,688,5,,,0
4029,'1479203',1822,,689,5,,,0
4029,'1479204',1852,,690,5,,,0
4029,'1479205',1952,,691,5,,,0
4029,'1479206',2022,,692,5,,,0
4029,'1479207',2052,,693,5,,,0
4029,'1479208',2152,,694,5,,,0
4029,'1479209',2252,,695,5,,,0
4029,'1479210',2322,,696,5,,,0
4029,'1479211',2122,,697,5,,,0
4029,'1479221',722,,707,5,,,0
4029,'1479222',922,,708,5,,,0
4029,'1479223',1122,,709,5,,,0
4029,'1479224',1322,,710,5,,,0
4029,'1479225',1522,,711,5,,,0
4029,'1479226',1722,,712,5,,,0
4029,'1479227',1922,,713,5,,,0
4029,'1482405',2122,,714,5,,,0
4029,'1482428',722,,737,5,,,0
4029,'1482429',822,,738,5,,,0
4029,'1482430',852,,739,5,,,0
4029,'1482431',922,,740,5,,,0
4029,'1482432',1022,,741,5,,,0
4029,'1482433',1052,,742,5,,,0
4029,'1482434',1122,,743,5,,,0
4029,'1482435',1222,,744,5,,,0
4029,'1482436',1252,,745,5,,,0
4029,'1482437',1322,,746,5,,,0
4029,'1482438',1422,,747,5,,,0
4029,'1482439',1452,,748,5,,,0
4029,'1482440',1522,,749,5,,,0
4029,'1482441',1622,,750,5,,,0
4029,'1482442',1652,,751,5,,,0
4029,'1482443',1722,,752,5,,,0
4029,'1482444',1822,,753,5,,,0
4029,'1482445',1852,,754,5,,,0
4029,'1482446',1922,,755,5,,,0
4029,'1482447',2022,,756,5,,,0
4029,'1482448',2052,,757,5,,,0
4029,'1482452',752,,761,5,,,0
4029,'1482453',952,,762,5,,,0
4029,'1482454',1152,,763,5,,,0
4029,'1482455',1352,,764,5,,,0
4029,'1482456',1552,,765,5,,,0
4029,'1482457',1752,,766,5,,,0
4029,'1482458',1952,,767,5,,,0
4029,'1482459',2152,,768,5,,,0
