1029,'1478644',604,,1,3,,,0
1029,'1478645',634,,2,3,,,0
1029,'1478646',704,,3,3,,,0
1029,'1478647',734,,4,3,,,0
1029,'1478648',804,,5,3,,,0
1029,'1478649',834,,6,3,,,0
1029,'1478650',904,,7,3,,,0
1029,'1478651',934,,8,3,,,0
1029,'1478652',1004,,9,3,,,0
1029,'1478653',1034,,10,3,,,0
1029,'1478654',1106,,11,3,,,0
1029,'1478655',1146,,12,3,,,0
1029,'1478656',1226,,13,3,,,0
1029,'1478657',1306,,14,3,,,0
1029,'1478658',1346,,15,3,,,0
1029,'1478659',1426,,16,3,,,0
1029,'1478660',1506,,17,3,,,0
1029,'1478661',1546,,18,3,,,0
1029,'1478662',1626,,19,3,,,0
1029,'1478663',1706,,20,3,,,0
1029,'1478664',1746,,21,3,,,0
1029,'1478665',1819,,22,3,,,0
1029,'1478666',1849,,23,3,,,0
1029,'1478667',1919,,24,3,,,0
1029,'1478668',1949,,25,3,,,0
1029,'1478669',2019,,26,3,,,0
1029,'1478670',2049,,27,3,,,0
1029,'1478671',2119,,28,3,,,0
1029,'1478672',2149,,29,3,,,0
1029,'1478673',2219,,30,3,,,0
1029,'1478674',2249,,31,3,,,0
1029,'1478706',2319,,63,3,,,0
1029,'1479336',619,,64,3,,,0
1029,'1479337',719,,65,3,,,0
1029,'1479340',819,,68,3,,,0
1029,'1479341',849,,69,3,,,0
1029,'1479342',919,,70,3,,,0
1029,'1479343',949,,71,3,,,0
1029,'1479344',1026,,72,3,,,0
1029,'1479345',1106,,73,3,,,0
1029,'1479353',1146,,81,3,,,0
1029,'1479354',1226,,82,3,,,0
1029,'1479355',1306,,83,3,,,0
1029,'1479356',2129,,84,3,,,0
1029,'1479357',1346,,85,3,,,0
1029,'1479358',1426,,86,3,,,0
1029,'1479359',1506,,87,3,,,0
1029,'1479361',1546,,89,3,,,0
1029,'1479362',1626,,90,3,,,0
1029,'1479363',1706,,91,3,,,0
1029,'1479364',1746,,92,3,,,0
1029,'1479365',1819,,93,3,,,0
1029,'1479377',2229,,105,3,,,0
1029,'1479378',1849,,106,3,,,0
1029,'1479379',1919,,107,3,,,0
1029,'1479380',1949,,108,3,,,0
1029,'1479381',2019,,109,3,,,0
1029,'1479382',2049,,110,3,,,0
1029,'1482285',719,,140,3,,,0
1029,'1482286',819,,141,3,,,0
1029,'1482287',849,,142,3,,,0
1029,'1482288',919,,143,3,,,0
1029,'1482289',949,,144,3,,,0
1029,'1482290',1019,,145,3,,,0
1029,'1482291',1049,,146,3,,,0
1029,'1482292',1126,,147,3,,,0
1029,'1482293',1206,,148,3,,,0
1029,'1482294',1246,,149,3,,,0
1029,'1482295',1326,,150,3,,,0
1029,'1482296',1406,,151,3,,,0
1029,'1482297',1446,,152,3,,,0
1029,'1482298',1526,,153,3,,,0
1029,'1482299',1606,,154,3,,,0
1029,'1482300',1646,,155,3,,,0
1029,'1482301',1719,,156,3,,,0
1029,'1482302',1749,,157,3,,,0
1029,'1482303',1819,,158,3,,,0
1029,'1482304',1849,,159,3,,,0
1029,'1482305',1919,,160,3,,,0
1029,'1482306',2019,,161,3,,,0
1029,'1482307',2119,,162,3,,,0
1029,'1482308',2219,,163,3,,,0
