2029,'1478547',654,,164,10,,,0
2029,'1478548',733,,165,10,,,0
2029,'1478549',813,,166,10,,,0
2029,'1478550',1013,,167,10,,,0
2029,'1478551',1053,,168,10,,,0
2029,'1478552',1133,,169,10,,,0
2029,'1478553',1213,,170,10,,,0
2029,'1478554',1253,,171,10,,,0
2029,'1478555',1333,,172,10,,,0
2029,'1478556',1413,,173,10,,,0
2029,'1478557',1453,,174,10,,,0
2029,'1478558',1533,,175,10,,,0
2029,'1478559',1613,,176,10,,,0
2029,'1478560',1653,,177,10,,,0
2029,'1478561',1733,,178,10,,,0
2029,'1478562',1813,,179,10,,,0
2029,'1478563',1853,,180,10,,,0
2029,'1478564',1933,,181,10,,,0
2029,'1478565',2013,,182,10,,,0
2029,'1478566',2053,,183,10,,,0
2029,'1478567',2124,,184,10,,,0
2029,'1478568',2254,,185,10,,,0
2029,'1478593',853,,210,10,,,0
2029,'1478594',933,,211,10,,,0
2029,'1478595',554,,212,10,,,0
2029,'1478598',524,,215,10,,,0
2029,'1478600',624,,217,10,,,0
2029,'1478601',709,,218,10,,,0
2029,'1478602',753,,219,10,,,0
2029,'1478603',833,,220,10,,,0
2029,'1478604',913,,221,10,,,0
2029,'1478605',953,,222,10,,,0
2029,'1478606',1033,,223,10,,,0
2029,'1478607',1113,,224,10,,,0
2029,'1478608',1153,,225,10,,,0
2029,'1478609',1233,,226,10,,,0
2029,'1478610',1313,,227,10,,,0
2029,'1478611',1353,,228,10,,,0
2029,'1478612',1433,,229,10,,,0
2029,'1478613',1513,,230,10,,,0
2029,'1478614',1553,,231,10,,,0
2029,'1478615',1633,,232,10,,,0
2029,'1478616',1713,,233,10,,,0
2029,'1478617',1753,,234,10,,,0
2029,'1478618',1833,,235,10,,,0
2029,'1478619',1913,,236,10,,,0
2029,'1478620',1953,,237,10,,,0
2029,'1478621',2033,,238,10,,,0
2029,'1478622',2113,,239,10,,,0
2029,'1479290',654,,263,10,,,0
2029,'1479291',754,,264,10,,,0
2029,'1479299',830,,272,10,,,0
2029,'1479300',910,,273,10,,,0
2029,'1479301',950,,274,10,,,0
2029,'1479302',1030,,275,10,,,0
2029,'1479303',1110,,276,10,,,0
2029,'1479304',1150,,277,10,,,0
2029,'1479305',1230,,278,10,,,0
2029,'1479315',1310,,288,10,,,0
2029,'1479316',1350,,289,10,,,0
2029,'1479317',1430,,290,10,,,0
2029,'1479318',1510,,291,10,,,0
2029,'1479319',1550,,292,10,,,0
2029,'1479320',1630,,293,10,,,0
2029,'1479321',1710,,294,10,,,0
2029,'1479322',1750,,295,10,,,0
2029,'1479324',1910,,297,10,,,0
2029,'1479325',1950,,298,10,,,0
2029,'1479328',2030,,301,10,,,0
2029,'1479329',2104,,302,10,,,0
2029,'1479330',1830,,303,10,,,0
2029,'1479332',2304,,305,10,,,0
2029,'1479333',2204,,306,10,,,0
2029,'1482329',754,,329,10,,,0
2029,'1482330',833,,330,10,,,0
2029,'1482331',913,,331,10,,,0
2029,'1482332',953,,332,10,,,0
2029,'1482333',1033,,333,10,,,0
2029,'1482334',1113,,334,10,,,0
2029,'1482335',1153,,335,10,,,0
2029,'1482336',1233,,336,10,,,0
2029,'1482337',1313,,337,10,,,0
2029,'1482338',1353,,338,10,,,0
2029,'1482339',1433,,339,10,,,0
2029,'1482340',1513,,340,10,,,0
2029,'1482341',1633,,341,10,,,0
2029,'1482342',1553,,342,10,,,0
2029,'1482343',1713,,343,10,,,0
2029,'1482344',1833,,344,10,,,0
2029,'1482345',1753,,345,10,,,0
2029,'1482346',2024,,346,10,,,0
2029,'1482347',1924,,347,10,,,0
2029,'1482348',2124,,348,10,,,0
2029,'1482350',2224,,350,10,,,0
