8019,'1478708',644,,1050,21,,,0
8019,'1478709',714,,1051,21,,,0
8019,'1478710',744,,1052,21,,,0
8019,'1478711',814,,1053,21,,,0
8019,'1478712',844,,1054,21,,,0
8019,'1478713',914,,1055,21,,,0
8019,'1478714',944,,1056,21,,,0
8019,'1478715',1016,,1057,21,,,0
8019,'1478716',1046,,1058,21,,,0
8019,'1478717',1116,,1059,21,,,0
8019,'1478718',1146,,1060,21,,,0
8019,'1478719',1216,,1061,21,,,0
8019,'1478720',1246,,1062,21,,,0
8019,'1478721',1316,,1063,21,,,0
8019,'1478722',1346,,1064,21,,,0
8019,'1478723',1416,,1065,21,,,0
8019,'1478724',1446,,1066,21,,,0
8019,'1478725',1516,,1067,21,,,0
8019,'1478726',1546,,1068,21,,,0
8019,'1478727',1616,,1069,21,,,0
8019,'1478728',1646,,1070,21,,,0
8019,'1478729',1716,,1071,21,,,0
8019,'1478730',1744,,1072,21,,,0
8019,'1478731',1814,,1073,21,,,0
8019,'1478732',1844,,1074,21,,,0
8019,'1478733',1944,,1075,21,,,0
8019,'1478734',2044,,1076,21,,,0
8019,'1478735',2144,,1077,21,,,0
8019,'1478736',2244,,1078,21,,,0
8019,'1478991',1446,,1079,21,,,0
8019,'1478992',1346,,1080,21,,,0
8019,'1478993',1516,,1081,21,,,0
8019,'1478994',1616,,1082,21,,,0
8019,'1478995',1716,,1083,21,,,0
8019,'1478996',1814,,1084,21,,,0
8019,'1478997',1914,,1085,21,,,0
8019,'1478998',2044,,1086,21,,,0
8019,'1478999',2214,,1087,21,,,0
8019,'1479000',1546,,1088,21,,,0
8019,'1479001',1744,,1089,21,,,0
8019,'1479002',1646,,1090,21,,,0
8019,'1479003',1844,,1091,21,,,0
8019,'1479004',2114,,1092,21,,,0
8019,'1479005',1944,,1093,21,,,0
8019,'1479006',1416,,1094,21,,,0
8019,'1479007',644,,1095,21,,,0
8019,'1479008',744,,1096,21,,,0
8019,'1479009',844,,1097,21,,,0
8019,'1479010',914,,1098,21,,,0
8019,'1479011',944,,1099,21,,,0
8019,'1479012',1016,,1100,21,,,0
8019,'1479013',1046,,1101,21,,,0
8019,'1479014',1116,,1102,21,,,0
8019,'1479015',1146,,1103,21,,,0
8019,'1479016',1216,,1104,21,,,0
8019,'1479017',1246,,1105,21,,,0
8019,'1479018',1316,,1106,21,,,0
8019,'1482560',744,,1107,21,,,0
8019,'1482561',844,,1108,21,,,0
8019,'1482562',944,,1109,21,,,0
8019,'1482563',1046,,1110,21,,,0
8019,'1482564',1246,,1111,21,,,0
8019,'1482565',1316,,1112,21,,,0
8019,'1482566',1346,,1113,21,,,0
8019,'1482567',1416,,1114,21,,,0
8019,'1482568',1446,,1115,21,,,0
8019,'1482569',1516,,1116,21,,,0
8019,'1482570',1546,,1117,21,,,0
8019,'1482571',1616,,1118,21,,,0
8019,'1482572',1646,,1119,21,,,0
8019,'1482573',1716,,1120,21,,,0
8019,'1482574',1744,,1121,21,,,0
8019,'1482575',1814,,1122,21,,,0
8019,'1482576',1844,,1123,21,,,0
8019,'1482577',1944,,1124,21,,,0
8019,'1482578',2044,,1125,21,,,0
8019,'1482579',2144,,1126,21,,,0
8019,'1482580',1145,,1127,21,,,0
8019,'1482581',1216,,1128,21,,,0
