3029,'1478924',620,,351,4,,,0
3029,'1478925',720,,352,4,,,0
3029,'1478926',750,,353,4,,,0
3029,'1478927',820,,354,4,,,0
3029,'1478928',850,,355,4,,,0
3029,'1478929',920,,356,4,,,0
3029,'1478930',950,,357,4,,,0
3029,'1478931',1020,,358,4,,,0
3029,'1478932',1050,,359,4,,,0
3029,'1478933',1120,,360,4,,,0
3029,'1478934',1150,,361,4,,,0
3029,'1478935',1220,,362,4,,,0
3029,'1478936',1250,,363,4,,,0
3029,'1478937',1320,,364,4,,,0
3029,'1478938',1350,,365,4,,,0
3029,'1478939',1420,,366,4,,,0
3029,'1478940',1450,,367,4,,,0
3029,'1478941',1520,,368,4,,,0
3029,'1478942',1550,,369,4,,,0
3029,'1478943',1620,,370,4,,,0
3029,'1478944',1650,,371,4,,,0
3029,'1478945',1720,,372,4,,,0
3029,'1478946',1750,,373,4,,,0
3029,'1478947',1820,,374,4,,,0
3029,'1478948',1850,,375,4,,,0
3029,'1478949',1920,,376,4,,,0
3029,'1478950',1950,,377,4,,,0
3029,'1478951',2020,,378,4,,,0
3029,'1478952',2150,,379,4,,,0
3029,'1478953',2050,,380,4,,,0
3029,'1478954',2220,,381,4,,,0
3029,'1478988',650,,415,4,,,0
3029,'1478989',2320,,416,4,,,0
3029,'1479246',2053,,435,4,,,0
3029,'1479247',621,,436,4,,,0
3029,'1479248',721,,437,4,,,0
3029,'1479249',823,,438,4,,,0
3029,'1479250',853,,439,4,,,0
3029,'1479251',953,,440,4,,,0
3029,'1479252',1023,,441,4,,,0
3029,'1479253',1153,,442,4,,,0
3029,'1479254',1053,,443,4,,,0
3029,'1479255',1223,,444,4,,,0
3029,'1479256',1253,,445,4,,,0
3029,'1479257',1353,,446,4,,,0
3029,'1479258',1423,,447,4,,,0
3029,'1479259',1453,,448,4,,,0
3029,'1479260',1623,,449,4,,,0
3029,'1479261',1653,,450,4,,,0
3029,'1479262',1753,,451,4,,,0
3029,'1479263',1823,,452,4,,,0
3029,'1479267',1853,,456,4,,,0
3029,'1479268',1953,,457,4,,,0
3029,'1479269',2023,,458,4,,,0
3029,'1479270',2151,,459,4,,,0
3029,'1479273',2251,,462,4,,,0
3029,'1479274',1553,,463,4,,,0
3029,'1479276',1723,,465,4,,,0
3029,'1479277',1923,,466,4,,,0
3029,'1479284',923,,473,4,,,0
3029,'1479285',1123,,474,4,,,0
3029,'1479286',1323,,475,4,,,0
3029,'1479287',1523,,476,4,,,0
3029,'1482371',1920,,497,4,,,0
3029,'1482372',1250,,498,4,,,0
3029,'1482373',950,,499,4,,,0
3029,'1482374',820,,500,4,,,0
3029,'1482375',1150,,501,4,,,0
3029,'1482376',1020,,502,4,,,0
3029,'1482377',1650,,503,4,,,0
3029,'1482378',1750,,504,4,,,0
3029,'1482379',850,,505,4,,,0
3029,'1482380',1050,,506,4,,,0
3029,'1482381',1220,,507,4,,,0
3029,'1482382',750,,508,4,,,0
3029,'1482383',1420,,509,4,,,0
3029,'1482384',1350,,510,4,,,0
3029,'1482385',1450,,511,4,,,0
3029,'1482386',1620,,512,4,,,0
3029,'1482387',1550,,513,4,,,0
3029,'1482388',2020,,514,4,,,0
3029,'1482389',2120,,515,4,,,0
3029,'1482390',1820,,516,4,,,0
3029,'1482391',2220,,517,4,,,0
3029,'1482393',1850,,519,4,,,0
3029,'1482394',1720,,520,4,,,0
3029,'1482395',1320,,521,4,,,0
3029,'1482396',1520,,522,4,,,0
3029,'1482403',920,,529,4,,,0
3029,'1482404',1120,,530,4,,,0
