10005019,'1478891',613,,1129,13,,,0
10005019,'1478892',713,,1130,13,,,0
10005019,'1478893',743,,1131,13,,,0
10005019,'1478894',813,,1132,13,,,0
10005019,'1478895',843,,1133,13,,,0
10005019,'1478896',913,,1134,13,,,0
10005019,'1478897',943,,1135,13,,,0
10005019,'1478898',1013,,1136,13,,,0
10005019,'1478899',1043,,1137,13,,,0
10005019,'1478900',1113,,1138,13,,,0
10005019,'1478901',1143,,1139,13,,,0
10005019,'1478902',1213,,1140,13,,,0
10005019,'1478903',1243,,1141,13,,,0
10005019,'1478904',1313,,1142,13,,,0
10005019,'1478905',1343,,1143,13,,,0
10005019,'1478906',1413,,1144,13,,,0
10005019,'1478907',1443,,1145,13,,,0
10005019,'1478908',1513,,1146,13,,,0
10005019,'1478909',1543,,1147,13,,,0
10005019,'1478910',1613,,1148,13,,,0
10005019,'1478911',1643,,1149,13,,,0
10005019,'1478912',1713,,1150,13,,,0
10005019,'1478913',1743,,1151,13,,,0
10005019,'1478914',1813,,1152,13,,,0
10005019,'1478915',1843,,1153,13,,,0
10005019,'1478916',1913,,1154,13,,,0
10005019,'1478917',1943,,1155,13,,,0
10005019,'1478918',2013,,1156,13,,,0
10005019,'1478919',2043,,1157,13,,,0
10005019,'1478920',2113,,1158,13,,,0
10005019,'1478921',2313,,1159,13,,,0
10005019,'1478922',2213,,1160,13,,,0
10005019,'1478923',643,,1161,13,,,0
10005019,'1479129',612,,1162,13,,,0
10005019,'1479130',712,,1163,13,,,0
10005019,'1479131',813,,1164,13,,,0
10005019,'1479132',843,,1165,13,,,0
10005019,'1479133',913,,1166,13,,,0
10005019,'1479134',943,,1167,13,,,0
10005019,'1479135',1013,,1168,13,,,0
10005019,'1479136',1043,,1169,13,,,0
10005019,'1479137',1113,,1170,13,,,0
10005019,'1479138',1143,,1171,13,,,0
10005019,'1479139',1213,,1172,13,,,0
10005019,'1479140',1243,,1173,13,,,0
10005019,'1479141',1313,,1174,13,,,0
10005019,'1479142',1343,,1175,13,,,0
10005019,'1479143',1413,,1176,13,,,0
10005019,'1479144',1443,,1177,13,,,0
10005019,'1479145',1513,,1178,13,,,0
10005019,'1479146',1543,,1179,13,,,0
10005019,'1479147',1613,,1180,13,,,0
10005019,'1479148',1643,,1181,13,,,0
10005019,'1479149',1713,,1182,13,,,0
10005019,'1479150',1743,,1183,13,,,0
10005019,'1479151',1813,,1184,13,,,0
10005019,'1479152',1843,,1185,13,,,0
10005019,'1479153',1913,,1186,13,,,0
10005019,'1479154',2013,,1187,13,,,0
10005019,'1479155',2113,,1188,13,,,0
10005019,'1479156',2213,,1189,13,,,0
10005019,'1479157',2313,,1190,13,,,0
10005019,'1482465',713,,1191,13,,,0
10005019,'1482466',813,,1192,13,,,0
10005019,'1482467',913,,1193,13,,,0
10005019,'1482468',1013,,1194,13,,,0
10005019,'1482469',1113,,1195,13,,,0
10005019,'1482470',1213,,1196,13,,,0
10005019,'1482471',1313,,1197,13,,,0
10005019,'1482472',1413,,1198,13,,,0
10005019,'1482473',1513,,1199,13,,,0
10005019,'1482474',1613,,1200,13,,,0
10005019,'1482475',1713,,1201,13,,,0
10005019,'1482476',1813,,1202,13,,,0
10005019,'1482477',1843,,1203,13,,,0
10005019,'1482478',1943,,1204,13,,,0
10005019,'1482479',2043,,1205,13,,,0
10005019,'1482480',2143,,1206,13,,,0
