4019,'1478457',638,,554,10,,,0
4019,'1478458',708,,555,10,,,0
4019,'1478459',753,,556,10,,,0
4019,'1478460',908,,557,10,,,0
4019,'1478461',953,,558,10,,,0
4019,'1478462',1038,,559,10,,,0
4019,'1478463',1108,,560,10,,,0
4019,'1478464',1138,,561,10,,,0
4019,'1478465',1238,,562,10,,,0
4019,'1478466',1308,,563,10,,,0
4019,'1478467',1338,,564,10,,,0
4019,'1478468',1438,,565,10,,,0
4019,'1478469',1508,,566,10,,,0
4019,'1478470',1553,,567,10,,,0
4019,'1478471',1638,,568,10,,,0
4019,'1478472',1708,,569,10,,,0
4019,'1478473',1738,,570,10,,,0
4019,'1478474',1838,,571,10,,,0
4019,'1478475',1908,,572,10,,,0
4019,'1478476',1938,,573,10,,,0
4019,'1478477',2038,,574,10,,,0
4019,'1478478',2108,,575,10,,,0
4019,'1478479',2138,,576,10,,,0
4019,'1478480',2238,,577,10,,,0
4019,'1478483',2308,,580,10,,,0
4019,'1478487',1123,,584,10,,,0
4019,'1478488',1153,,585,10,,,0
4019,'1478489',1253,,586,10,,,0
4019,'1478491',723,,588,10,,,0
4019,'1478495',853,,592,10,,,0
4019,'1478496',808,,593,10,,,0
4019,'1478497',923,,594,10,,,0
4019,'1478498',938,,595,10,,,0
4019,'1478507',1323,,604,10,,,0
4019,'1478508',1538,,605,10,,,0
4019,'1478509',1653,,606,10,,,0
4019,'1478510',1353,,607,10,,,0
4019,'1478511',1453,,608,10,,,0
4019,'1478512',1523,,609,10,,,0
4019,'1478513',1723,,610,10,,,0
4019,'1478514',1053,,611,10,,,0
4019,'1478515',2208,,612,10,,,0
4019,'1478516',2008,,613,10,,,0
4019,'1478517',1423,,614,10,,,0
4019,'1478518',1623,,615,10,,,0
4019,'1478528',608,,625,10,,,0
4019,'1478529',1008,,626,10,,,0
4019,'1478530',1208,,627,10,,,0
4019,'1478531',1408,,628,10,,,0
4019,'1478532',1608,,629,10,,,0
4019,'1478533',1808,,630,10,,,0
4019,'1478540',823,,637,10,,,0
4019,'1478541',1023,,638,10,,,0
4019,'1478542',1223,,639,10,,,0
4019,'1478544',838,,641,10,,,0
4019,'1478545',738,,642,10,,,0
4019,'1479158',608,,644,10,,,0
4019,'1479159',638,,645,10,,,0
4019,'1479160',738,,646,10,,,0
4019,'1479161',808,,647,10,,,0
4019,'1479162',838,,648,10,,,0
4019,'1479163',938,,649,10,,,0
4019,'1479164',1008,,650,10,,,0
4019,'1479165',1038,,651,10,,,0
4019,'1479166',1138,,652,10,,,0
4019,'1479167',1208,,653,10,,,0
4019,'1479168',1238,,654,10,,,0
4019,'1479169',1338,,655,10,,,0
4019,'1479170',1408,,656,10,,,0
4019,'1479171',1438,,657,10,,,0
4019,'1479172',1538,,658,10,,,0
4019,'1479173',1608,,659,10,,,0
4019,'1479174',1638,,660,10,,,0
4019,'1479175',1738,,661,10,,,0
4019,'1479176',1808,,662,10,,,0
4019,'1479177',1838,,663,10,,,0
4019,'1479178',1938,,664,10,,,0
4019,'1479179',2008,,665,10,,,0
4019,'1479180',2038,,666,10,,,0
4019,'1479181',2138,,667,10,,,0
4019,'1479182',2208,,668,10,,,0
4019,'1479183',2238,,669,10,,,0
4019,'1479212',708,,698,10,,,0
4019,'1479213',908,,699,10,,,0
4019,'1479214',1108,,700,10,,,0
4019,'1479215',1308,,701,10,,,0
4019,'1479216',1508,,702,10,,,0
4019,'1479217',1708,,703,10,,,0
4019,'1479218',1908,,704,10,,,0
4019,'1479219',2108,,705,10,,,0
4019,'1479220',2308,,706,10,,,0
4019,'1482406',708,,715,10,,,0
4019,'1482407',738,,716,10,,,0
4019,'1482408',838,,717,10,,,0
4019,'1482409',908,,718,10,,,0
4019,'1482410',938,,719,10,,,0
4019,'1482411',1038,,720,10,,,0
4019,'1482412',1108,,721,10,,,0
4019,'1482413',1138,,722,10,,,0
4019,'1482414',1238,,723,10,,,0
4019,'1482415',1308,,724,10,,,0
4019,'1482416',1338,,725,10,,,0
4019,'1482417',1438,,726,10,,,0
4019,'1482418',1508,,727,10,,,0
4019,'1482419',1538,,728,10,,,0
4019,'1482420',1638,,729,10,,,0
4019,'1482421',1708,,730,10,,,0
4019,'1482422',1738,,731,10,,,0
4019,'1482423',1838,,732,10,,,0
4019,'1482424',1908,,733,10,,,0
4019,'1482425',1938,,734,10,,,0
4019,'1482426',2038,,735,10,,,0
4019,'1482427',2108,,736,10,,,0
4019,'1482449',2138,,758,10,,,0
4019,'1482450',2008,,759,10,,,0
4019,'1482451',1808,,760,10,,,0
4019,'1482460',808,,769,10,,,0
4019,'1482461',1008,,770,10,,,0
4019,'1482462',1208,,771,10,,,0
4019,'1482463',1408,,772,10,,,0
4019,'1482464',1608,,773,10,,,0
4019,'1482583',2208,,774,10,,,0
140000019,'1478707',2403,,1275,43,,,0
140000019,'1478990',2403,,1276,43,,,0
140000019,'1482582',2303,,1277,43,,,0
