1029,'1478644',607,,1,5,,,0
1029,'1478645',637,,2,5,,,0
1029,'1478646',707,,3,5,,,0
1029,'1478647',737,,4,5,,,0
1029,'1478648',807,,5,5,,,0
1029,'1478649',837,,6,5,,,0
1029,'1478650',907,,7,5,,,0
1029,'1478651',937,,8,5,,,0
1029,'1478652',1007,,9,5,,,0
1029,'1478653',1037,,10,5,,,0
1029,'1478654',1109,,11,5,,,0
1029,'1478655',1149,,12,5,,,0
1029,'1478656',1229,,13,5,,,0
1029,'1478657',1309,,14,5,,,0
1029,'1478658',1349,,15,5,,,0
1029,'1478659',1429,,16,5,,,0
1029,'1478660',1509,,17,5,,,0
1029,'1478661',1549,,18,5,,,0
1029,'1478662',1629,,19,5,,,0
1029,'1478663',1709,,20,5,,,0
1029,'1478664',1749,,21,5,,,0
1029,'1478665',1822,,22,5,,,0
1029,'1478666',1852,,23,5,,,0
1029,'1478667',1922,,24,5,,,0
1029,'1478668',1952,,25,5,,,0
1029,'1478669',2022,,26,5,,,0
1029,'1478670',2052,,27,5,,,0
1029,'1478671',2122,,28,5,,,0
1029,'1478672',2152,,29,5,,,0
1029,'1478673',2222,,30,5,,,0
1029,'1478674',2252,,31,5,,,0
1029,'1478706',2322,,63,5,,,0
1029,'1479336',622,,64,5,,,0
1029,'1479337',722,,65,5,,,0
1029,'1479340',822,,68,5,,,0
1029,'1479341',852,,69,5,,,0
1029,'1479342',922,,70,5,,,0
1029,'1479343',952,,71,5,,,0
1029,'1479344',1029,,72,5,,,0
1029,'1479345',1109,,73,5,,,0
1029,'1479353',1149,,81,5,,,0
1029,'1479354',1229,,82,5,,,0
1029,'1479355',1309,,83,5,,,0
1029,'1479356',2132,,84,5,,,0
1029,'1479357',1349,,85,5,,,0
1029,'1479358',1429,,86,5,,,0
1029,'1479359',1509,,87,5,,,0
1029,'1479361',1549,,89,5,,,0
1029,'1479362',1629,,90,5,,,0
1029,'1479363',1709,,91,5,,,0
1029,'1479364',1749,,92,5,,,0
1029,'1479365',1822,,93,5,,,0
1029,'1479377',2232,,105,5,,,0
1029,'1479378',1852,,106,5,,,0
1029,'1479379',1922,,107,5,,,0
1029,'1479380',1952,,108,5,,,0
1029,'1479381',2022,,109,5,,,0
1029,'1479382',2052,,110,5,,,0
1029,'1482285',722,,140,5,,,0
1029,'1482286',822,,141,5,,,0
1029,'1482287',852,,142,5,,,0
1029,'1482288',922,,143,5,,,0
1029,'1482289',952,,144,5,,,0
1029,'1482290',1022,,145,5,,,0
1029,'1482291',1052,,146,5,,,0
1029,'1482292',1129,,147,5,,,0
1029,'1482293',1209,,148,5,,,0
1029,'1482294',1249,,149,5,,,0
1029,'1482295',1329,,150,5,,,0
1029,'1482296',1409,,151,5,,,0
1029,'1482297',1449,,152,5,,,0
1029,'1482298',1529,,153,5,,,0
1029,'1482299',1609,,154,5,,,0
1029,'1482300',1649,,155,5,,,0
1029,'1482301',1722,,156,5,,,0
1029,'1482302',1752,,157,5,,,0
1029,'1482303',1822,,158,5,,,0
1029,'1482304',1852,,159,5,,,0
1029,'1482305',1922,,160,5,,,0
1029,'1482306',2022,,161,5,,,0
1029,'1482307',2122,,162,5,,,0
1029,'1482308',2222,,163,5,,,0
