6019,'1478821',640,,806,17,,,0
6019,'1478822',740,,807,17,,,0
6019,'1478823',810,,808,17,,,0
6019,'1478824',840,,809,17,,,0
6019,'1478825',910,,810,17,,,0
6019,'1478826',940,,811,17,,,0
6019,'1478827',1010,,812,17,,,0
6019,'1478828',1040,,813,17,,,0
6019,'1478829',1110,,814,17,,,0
6019,'1478830',1140,,815,17,,,0
6019,'1478831',1210,,816,17,,,0
6019,'1478832',1240,,817,17,,,0
6019,'1478833',1310,,818,17,,,0
6019,'1478834',1340,,819,17,,,0
6019,'1478835',1410,,820,17,,,0
6019,'1478836',1440,,821,17,,,0
6019,'1478837',1510,,822,17,,,0
6019,'1478838',1540,,823,17,,,0
6019,'1478839',1610,,824,17,,,0
6019,'1478840',1640,,825,17,,,0
6019,'1478841',1710,,826,17,,,0
6019,'1478842',1740,,827,17,,,0
6019,'1478843',1810,,828,17,,,0
6019,'1478844',1840,,829,17,,,0
6019,'1478845',1910,,830,17,,,0
6019,'1478846',1940,,831,17,,,0
6019,'1478847',2010,,832,17,,,0
6019,'1478848',2040,,833,17,,,0
6019,'1478849',2110,,834,17,,,0
6019,'1478850',2210,,835,17,,,0
6019,'1478851',2310,,836,17,,,0
6019,'1478852',540,,837,17,,,0
6019,'1478853',710,,838,17,,,0
6019,'1478855',610,,840,17,,,0
6019,'1479065',610,,842,17,,,0
6019,'1479066',640,,843,17,,,0
6019,'1479067',710,,844,17,,,0
6019,'1479068',740,,845,17,,,0
6019,'1479069',810,,846,17,,,0
6019,'1479070',910,,847,17,,,0
6019,'1479071',1010,,848,17,,,0
6019,'1479072',1110,,849,17,,,0
6019,'1479073',1210,,850,17,,,0
6019,'1479074',1310,,851,17,,,0
6019,'1479075',1410,,852,17,,,0
6019,'1479076',1510,,853,17,,,0
6019,'1479077',1610,,854,17,,,0
6019,'1479078',1710,,855,17,,,0
6019,'1479079',1810,,856,17,,,0
6019,'1479080',1910,,857,17,,,0
6019,'1479081',2010,,858,17,,,0
6019,'1479082',2110,,859,17,,,0
6019,'1479083',2210,,860,17,,,0
6019,'1479103',2308,,880,17,,,0
6019,'1482491',710,,882,17,,,0
6019,'1482492',810,,883,17,,,0
6019,'1482493',910,,884,17,,,0
6019,'1482494',1010,,885,17,,,0
6019,'1482495',1110,,886,17,,,0
6019,'1482496',1210,,887,17,,,0
6019,'1482497',1310,,888,17,,,0
6019,'1482498',1410,,889,17,,,0
6019,'1482499',1510,,890,17,,,0
6019,'1482500',1610,,891,17,,,0
6019,'1482501',1710,,892,17,,,0
6019,'1482502',1810,,893,17,,,0
6019,'1482503',1910,,894,17,,,0
6019,'1482504',2010,,895,17,,,0
6019,'1482505',2110,,896,17,,,0
6019,'1482506',2208,,897,17,,,0
