1019,'1478675',2203,,32,3,,,0
1019,'1478676',618,,33,3,,,0
1019,'1478677',648,,34,3,,,0
1019,'1478678',718,,35,3,,,0
1019,'1478679',748,,36,3,,,0
1019,'1478680',818,,37,3,,,0
1019,'1478681',848,,38,3,,,0
1019,'1478682',918,,39,3,,,0
1019,'1478683',948,,40,3,,,0
1019,'1478684',1018,,41,3,,,0
1019,'1478685',1048,,42,3,,,0
1019,'1478686',1125,,43,3,,,0
1019,'1478687',1205,,44,3,,,0
1019,'1478688',1245,,45,3,,,0
1019,'1478689',1325,,46,3,,,0
1019,'1478690',1405,,47,3,,,0
1019,'1478691',1445,,48,3,,,0
1019,'1478692',1525,,49,3,,,0
1019,'1478693',1605,,50,3,,,0
1019,'1478694',1645,,51,3,,,0
1019,'1478695',1725,,52,3,,,0
1019,'1478696',1803,,53,3,,,0
1019,'1478697',1833,,54,3,,,0
1019,'1478698',1903,,55,3,,,0
1019,'1478699',1933,,56,3,,,0
1019,'1478700',2003,,57,3,,,0
1019,'1478701',2033,,58,3,,,0
1019,'1478702',2103,,59,3,,,0
1019,'1478703',2133,,60,3,,,0
1019,'1478704',2233,,61,3,,,0
1019,'1478705',2303,,62,3,,,0
1019,'1479338',603,,66,3,,,0
1019,'1479339',703,,67,3,,,0
1019,'1479346',803,,74,3,,,0
1019,'1479347',833,,75,3,,,0
1019,'1479348',903,,76,3,,,0
1019,'1479349',933,,77,3,,,0
1019,'1479350',1005,,78,3,,,0
1019,'1479351',1045,,79,3,,,0
1019,'1479352',1125,,80,3,,,0
1019,'1479360',1803,,88,3,,,0
1019,'1479366',1205,,94,3,,,0
1019,'1479367',1245,,95,3,,,0
1019,'1479368',1725,,96,3,,,0
1019,'1479369',1325,,97,3,,,0
1019,'1479370',1405,,98,3,,,0
1019,'1479371',1445,,99,3,,,0
1019,'1479372',1525,,100,3,,,0
1019,'1479373',1645,,101,3,,,0
1019,'1479374',1605,,102,3,,,0
1019,'1479375',2213,,103,3,,,0
1019,'1479376',2113,,104,3,,,0
1019,'1479383',1833,,111,3,,,0
1019,'1479384',1903,,112,3,,,0
1019,'1479385',1933,,113,3,,,0
1019,'1479386',2003,,114,3,,,0
1019,'1479387',2033,,115,3,,,0
1019,'1482261',703,,116,3,,,0
1019,'1482262',803,,117,3,,,0
1019,'1482263',833,,118,3,,,0
1019,'1482264',903,,119,3,,,0
1019,'1482265',933,,120,3,,,0
1019,'1482266',1003,,121,3,,,0
1019,'1482267',1033,,122,3,,,0
1019,'1482268',1105,,123,3,,,0
1019,'1482269',1145,,124,3,,,0
1019,'1482270',1225,,125,3,,,0
1019,'1482271',1305,,126,3,,,0
1019,'1482272',1345,,127,3,,,0
1019,'1482273',1425,,128,3,,,0
1019,'1482274',1505,,129,3,,,0
1019,'1482275',1545,,130,3,,,0
1019,'1482276',1625,,131,3,,,0
1019,'1482277',1703,,132,3,,,0
1019,'1482278',1733,,133,3,,,0
1019,'1482279',1803,,134,3,,,0
1019,'1482280',1833,,135,3,,,0
1019,'1482281',1903,,136,3,,,0
1019,'1482282',2003,,137,3,,,0
1019,'1482283',2103,,138,3,,,0
1019,'1482284',2203,,139,3,,,0
