10005019,'1478891',617,,1129,16,,,0
10005019,'1478892',717,,1130,16,,,0
10005019,'1478893',747,,1131,16,,,0
10005019,'1478894',817,,1132,16,,,0
10005019,'1478895',847,,1133,16,,,0
10005019,'1478896',917,,1134,16,,,0
10005019,'1478897',947,,1135,16,,,0
10005019,'1478898',1017,,1136,16,,,0
10005019,'1478899',1047,,1137,16,,,0
10005019,'1478900',1117,,1138,16,,,0
10005019,'1478901',1147,,1139,16,,,0
10005019,'1478902',1217,,1140,16,,,0
10005019,'1478903',1247,,1141,16,,,0
10005019,'1478904',1317,,1142,16,,,0
10005019,'1478905',1347,,1143,16,,,0
10005019,'1478906',1417,,1144,16,,,0
10005019,'1478907',1447,,1145,16,,,0
10005019,'1478908',1517,,1146,16,,,0
10005019,'1478909',1547,,1147,16,,,0
10005019,'1478910',1617,,1148,16,,,0
10005019,'1478911',1647,,1149,16,,,0
10005019,'1478912',1717,,1150,16,,,0
10005019,'1478913',1747,,1151,16,,,0
10005019,'1478914',1817,,1152,16,,,0
10005019,'1478915',1847,,1153,16,,,0
10005019,'1478916',1917,,1154,16,,,0
10005019,'1478917',1947,,1155,16,,,0
10005019,'1478918',2017,,1156,16,,,0
10005019,'1478919',2047,,1157,16,,,0
10005019,'1478920',2117,,1158,16,,,0
10005019,'1478921',2317,,1159,16,,,0
10005019,'1478922',2217,,1160,16,,,0
10005019,'1478923',647,,1161,16,,,0
10005019,'1479129',615,,1162,16,,,0
10005019,'1479130',715,,1163,16,,,0
10005019,'1479131',817,,1164,16,,,0
10005019,'1479132',847,,1165,16,,,0
10005019,'1479133',917,,1166,16,,,0
10005019,'1479134',947,,1167,16,,,0
10005019,'1479135',1017,,1168,16,,,0
10005019,'1479136',1047,,1169,16,,,0
10005019,'1479137',1117,,1170,16,,,0
10005019,'1479138',1147,,1171,16,,,0
10005019,'1479139',1217,,1172,16,,,0
10005019,'1479140',1247,,1173,16,,,0
10005019,'1479141',1317,,1174,16,,,0
10005019,'1479142',1347,,1175,16,,,0
10005019,'1479143',1417,,1176,16,,,0
10005019,'1479144',1447,,1177,16,,,0
10005019,'1479145',1517,,1178,16,,,0
10005019,'1479146',1547,,1179,16,,,0
10005019,'1479147',1617,,1180,16,,,0
10005019,'1479148',1647,,1181,16,,,0
10005019,'1479149',1717,,1182,16,,,0
10005019,'1479150',1747,,1183,16,,,0
10005019,'1479151',1817,,1184,16,,,0
10005019,'1479152',1847,,1185,16,,,0
10005019,'1479153',1917,,1186,16,,,0
10005019,'1479154',2017,,1187,16,,,0
10005019,'1479155',2117,,1188,16,,,0
10005019,'1479156',2217,,1189,16,,,0
10005019,'1479157',2317,,1190,16,,,0
10005019,'1482465',717,,1191,16,,,0
10005019,'1482466',817,,1192,16,,,0
10005019,'1482467',917,,1193,16,,,0
10005019,'1482468',1017,,1194,16,,,0
10005019,'1482469',1117,,1195,16,,,0
10005019,'1482470',1217,,1196,16,,,0
10005019,'1482471',1317,,1197,16,,,0
10005019,'1482472',1417,,1198,16,,,0
10005019,'1482473',1517,,1199,16,,,0
10005019,'1482474',1617,,1200,16,,,0
10005019,'1482475',1717,,1201,16,,,0
10005019,'1482476',1817,,1202,16,,,0
10005019,'1482477',1847,,1203,16,,,0
10005019,'1482478',1947,,1204,16,,,0
10005019,'1482479',2047,,1205,16,,,0
10005019,'1482480',2147,,1206,16,,,0
