10005019,'1478891',614,,1129,14,,,0
10005019,'1478892',714,,1130,14,,,0
10005019,'1478893',744,,1131,14,,,0
10005019,'1478894',814,,1132,14,,,0
10005019,'1478895',844,,1133,14,,,0
10005019,'1478896',914,,1134,14,,,0
10005019,'1478897',944,,1135,14,,,0
10005019,'1478898',1014,,1136,14,,,0
10005019,'1478899',1044,,1137,14,,,0
10005019,'1478900',1114,,1138,14,,,0
10005019,'1478901',1144,,1139,14,,,0
10005019,'1478902',1214,,1140,14,,,0
10005019,'1478903',1244,,1141,14,,,0
10005019,'1478904',1314,,1142,14,,,0
10005019,'1478905',1344,,1143,14,,,0
10005019,'1478906',1414,,1144,14,,,0
10005019,'1478907',1444,,1145,14,,,0
10005019,'1478908',1514,,1146,14,,,0
10005019,'1478909',1544,,1147,14,,,0
10005019,'1478910',1614,,1148,14,,,0
10005019,'1478911',1644,,1149,14,,,0
10005019,'1478912',1714,,1150,14,,,0
10005019,'1478913',1744,,1151,14,,,0
10005019,'1478914',1814,,1152,14,,,0
10005019,'1478915',1844,,1153,14,,,0
10005019,'1478916',1914,,1154,14,,,0
10005019,'1478917',1944,,1155,14,,,0
10005019,'1478918',2014,,1156,14,,,0
10005019,'1478919',2044,,1157,14,,,0
10005019,'1478920',2114,,1158,14,,,0
10005019,'1478921',2314,,1159,14,,,0
10005019,'1478922',2214,,1160,14,,,0
10005019,'1478923',644,,1161,14,,,0
10005019,'1479129',613,,1162,14,,,0
10005019,'1479130',713,,1163,14,,,0
10005019,'1479131',814,,1164,14,,,0
10005019,'1479132',844,,1165,14,,,0
10005019,'1479133',914,,1166,14,,,0
10005019,'1479134',944,,1167,14,,,0
10005019,'1479135',1014,,1168,14,,,0
10005019,'1479136',1044,,1169,14,,,0
10005019,'1479137',1114,,1170,14,,,0
10005019,'1479138',1144,,1171,14,,,0
10005019,'1479139',1214,,1172,14,,,0
10005019,'1479140',1244,,1173,14,,,0
10005019,'1479141',1314,,1174,14,,,0
10005019,'1479142',1344,,1175,14,,,0
10005019,'1479143',1414,,1176,14,,,0
10005019,'1479144',1444,,1177,14,,,0
10005019,'1479145',1514,,1178,14,,,0
10005019,'1479146',1544,,1179,14,,,0
10005019,'1479147',1614,,1180,14,,,0
10005019,'1479148',1644,,1181,14,,,0
10005019,'1479149',1714,,1182,14,,,0
10005019,'1479150',1744,,1183,14,,,0
10005019,'1479151',1814,,1184,14,,,0
10005019,'1479152',1844,,1185,14,,,0
10005019,'1479153',1914,,1186,14,,,0
10005019,'1479154',2014,,1187,14,,,0
10005019,'1479155',2114,,1188,14,,,0
10005019,'1479156',2214,,1189,14,,,0
10005019,'1479157',2314,,1190,14,,,0
10005019,'1482465',714,,1191,14,,,0
10005019,'1482466',814,,1192,14,,,0
10005019,'1482467',914,,1193,14,,,0
10005019,'1482468',1014,,1194,14,,,0
10005019,'1482469',1114,,1195,14,,,0
10005019,'1482470',1214,,1196,14,,,0
10005019,'1482471',1314,,1197,14,,,0
10005019,'1482472',1414,,1198,14,,,0
10005019,'1482473',1514,,1199,14,,,0
10005019,'1482474',1614,,1200,14,,,0
10005019,'1482475',1714,,1201,14,,,0
10005019,'1482476',1814,,1202,14,,,0
10005019,'1482477',1844,,1203,14,,,0
10005019,'1482478',1944,,1204,14,,,0
10005019,'1482479',2044,,1205,14,,,0
10005019,'1482480',2144,,1206,14,,,0
