8019,'1478708',637,,1050,10,,,0
8019,'1478709',707,,1051,10,,,0
8019,'1478710',737,,1052,10,,,0
8019,'1478711',807,,1053,10,,,0
8019,'1478712',837,,1054,10,,,0
8019,'1478713',907,,1055,10,,,0
8019,'1478714',937,,1056,10,,,0
8019,'1478715',1007,,1057,10,,,0
8019,'1478716',1037,,1058,10,,,0
8019,'1478717',1107,,1059,10,,,0
8019,'1478718',1137,,1060,10,,,0
8019,'1478719',1207,,1061,10,,,0
8019,'1478720',1237,,1062,10,,,0
8019,'1478721',1307,,1063,10,,,0
8019,'1478722',1337,,1064,10,,,0
8019,'1478723',1407,,1065,10,,,0
8019,'1478724',1437,,1066,10,,,0
8019,'1478725',1507,,1067,10,,,0
8019,'1478726',1537,,1068,10,,,0
8019,'1478727',1607,,1069,10,,,0
8019,'1478728',1637,,1070,10,,,0
8019,'1478729',1707,,1071,10,,,0
8019,'1478730',1737,,1072,10,,,0
8019,'1478731',1807,,1073,10,,,0
8019,'1478732',1837,,1074,10,,,0
8019,'1478733',1937,,1075,10,,,0
8019,'1478734',2037,,1076,10,,,0
8019,'1478735',2137,,1077,10,,,0
8019,'1478736',2237,,1078,10,,,0
8019,'1478991',1437,,1079,10,,,0
8019,'1478992',1337,,1080,10,,,0
8019,'1478993',1507,,1081,10,,,0
8019,'1478994',1607,,1082,10,,,0
8019,'1478995',1707,,1083,10,,,0
8019,'1478996',1807,,1084,10,,,0
8019,'1478997',1907,,1085,10,,,0
8019,'1478998',2037,,1086,10,,,0
8019,'1478999',2207,,1087,10,,,0
8019,'1479000',1537,,1088,10,,,0
8019,'1479001',1737,,1089,10,,,0
8019,'1479002',1637,,1090,10,,,0
8019,'1479003',1837,,1091,10,,,0
8019,'1479004',2107,,1092,10,,,0
8019,'1479005',1937,,1093,10,,,0
8019,'1479006',1407,,1094,10,,,0
8019,'1479007',637,,1095,10,,,0
8019,'1479008',737,,1096,10,,,0
8019,'1479009',837,,1097,10,,,0
8019,'1479010',907,,1098,10,,,0
8019,'1479011',937,,1099,10,,,0
8019,'1479012',1007,,1100,10,,,0
8019,'1479013',1037,,1101,10,,,0
8019,'1479014',1107,,1102,10,,,0
8019,'1479015',1137,,1103,10,,,0
8019,'1479016',1207,,1104,10,,,0
8019,'1479017',1237,,1105,10,,,0
8019,'1479018',1307,,1106,10,,,0
8019,'1482560',737,,1107,10,,,0
8019,'1482561',837,,1108,10,,,0
8019,'1482562',937,,1109,10,,,0
8019,'1482563',1037,,1110,10,,,0
8019,'1482564',1237,,1111,10,,,0
8019,'1482565',1307,,1112,10,,,0
8019,'1482566',1337,,1113,10,,,0
8019,'1482567',1407,,1114,10,,,0
8019,'1482568',1437,,1115,10,,,0
8019,'1482569',1507,,1116,10,,,0
8019,'1482570',1537,,1117,10,,,0
8019,'1482571',1607,,1118,10,,,0
8019,'1482572',1637,,1119,10,,,0
8019,'1482573',1707,,1120,10,,,0
8019,'1482574',1737,,1121,10,,,0
8019,'1482575',1807,,1122,10,,,0
8019,'1482576',1837,,1123,10,,,0
8019,'1482577',1937,,1124,10,,,0
8019,'1482578',2037,,1125,10,,,0
8019,'1482579',2137,,1126,10,,,0
8019,'1482580',1137,,1127,10,,,0
8019,'1482581',1207,,1128,10,,,0
