10005019,'1478891',618,,1129,17,,,0
10005019,'1478892',718,,1130,17,,,0
10005019,'1478893',748,,1131,17,,,0
10005019,'1478894',818,,1132,17,,,0
10005019,'1478895',848,,1133,17,,,0
10005019,'1478896',918,,1134,17,,,0
10005019,'1478897',948,,1135,17,,,0
10005019,'1478898',1018,,1136,17,,,0
10005019,'1478899',1048,,1137,17,,,0
10005019,'1478900',1118,,1138,17,,,0
10005019,'1478901',1148,,1139,17,,,0
10005019,'1478902',1218,,1140,17,,,0
10005019,'1478903',1248,,1141,17,,,0
10005019,'1478904',1318,,1142,17,,,0
10005019,'1478905',1348,,1143,17,,,0
10005019,'1478906',1418,,1144,17,,,0
10005019,'1478907',1448,,1145,17,,,0
10005019,'1478908',1518,,1146,17,,,0
10005019,'1478909',1548,,1147,17,,,0
10005019,'1478910',1618,,1148,17,,,0
10005019,'1478911',1648,,1149,17,,,0
10005019,'1478912',1718,,1150,17,,,0
10005019,'1478913',1748,,1151,17,,,0
10005019,'1478914',1818,,1152,17,,,0
10005019,'1478915',1848,,1153,17,,,0
10005019,'1478916',1918,,1154,17,,,0
10005019,'1478917',1948,,1155,17,,,0
10005019,'1478918',2018,,1156,17,,,0
10005019,'1478919',2048,,1157,17,,,0
10005019,'1478920',2118,,1158,17,,,0
10005019,'1478921',2318,,1159,17,,,0
10005019,'1478922',2218,,1160,17,,,0
10005019,'1478923',648,,1161,17,,,0
10005019,'1479129',617,,1162,17,,,0
10005019,'1479130',717,,1163,17,,,0
10005019,'1479131',818,,1164,17,,,0
10005019,'1479132',848,,1165,17,,,0
10005019,'1479133',918,,1166,17,,,0
10005019,'1479134',948,,1167,17,,,0
10005019,'1479135',1018,,1168,17,,,0
10005019,'1479136',1048,,1169,17,,,0
10005019,'1479137',1118,,1170,17,,,0
10005019,'1479138',1148,,1171,17,,,0
10005019,'1479139',1218,,1172,17,,,0
10005019,'1479140',1248,,1173,17,,,0
10005019,'1479141',1318,,1174,17,,,0
10005019,'1479142',1348,,1175,17,,,0
10005019,'1479143',1418,,1176,17,,,0
10005019,'1479144',1448,,1177,17,,,0
10005019,'1479145',1518,,1178,17,,,0
10005019,'1479146',1548,,1179,17,,,0
10005019,'1479147',1618,,1180,17,,,0
10005019,'1479148',1648,,1181,17,,,0
10005019,'1479149',1718,,1182,17,,,0
10005019,'1479150',1748,,1183,17,,,0
10005019,'1479151',1818,,1184,17,,,0
10005019,'1479152',1848,,1185,17,,,0
10005019,'1479153',1918,,1186,17,,,0
10005019,'1479154',2018,,1187,17,,,0
10005019,'1479155',2118,,1188,17,,,0
10005019,'1479156',2218,,1189,17,,,0
10005019,'1479157',2318,,1190,17,,,0
10005019,'1482465',718,,1191,17,,,0
10005019,'1482466',818,,1192,17,,,0
10005019,'1482467',918,,1193,17,,,0
10005019,'1482468',1018,,1194,17,,,0
10005019,'1482469',1118,,1195,17,,,0
10005019,'1482470',1218,,1196,17,,,0
10005019,'1482471',1318,,1197,17,,,0
10005019,'1482472',1418,,1198,17,,,0
10005019,'1482473',1518,,1199,17,,,0
10005019,'1482474',1618,,1200,17,,,0
10005019,'1482475',1718,,1201,17,,,0
10005019,'1482476',1818,,1202,17,,,0
10005019,'1482477',1848,,1203,17,,,0
10005019,'1482478',1948,,1204,17,,,0
10005019,'1482479',2048,,1205,17,,,0
10005019,'1482480',2148,,1206,17,,,0
