6029,'1478790',609,,775,11,,,0
6029,'1478791',709,,776,11,,,0
6029,'1478792',739,,777,11,,,0
6029,'1478793',809,,778,11,,,0
6029,'1478794',839,,779,11,,,0
6029,'1478795',909,,780,11,,,0
6029,'1478796',939,,781,11,,,0
6029,'1478797',1009,,782,11,,,0
6029,'1478798',1039,,783,11,,,0
6029,'1478799',1109,,784,11,,,0
6029,'1478800',1139,,785,11,,,0
6029,'1478801',1209,,786,11,,,0
6029,'1478802',1239,,787,11,,,0
6029,'1478803',1309,,788,11,,,0
6029,'1478804',1339,,789,11,,,0
6029,'1478805',1409,,790,11,,,0
6029,'1478806',1439,,791,11,,,0
6029,'1478807',1509,,792,11,,,0
6029,'1478808',1539,,793,11,,,0
6029,'1478809',1609,,794,11,,,0
6029,'1478810',1639,,795,11,,,0
6029,'1478811',1709,,796,11,,,0
6029,'1478812',1739,,797,11,,,0
6029,'1478813',1809,,798,11,,,0
6029,'1478814',1839,,799,11,,,0
6029,'1478815',1909,,800,11,,,0
6029,'1478816',1939,,801,11,,,0
6029,'1478817',2009,,802,11,,,0
6029,'1478818',2039,,803,11,,,0
6029,'1478819',2139,,804,11,,,0
6029,'1478820',2239,,805,11,,,0
6029,'1478854',539,,839,11,,,0
6029,'1478856',639,,841,11,,,0
6029,'1479084',639,,861,11,,,0
6029,'1479085',709,,862,11,,,0
6029,'1479086',739,,863,11,,,0
6029,'1479087',839,,864,11,,,0
6029,'1479088',939,,865,11,,,0
6029,'1479089',1039,,866,11,,,0
6029,'1479090',1139,,867,11,,,0
6029,'1479091',1239,,868,11,,,0
6029,'1479092',1339,,869,11,,,0
6029,'1479093',1439,,870,11,,,0
6029,'1479094',1539,,871,11,,,0
6029,'1479095',1639,,872,11,,,0
6029,'1479096',1739,,873,11,,,0
6029,'1479097',1839,,874,11,,,0
6029,'1479098',1939,,875,11,,,0
6029,'1479099',2039,,876,11,,,0
6029,'1479100',2139,,877,11,,,0
6029,'1479101',2239,,878,11,,,0
6029,'1479102',609,,879,11,,,0
6029,'1479104',809,,881,11,,,0
6029,'1482507',739,,898,11,,,0
6029,'1482508',839,,899,11,,,0
6029,'1482509',939,,900,11,,,0
6029,'1482510',1139,,901,11,,,0
6029,'1482511',1039,,902,11,,,0
6029,'1482512',1339,,903,11,,,0
6029,'1482513',1239,,904,11,,,0
6029,'1482514',1439,,905,11,,,0
6029,'1482515',1539,,906,11,,,0
6029,'1482516',1639,,907,11,,,0
6029,'1482517',1739,,908,11,,,0
6029,'1482518',1839,,909,11,,,0
6029,'1482519',1939,,910,11,,,0
6029,'1482520',2039,,911,11,,,0
6029,'1482521',2139,,912,11,,,0
140000019,'1478707',2340,,1275,11,,,0
140000019,'1478990',2340,,1276,11,,,0
140000019,'1482582',2240,,1277,11,,,0
