2019,'1478569',634,,186,6,,,0
2019,'1478570',704,,187,6,,,0
2019,'1478571',1426,,188,6,,,0
2019,'1478572',746,,189,6,,,0
2019,'1478573',1506,,190,6,,,0
2019,'1478574',1106,,191,6,,,0
2019,'1478575',946,,192,6,,,0
2019,'1478576',1226,,193,6,,,0
2019,'1478577',826,,194,6,,,0
2019,'1478578',1146,,195,6,,,0
2019,'1478579',1306,,196,6,,,0
2019,'1478580',1026,,197,6,,,0
2019,'1478581',1346,,198,6,,,0
2019,'1478582',1546,,199,6,,,0
2019,'1478583',1626,,200,6,,,0
2019,'1478584',1746,,201,6,,,0
2019,'1478585',1706,,202,6,,,0
2019,'1478586',1906,,203,6,,,0
2019,'1478587',1826,,204,6,,,0
2019,'1478588',1946,,205,6,,,0
2019,'1478589',2026,,206,6,,,0
2019,'1478590',2104,,207,6,,,0
2019,'1478591',2234,,208,6,,,0
2019,'1478592',906,,209,6,,,0
2019,'1478596',504,,213,6,,,0
2019,'1478597',534,,214,6,,,0
2019,'1478599',604,,216,6,,,0
2019,'1478623',724,,240,6,,,0
2019,'1478624',2046,,241,6,,,0
2019,'1478625',806,,242,6,,,0
2019,'1478626',846,,243,6,,,0
2019,'1478627',926,,244,6,,,0
2019,'1478628',1006,,245,6,,,0
2019,'1478629',1046,,246,6,,,0
2019,'1478630',1126,,247,6,,,0
2019,'1478631',1206,,248,6,,,0
2019,'1478632',1246,,249,6,,,0
2019,'1478633',1326,,250,6,,,0
2019,'1478634',1406,,251,6,,,0
2019,'1478635',1446,,252,6,,,0
2019,'1478636',1526,,253,6,,,0
2019,'1478637',1606,,254,6,,,0
2019,'1478638',1646,,255,6,,,0
2019,'1478639',1726,,256,6,,,0
2019,'1478640',1806,,257,6,,,0
2019,'1478641',1846,,258,6,,,0
2019,'1478642',1926,,259,6,,,0
2019,'1478643',2006,,260,6,,,0
2019,'1479288',634,,261,6,,,0
2019,'1479289',734,,262,6,,,0
2019,'1479292',804,,265,6,,,0
2019,'1479293',844,,266,6,,,0
2019,'1479294',924,,267,6,,,0
2019,'1479295',1004,,268,6,,,0
2019,'1479296',1044,,269,6,,,0
2019,'1479297',1124,,270,6,,,0
2019,'1479298',1204,,271,6,,,0
2019,'1479306',1244,,279,6,,,0
2019,'1479307',1324,,280,6,,,0
2019,'1479308',1404,,281,6,,,0
2019,'1479309',1444,,282,6,,,0
2019,'1479310',1524,,283,6,,,0
2019,'1479311',1604,,284,6,,,0
2019,'1479312',1644,,285,6,,,0
2019,'1479313',1724,,286,6,,,0
2019,'1479314',1804,,287,6,,,0
2019,'1479323',1924,,296,6,,,0
2019,'1479326',2044,,299,6,,,0
2019,'1479327',2144,,300,6,,,0
2019,'1479331',2004,,304,6,,,0
2019,'1479334',2244,,307,6,,,0
2019,'1479335',1844,,308,6,,,0
2019,'1482309',734,,309,6,,,0
2019,'1482310',806,,310,6,,,0
2019,'1482311',846,,311,6,,,0
2019,'1482312',926,,312,6,,,0
2019,'1482313',1006,,313,6,,,0
2019,'1482314',1046,,314,6,,,0
2019,'1482315',1126,,315,6,,,0
2019,'1482316',1206,,316,6,,,0
2019,'1482317',1246,,317,6,,,0
2019,'1482318',1326,,318,6,,,0
2019,'1482319',1406,,319,6,,,0
2019,'1482320',1446,,320,6,,,0
2019,'1482321',1526,,321,6,,,0
2019,'1482322',1606,,322,6,,,0
2019,'1482323',1646,,323,6,,,0
2019,'1482324',1726,,324,6,,,0
2019,'1482325',1806,,325,6,,,0
2019,'1482326',1904,,326,6,,,0
2019,'1482327',2004,,327,6,,,0
2019,'1482328',2104,,328,6,,,0
2019,'1482349',2204,,349,6,,,0
140000019,'1478707',2358,,1275,35,,,0
140000019,'1478990',2358,,1276,35,,,0
140000019,'1482582',2258,,1277,35,,,0
