20005019,'1478857',642,,1207,12,,,0
20005019,'1478858',712,,1208,12,,,0
20005019,'1478859',742,,1209,12,,,0
20005019,'1478860',812,,1210,12,,,0
20005019,'1478861',842,,1211,12,,,0
20005019,'1478862',912,,1212,12,,,0
20005019,'1478863',942,,1213,12,,,0
20005019,'1478864',1012,,1214,12,,,0
20005019,'1478865',1042,,1215,12,,,0
20005019,'1478866',1112,,1216,12,,,0
20005019,'1478867',1142,,1217,12,,,0
20005019,'1478868',1212,,1218,12,,,0
20005019,'1478869',1242,,1219,12,,,0
20005019,'1478870',1312,,1220,12,,,0
20005019,'1478871',1342,,1221,12,,,0
20005019,'1478872',1412,,1222,12,,,0
20005019,'1478873',1442,,1223,12,,,0
20005019,'1478874',1512,,1224,12,,,0
20005019,'1478875',1542,,1225,12,,,0
20005019,'1478876',1612,,1226,12,,,0
20005019,'1478877',1642,,1227,12,,,0
20005019,'1478878',1712,,1228,12,,,0
20005019,'1478879',1742,,1229,12,,,0
20005019,'1478880',1812,,1230,12,,,0
20005019,'1478881',1842,,1231,12,,,0
20005019,'1478882',1912,,1232,12,,,0
20005019,'1478883',1942,,1233,12,,,0
20005019,'1478884',2012,,1234,12,,,0
20005019,'1478885',2142,,1235,12,,,0
20005019,'1478886',2242,,1236,12,,,0
20005019,'1478887',2042,,1237,12,,,0
20005019,'1478888',512,,1238,12,,,0
20005019,'1478889',542,,1239,12,,,0
20005019,'1478890',612,,1240,12,,,0
20005019,'1479105',812,,1241,12,,,0
20005019,'1479106',842,,1242,12,,,0
20005019,'1479107',912,,1243,12,,,0
20005019,'1479108',942,,1244,12,,,0
20005019,'1479109',1012,,1245,12,,,0
20005019,'1479110',1042,,1246,12,,,0
20005019,'1479111',1112,,1247,12,,,0
20005019,'1479112',1142,,1248,12,,,0
20005019,'1479113',1212,,1249,12,,,0
20005019,'1479114',1242,,1250,12,,,0
20005019,'1479115',1312,,1251,12,,,0
20005019,'1479116',1342,,1252,12,,,0
20005019,'1479117',1412,,1253,12,,,0
20005019,'1479118',1442,,1254,12,,,0
20005019,'1479119',1512,,1255,12,,,0
20005019,'1479120',1542,,1256,12,,,0
20005019,'1479121',1612,,1257,12,,,0
20005019,'1479122',1642,,1258,12,,,0
20005019,'1479123',1712,,1259,12,,,0
20005019,'1479124',1742,,1260,12,,,0
20005019,'1479125',1812,,1261,12,,,0
20005019,'1479126',1842,,1262,12,,,0
20005019,'1479127',1912,,1263,12,,,0
20005019,'1479128',2012,,1264,12,,,0
20005019,'1482481',842,,1265,12,,,0
20005019,'1482482',942,,1266,12,,,0
20005019,'1482483',1042,,1267,12,,,0
20005019,'1482484',1142,,1268,12,,,0
20005019,'1482485',1242,,1269,12,,,0
20005019,'1482486',1342,,1270,12,,,0
20005019,'1482487',1442,,1271,12,,,0
20005019,'1482488',1542,,1272,12,,,0
20005019,'1482489',1642,,1273,12,,,0
20005019,'1482490',1742,,1274,12,,,0
