2029,'1478547',647,,164,3,,,0
2029,'1478548',724,,165,3,,,0
2029,'1478549',804,,166,3,,,0
2029,'1478550',1004,,167,3,,,0
2029,'1478551',1044,,168,3,,,0
2029,'1478552',1124,,169,3,,,0
2029,'1478553',1204,,170,3,,,0
2029,'1478554',1244,,171,3,,,0
2029,'1478555',1324,,172,3,,,0
2029,'1478556',1404,,173,3,,,0
2029,'1478557',1444,,174,3,,,0
2029,'1478558',1524,,175,3,,,0
2029,'1478559',1604,,176,3,,,0
2029,'1478560',1644,,177,3,,,0
2029,'1478561',1724,,178,3,,,0
2029,'1478562',1804,,179,3,,,0
2029,'1478563',1844,,180,3,,,0
2029,'1478564',1924,,181,3,,,0
2029,'1478565',2004,,182,3,,,0
2029,'1478566',2044,,183,3,,,0
2029,'1478567',2117,,184,3,,,0
2029,'1478568',2247,,185,3,,,0
2029,'1478593',844,,210,3,,,0
2029,'1478594',924,,211,3,,,0
2029,'1478595',547,,212,3,,,0
2029,'1478598',517,,215,3,,,0
2029,'1478600',617,,217,3,,,0
2029,'1478601',702,,218,3,,,0
2029,'1478602',744,,219,3,,,0
2029,'1478603',824,,220,3,,,0
2029,'1478604',904,,221,3,,,0
2029,'1478605',944,,222,3,,,0
2029,'1478606',1024,,223,3,,,0
2029,'1478607',1104,,224,3,,,0
2029,'1478608',1144,,225,3,,,0
2029,'1478609',1224,,226,3,,,0
2029,'1478610',1304,,227,3,,,0
2029,'1478611',1344,,228,3,,,0
2029,'1478612',1424,,229,3,,,0
2029,'1478613',1504,,230,3,,,0
2029,'1478614',1544,,231,3,,,0
2029,'1478615',1624,,232,3,,,0
2029,'1478616',1704,,233,3,,,0
2029,'1478617',1744,,234,3,,,0
2029,'1478618',1824,,235,3,,,0
2029,'1478619',1904,,236,3,,,0
2029,'1478620',1944,,237,3,,,0
2029,'1478621',2024,,238,3,,,0
2029,'1478622',2104,,239,3,,,0
2029,'1479290',647,,263,3,,,0
2029,'1479291',747,,264,3,,,0
2029,'1479299',822,,272,3,,,0
2029,'1479300',902,,273,3,,,0
2029,'1479301',942,,274,3,,,0
2029,'1479302',1022,,275,3,,,0
2029,'1479303',1102,,276,3,,,0
2029,'1479304',1142,,277,3,,,0
2029,'1479305',1222,,278,3,,,0
2029,'1479315',1302,,288,3,,,0
2029,'1479316',1342,,289,3,,,0
2029,'1479317',1422,,290,3,,,0
2029,'1479318',1502,,291,3,,,0
2029,'1479319',1542,,292,3,,,0
2029,'1479320',1622,,293,3,,,0
2029,'1479321',1702,,294,3,,,0
2029,'1479322',1742,,295,3,,,0
2029,'1479324',1902,,297,3,,,0
2029,'1479325',1942,,298,3,,,0
2029,'1479328',2022,,301,3,,,0
2029,'1479329',2057,,302,3,,,0
2029,'1479330',1822,,303,3,,,0
2029,'1479332',2257,,305,3,,,0
2029,'1479333',2157,,306,3,,,0
2029,'1482329',747,,329,3,,,0
2029,'1482330',824,,330,3,,,0
2029,'1482331',904,,331,3,,,0
2029,'1482332',944,,332,3,,,0
2029,'1482333',1024,,333,3,,,0
2029,'1482334',1104,,334,3,,,0
2029,'1482335',1144,,335,3,,,0
2029,'1482336',1224,,336,3,,,0
2029,'1482337',1304,,337,3,,,0
2029,'1482338',1344,,338,3,,,0
2029,'1482339',1424,,339,3,,,0
2029,'1482340',1504,,340,3,,,0
2029,'1482341',1624,,341,3,,,0
2029,'1482342',1544,,342,3,,,0
2029,'1482343',1704,,343,3,,,0
2029,'1482344',1824,,344,3,,,0
2029,'1482345',1744,,345,3,,,0
2029,'1482346',2017,,346,3,,,0
2029,'1482347',1917,,347,3,,,0
2029,'1482348',2117,,348,3,,,0
2029,'1482350',2217,,350,3,,,0
