1019,'1478675',2200,,32,1,,,0
1019,'1478676',615,,33,1,,,0
1019,'1478677',645,,34,1,,,0
1019,'1478678',715,,35,1,,,0
1019,'1478679',745,,36,1,,,0
1019,'1478680',815,,37,1,,,0
1019,'1478681',845,,38,1,,,0
1019,'1478682',915,,39,1,,,0
1019,'1478683',945,,40,1,,,0
1019,'1478684',1015,,41,1,,,0
1019,'1478685',1045,,42,1,,,0
1019,'1478686',1120,,43,1,,,0
1019,'1478687',1200,,44,1,,,0
1019,'1478688',1240,,45,1,,,0
1019,'1478689',1320,,46,1,,,0
1019,'1478690',1400,,47,1,,,0
1019,'1478691',1440,,48,1,,,0
1019,'1478692',1520,,49,1,,,0
1019,'1478693',1600,,50,1,,,0
1019,'1478694',1640,,51,1,,,0
1019,'1478695',1720,,52,1,,,0
1019,'1478696',1800,,53,1,,,0
1019,'1478697',1830,,54,1,,,0
1019,'1478698',1900,,55,1,,,0
1019,'1478699',1930,,56,1,,,0
1019,'1478700',2000,,57,1,,,0
1019,'1478701',2030,,58,1,,,0
1019,'1478702',2100,,59,1,,,0
1019,'1478703',2130,,60,1,,,0
1019,'1478704',2230,,61,1,,,0
1019,'1478705',2300,,62,1,,,0
1019,'1479338',600,,66,1,,,0
1019,'1479339',700,,67,1,,,0
1019,'1479346',800,,74,1,,,0
1019,'1479347',830,,75,1,,,0
1019,'1479348',900,,76,1,,,0
1019,'1479349',930,,77,1,,,0
1019,'1479350',1000,,78,1,,,0
1019,'1479351',1040,,79,1,,,0
1019,'1479352',1120,,80,1,,,0
1019,'1479360',1800,,88,1,,,0
1019,'1479366',1200,,94,1,,,0
1019,'1479367',1240,,95,1,,,0
1019,'1479368',1720,,96,1,,,0
1019,'1479369',1320,,97,1,,,0
1019,'1479370',1400,,98,1,,,0
1019,'1479371',1440,,99,1,,,0
1019,'1479372',1520,,100,1,,,0
1019,'1479373',1640,,101,1,,,0
1019,'1479374',1600,,102,1,,,0
1019,'1479375',2210,,103,1,,,0
1019,'1479376',2110,,104,1,,,0
1019,'1479383',1830,,111,1,,,0
1019,'1479384',1900,,112,1,,,0
1019,'1479385',1930,,113,1,,,0
1019,'1479386',2000,,114,1,,,0
1019,'1479387',2030,,115,1,,,0
1019,'1482261',700,,116,1,,,0
1019,'1482262',800,,117,1,,,0
1019,'1482263',830,,118,1,,,0
1019,'1482264',900,,119,1,,,0
1019,'1482265',930,,120,1,,,0
1019,'1482266',1000,,121,1,,,0
1019,'1482267',1030,,122,1,,,0
1019,'1482268',1100,,123,1,,,0
1019,'1482269',1140,,124,1,,,0
1019,'1482270',1220,,125,1,,,0
1019,'1482271',1300,,126,1,,,0
1019,'1482272',1340,,127,1,,,0
1019,'1482273',1420,,128,1,,,0
1019,'1482274',1500,,129,1,,,0
1019,'1482275',1540,,130,1,,,0
1019,'1482276',1620,,131,1,,,0
1019,'1482277',1700,,132,1,,,0
1019,'1482278',1730,,133,1,,,0
1019,'1482279',1800,,134,1,,,0
1019,'1482280',1830,,135,1,,,0
1019,'1482281',1900,,136,1,,,0
1019,'1482282',2000,,137,1,,,0
1019,'1482283',2100,,138,1,,,0
1019,'1482284',2200,,139,1,,,0
