20005019,'1478857',639,,1207,9,,,0
20005019,'1478858',709,,1208,9,,,0
20005019,'1478859',739,,1209,9,,,0
20005019,'1478860',809,,1210,9,,,0
20005019,'1478861',839,,1211,9,,,0
20005019,'1478862',909,,1212,9,,,0
20005019,'1478863',939,,1213,9,,,0
20005019,'1478864',1009,,1214,9,,,0
20005019,'1478865',1039,,1215,9,,,0
20005019,'1478866',1109,,1216,9,,,0
20005019,'1478867',1139,,1217,9,,,0
20005019,'1478868',1209,,1218,9,,,0
20005019,'1478869',1239,,1219,9,,,0
20005019,'1478870',1309,,1220,9,,,0
20005019,'1478871',1339,,1221,9,,,0
20005019,'1478872',1409,,1222,9,,,0
20005019,'1478873',1439,,1223,9,,,0
20005019,'1478874',1509,,1224,9,,,0
20005019,'1478875',1539,,1225,9,,,0
20005019,'1478876',1609,,1226,9,,,0
20005019,'1478877',1639,,1227,9,,,0
20005019,'1478878',1709,,1228,9,,,0
20005019,'1478879',1739,,1229,9,,,0
20005019,'1478880',1809,,1230,9,,,0
20005019,'1478881',1839,,1231,9,,,0
20005019,'1478882',1909,,1232,9,,,0
20005019,'1478883',1939,,1233,9,,,0
20005019,'1478884',2009,,1234,9,,,0
20005019,'1478885',2139,,1235,9,,,0
20005019,'1478886',2239,,1236,9,,,0
20005019,'1478887',2039,,1237,9,,,0
20005019,'1478888',509,,1238,9,,,0
20005019,'1478889',539,,1239,9,,,0
20005019,'1478890',609,,1240,9,,,0
20005019,'1479105',809,,1241,9,,,0
20005019,'1479106',839,,1242,9,,,0
20005019,'1479107',909,,1243,9,,,0
20005019,'1479108',939,,1244,9,,,0
20005019,'1479109',1009,,1245,9,,,0
20005019,'1479110',1039,,1246,9,,,0
20005019,'1479111',1109,,1247,9,,,0
20005019,'1479112',1139,,1248,9,,,0
20005019,'1479113',1209,,1249,9,,,0
20005019,'1479114',1239,,1250,9,,,0
20005019,'1479115',1309,,1251,9,,,0
20005019,'1479116',1339,,1252,9,,,0
20005019,'1479117',1409,,1253,9,,,0
20005019,'1479118',1439,,1254,9,,,0
20005019,'1479119',1509,,1255,9,,,0
20005019,'1479120',1539,,1256,9,,,0
20005019,'1479121',1609,,1257,9,,,0
20005019,'1479122',1639,,1258,9,,,0
20005019,'1479123',1709,,1259,9,,,0
20005019,'1479124',1739,,1260,9,,,0
20005019,'1479125',1809,,1261,9,,,0
20005019,'1479126',1839,,1262,9,,,0
20005019,'1479127',1909,,1263,9,,,0
20005019,'1479128',2009,,1264,9,,,0
20005019,'1482481',839,,1265,9,,,0
20005019,'1482482',939,,1266,9,,,0
20005019,'1482483',1039,,1267,9,,,0
20005019,'1482484',1139,,1268,9,,,0
20005019,'1482485',1239,,1269,9,,,0
20005019,'1482486',1339,,1270,9,,,0
20005019,'1482487',1439,,1271,9,,,0
20005019,'1482488',1539,,1272,9,,,0
20005019,'1482489',1639,,1273,9,,,0
20005019,'1482490',1739,,1274,9,,,0
