6029,'1478790',604,,775,5,,,0
6029,'1478791',704,,776,5,,,0
6029,'1478792',734,,777,5,,,0
6029,'1478793',804,,778,5,,,0
6029,'1478794',834,,779,5,,,0
6029,'1478795',904,,780,5,,,0
6029,'1478796',934,,781,5,,,0
6029,'1478797',1004,,782,5,,,0
6029,'1478798',1034,,783,5,,,0
6029,'1478799',1104,,784,5,,,0
6029,'1478800',1134,,785,5,,,0
6029,'1478801',1204,,786,5,,,0
6029,'1478802',1234,,787,5,,,0
6029,'1478803',1304,,788,5,,,0
6029,'1478804',1334,,789,5,,,0
6029,'1478805',1404,,790,5,,,0
6029,'1478806',1434,,791,5,,,0
6029,'1478807',1504,,792,5,,,0
6029,'1478808',1534,,793,5,,,0
6029,'1478809',1604,,794,5,,,0
6029,'1478810',1634,,795,5,,,0
6029,'1478811',1704,,796,5,,,0
6029,'1478812',1734,,797,5,,,0
6029,'1478813',1804,,798,5,,,0
6029,'1478814',1834,,799,5,,,0
6029,'1478815',1904,,800,5,,,0
6029,'1478816',1934,,801,5,,,0
6029,'1478817',2004,,802,5,,,0
6029,'1478818',2034,,803,5,,,0
6029,'1478819',2134,,804,5,,,0
6029,'1478820',2234,,805,5,,,0
6029,'1478854',534,,839,5,,,0
6029,'1478856',634,,841,5,,,0
6029,'1479084',634,,861,5,,,0
6029,'1479085',704,,862,5,,,0
6029,'1479086',734,,863,5,,,0
6029,'1479087',834,,864,5,,,0
6029,'1479088',934,,865,5,,,0
6029,'1479089',1034,,866,5,,,0
6029,'1479090',1134,,867,5,,,0
6029,'1479091',1234,,868,5,,,0
6029,'1479092',1334,,869,5,,,0
6029,'1479093',1434,,870,5,,,0
6029,'1479094',1534,,871,5,,,0
6029,'1479095',1634,,872,5,,,0
6029,'1479096',1734,,873,5,,,0
6029,'1479097',1834,,874,5,,,0
6029,'1479098',1934,,875,5,,,0
6029,'1479099',2034,,876,5,,,0
6029,'1479100',2134,,877,5,,,0
6029,'1479101',2234,,878,5,,,0
6029,'1479102',604,,879,5,,,0
6029,'1479104',804,,881,5,,,0
6029,'1482507',734,,898,5,,,0
6029,'1482508',834,,899,5,,,0
6029,'1482509',934,,900,5,,,0
6029,'1482510',1134,,901,5,,,0
6029,'1482511',1034,,902,5,,,0
6029,'1482512',1334,,903,5,,,0
6029,'1482513',1234,,904,5,,,0
6029,'1482514',1434,,905,5,,,0
6029,'1482515',1534,,906,5,,,0
6029,'1482516',1634,,907,5,,,0
6029,'1482517',1734,,908,5,,,0
6029,'1482518',1834,,909,5,,,0
6029,'1482519',1934,,910,5,,,0
6029,'1482520',2034,,911,5,,,0
6029,'1482521',2134,,912,5,,,0
140000019,'1478707',2335,,1275,5,,,0
140000019,'1478990',2335,,1276,5,,,0
140000019,'1482582',2235,,1277,5,,,0
