6019,'1478821',641,,806,19,,,0
6019,'1478822',741,,807,19,,,0
6019,'1478823',811,,808,19,,,0
6019,'1478824',841,,809,19,,,0
6019,'1478825',911,,810,19,,,0
6019,'1478826',941,,811,19,,,0
6019,'1478827',1011,,812,19,,,0
6019,'1478828',1041,,813,19,,,0
6019,'1478829',1111,,814,19,,,0
6019,'1478830',1141,,815,19,,,0
6019,'1478831',1211,,816,19,,,0
6019,'1478832',1241,,817,19,,,0
6019,'1478833',1311,,818,19,,,0
6019,'1478834',1341,,819,19,,,0
6019,'1478835',1411,,820,19,,,0
6019,'1478836',1441,,821,19,,,0
6019,'1478837',1511,,822,19,,,0
6019,'1478838',1541,,823,19,,,0
6019,'1478839',1611,,824,19,,,0
6019,'1478840',1641,,825,19,,,0
6019,'1478841',1711,,826,19,,,0
6019,'1478842',1741,,827,19,,,0
6019,'1478843',1811,,828,19,,,0
6019,'1478844',1841,,829,19,,,0
6019,'1478845',1911,,830,19,,,0
6019,'1478846',1941,,831,19,,,0
6019,'1478847',2011,,832,19,,,0
6019,'1478848',2041,,833,19,,,0
6019,'1478849',2111,,834,19,,,0
6019,'1478850',2211,,835,19,,,0
6019,'1478851',2311,,836,19,,,0
6019,'1478852',541,,837,19,,,0
6019,'1478853',711,,838,19,,,0
6019,'1478855',611,,840,19,,,0
6019,'1479065',611,,842,19,,,0
6019,'1479066',641,,843,19,,,0
6019,'1479067',711,,844,19,,,0
6019,'1479068',741,,845,19,,,0
6019,'1479069',811,,846,19,,,0
6019,'1479070',911,,847,19,,,0
6019,'1479071',1011,,848,19,,,0
6019,'1479072',1111,,849,19,,,0
6019,'1479073',1211,,850,19,,,0
6019,'1479074',1311,,851,19,,,0
6019,'1479075',1411,,852,19,,,0
6019,'1479076',1511,,853,19,,,0
6019,'1479077',1611,,854,19,,,0
6019,'1479078',1711,,855,19,,,0
6019,'1479079',1811,,856,19,,,0
6019,'1479080',1911,,857,19,,,0
6019,'1479081',2011,,858,19,,,0
6019,'1479082',2111,,859,19,,,0
6019,'1479083',2211,,860,19,,,0
6019,'1479103',2309,,880,19,,,0
6019,'1482491',711,,882,19,,,0
6019,'1482492',811,,883,19,,,0
6019,'1482493',911,,884,19,,,0
6019,'1482494',1011,,885,19,,,0
6019,'1482495',1111,,886,19,,,0
6019,'1482496',1211,,887,19,,,0
6019,'1482497',1311,,888,19,,,0
6019,'1482498',1411,,889,19,,,0
6019,'1482499',1511,,890,19,,,0
6019,'1482500',1611,,891,19,,,0
6019,'1482501',1711,,892,19,,,0
6019,'1482502',1811,,893,19,,,0
6019,'1482503',1911,,894,19,,,0
6019,'1482504',2011,,895,19,,,0
6019,'1482505',2111,,896,19,,,0
6019,'1482506',2209,,897,19,,,0
