6029,'1478790',605,,775,6,,,0
6029,'1478791',705,,776,6,,,0
6029,'1478792',735,,777,6,,,0
6029,'1478793',805,,778,6,,,0
6029,'1478794',835,,779,6,,,0
6029,'1478795',905,,780,6,,,0
6029,'1478796',935,,781,6,,,0
6029,'1478797',1005,,782,6,,,0
6029,'1478798',1035,,783,6,,,0
6029,'1478799',1105,,784,6,,,0
6029,'1478800',1135,,785,6,,,0
6029,'1478801',1205,,786,6,,,0
6029,'1478802',1235,,787,6,,,0
6029,'1478803',1305,,788,6,,,0
6029,'1478804',1335,,789,6,,,0
6029,'1478805',1405,,790,6,,,0
6029,'1478806',1435,,791,6,,,0
6029,'1478807',1505,,792,6,,,0
6029,'1478808',1535,,793,6,,,0
6029,'1478809',1605,,794,6,,,0
6029,'1478810',1635,,795,6,,,0
6029,'1478811',1705,,796,6,,,0
6029,'1478812',1735,,797,6,,,0
6029,'1478813',1805,,798,6,,,0
6029,'1478814',1835,,799,6,,,0
6029,'1478815',1905,,800,6,,,0
6029,'1478816',1935,,801,6,,,0
6029,'1478817',2005,,802,6,,,0
6029,'1478818',2035,,803,6,,,0
6029,'1478819',2135,,804,6,,,0
6029,'1478820',2235,,805,6,,,0
6029,'1478854',535,,839,6,,,0
6029,'1478856',635,,841,6,,,0
6029,'1479084',635,,861,6,,,0
6029,'1479085',705,,862,6,,,0
6029,'1479086',735,,863,6,,,0
6029,'1479087',835,,864,6,,,0
6029,'1479088',935,,865,6,,,0
6029,'1479089',1035,,866,6,,,0
6029,'1479090',1135,,867,6,,,0
6029,'1479091',1235,,868,6,,,0
6029,'1479092',1335,,869,6,,,0
6029,'1479093',1435,,870,6,,,0
6029,'1479094',1535,,871,6,,,0
6029,'1479095',1635,,872,6,,,0
6029,'1479096',1735,,873,6,,,0
6029,'1479097',1835,,874,6,,,0
6029,'1479098',1935,,875,6,,,0
6029,'1479099',2035,,876,6,,,0
6029,'1479100',2135,,877,6,,,0
6029,'1479101',2235,,878,6,,,0
6029,'1479102',605,,879,6,,,0
6029,'1479104',805,,881,6,,,0
6029,'1482507',735,,898,6,,,0
6029,'1482508',835,,899,6,,,0
6029,'1482509',935,,900,6,,,0
6029,'1482510',1135,,901,6,,,0
6029,'1482511',1035,,902,6,,,0
6029,'1482512',1335,,903,6,,,0
6029,'1482513',1235,,904,6,,,0
6029,'1482514',1435,,905,6,,,0
6029,'1482515',1535,,906,6,,,0
6029,'1482516',1635,,907,6,,,0
6029,'1482517',1735,,908,6,,,0
6029,'1482518',1835,,909,6,,,0
6029,'1482519',1935,,910,6,,,0
6029,'1482520',2035,,911,6,,,0
6029,'1482521',2135,,912,6,,,0
140000019,'1478707',2336,,1275,6,,,0
140000019,'1478990',2336,,1276,6,,,0
140000019,'1482582',2236,,1277,6,,,0
