20005019,'1478857',637,,1207,6,,,0
20005019,'1478858',707,,1208,6,,,0
20005019,'1478859',737,,1209,6,,,0
20005019,'1478860',807,,1210,6,,,0
20005019,'1478861',837,,1211,6,,,0
20005019,'1478862',907,,1212,6,,,0
20005019,'1478863',937,,1213,6,,,0
20005019,'1478864',1007,,1214,6,,,0
20005019,'1478865',1037,,1215,6,,,0
20005019,'1478866',1107,,1216,6,,,0
20005019,'1478867',1137,,1217,6,,,0
20005019,'1478868',1207,,1218,6,,,0
20005019,'1478869',1237,,1219,6,,,0
20005019,'1478870',1307,,1220,6,,,0
20005019,'1478871',1337,,1221,6,,,0
20005019,'1478872',1407,,1222,6,,,0
20005019,'1478873',1437,,1223,6,,,0
20005019,'1478874',1507,,1224,6,,,0
20005019,'1478875',1537,,1225,6,,,0
20005019,'1478876',1607,,1226,6,,,0
20005019,'1478877',1637,,1227,6,,,0
20005019,'1478878',1707,,1228,6,,,0
20005019,'1478879',1737,,1229,6,,,0
20005019,'1478880',1807,,1230,6,,,0
20005019,'1478881',1837,,1231,6,,,0
20005019,'1478882',1907,,1232,6,,,0
20005019,'1478883',1937,,1233,6,,,0
20005019,'1478884',2007,,1234,6,,,0
20005019,'1478885',2137,,1235,6,,,0
20005019,'1478886',2237,,1236,6,,,0
20005019,'1478887',2037,,1237,6,,,0
20005019,'1478888',507,,1238,6,,,0
20005019,'1478889',537,,1239,6,,,0
20005019,'1478890',607,,1240,6,,,0
20005019,'1479105',807,,1241,6,,,0
20005019,'1479106',837,,1242,6,,,0
20005019,'1479107',907,,1243,6,,,0
20005019,'1479108',937,,1244,6,,,0
20005019,'1479109',1007,,1245,6,,,0
20005019,'1479110',1037,,1246,6,,,0
20005019,'1479111',1107,,1247,6,,,0
20005019,'1479112',1137,,1248,6,,,0
20005019,'1479113',1207,,1249,6,,,0
20005019,'1479114',1237,,1250,6,,,0
20005019,'1479115',1307,,1251,6,,,0
20005019,'1479116',1337,,1252,6,,,0
20005019,'1479117',1407,,1253,6,,,0
20005019,'1479118',1437,,1254,6,,,0
20005019,'1479119',1507,,1255,6,,,0
20005019,'1479120',1537,,1256,6,,,0
20005019,'1479121',1607,,1257,6,,,0
20005019,'1479122',1637,,1258,6,,,0
20005019,'1479123',1707,,1259,6,,,0
20005019,'1479124',1737,,1260,6,,,0
20005019,'1479125',1807,,1261,6,,,0
20005019,'1479126',1837,,1262,6,,,0
20005019,'1479127',1907,,1263,6,,,0
20005019,'1479128',2007,,1264,6,,,0
20005019,'1482481',837,,1265,6,,,0
20005019,'1482482',937,,1266,6,,,0
20005019,'1482483',1037,,1267,6,,,0
20005019,'1482484',1137,,1268,6,,,0
20005019,'1482485',1237,,1269,6,,,0
20005019,'1482486',1337,,1270,6,,,0
20005019,'1482487',1437,,1271,6,,,0
20005019,'1482488',1537,,1272,6,,,0
20005019,'1482489',1637,,1273,6,,,0
20005019,'1482490',1737,,1274,6,,,0
