2019,'1478569',632,,186,3,,,0
2019,'1478570',702,,187,3,,,0
2019,'1478571',1423,,188,3,,,0
2019,'1478572',743,,189,3,,,0
2019,'1478573',1503,,190,3,,,0
2019,'1478574',1103,,191,3,,,0
2019,'1478575',943,,192,3,,,0
2019,'1478576',1223,,193,3,,,0
2019,'1478577',823,,194,3,,,0
2019,'1478578',1143,,195,3,,,0
2019,'1478579',1303,,196,3,,,0
2019,'1478580',1023,,197,3,,,0
2019,'1478581',1343,,198,3,,,0
2019,'1478582',1543,,199,3,,,0
2019,'1478583',1623,,200,3,,,0
2019,'1478584',1743,,201,3,,,0
2019,'1478585',1703,,202,3,,,0
2019,'1478586',1903,,203,3,,,0
2019,'1478587',1823,,204,3,,,0
2019,'1478588',1943,,205,3,,,0
2019,'1478589',2023,,206,3,,,0
2019,'1478590',2102,,207,3,,,0
2019,'1478591',2232,,208,3,,,0
2019,'1478592',903,,209,3,,,0
2019,'1478596',502,,213,3,,,0
2019,'1478597',532,,214,3,,,0
2019,'1478599',602,,216,3,,,0
2019,'1478623',722,,240,3,,,0
2019,'1478624',2043,,241,3,,,0
2019,'1478625',803,,242,3,,,0
2019,'1478626',843,,243,3,,,0
2019,'1478627',923,,244,3,,,0
2019,'1478628',1003,,245,3,,,0
2019,'1478629',1043,,246,3,,,0
2019,'1478630',1123,,247,3,,,0
2019,'1478631',1203,,248,3,,,0
2019,'1478632',1243,,249,3,,,0
2019,'1478633',1323,,250,3,,,0
2019,'1478634',1403,,251,3,,,0
2019,'1478635',1443,,252,3,,,0
2019,'1478636',1523,,253,3,,,0
2019,'1478637',1603,,254,3,,,0
2019,'1478638',1643,,255,3,,,0
2019,'1478639',1723,,256,3,,,0
2019,'1478640',1803,,257,3,,,0
2019,'1478641',1843,,258,3,,,0
2019,'1478642',1923,,259,3,,,0
2019,'1478643',2003,,260,3,,,0
2019,'1479288',632,,261,3,,,0
2019,'1479289',732,,262,3,,,0
2019,'1479292',802,,265,3,,,0
2019,'1479293',842,,266,3,,,0
2019,'1479294',922,,267,3,,,0
2019,'1479295',1002,,268,3,,,0
2019,'1479296',1042,,269,3,,,0
2019,'1479297',1122,,270,3,,,0
2019,'1479298',1202,,271,3,,,0
2019,'1479306',1242,,279,3,,,0
2019,'1479307',1322,,280,3,,,0
2019,'1479308',1402,,281,3,,,0
2019,'1479309',1442,,282,3,,,0
2019,'1479310',1522,,283,3,,,0
2019,'1479311',1602,,284,3,,,0
2019,'1479312',1642,,285,3,,,0
2019,'1479313',1722,,286,3,,,0
2019,'1479314',1802,,287,3,,,0
2019,'1479323',1922,,296,3,,,0
2019,'1479326',2042,,299,3,,,0
2019,'1479327',2142,,300,3,,,0
2019,'1479331',2002,,304,3,,,0
2019,'1479334',2242,,307,3,,,0
2019,'1479335',1842,,308,3,,,0
2019,'1482309',732,,309,3,,,0
2019,'1482310',803,,310,3,,,0
2019,'1482311',843,,311,3,,,0
2019,'1482312',923,,312,3,,,0
2019,'1482313',1003,,313,3,,,0
2019,'1482314',1043,,314,3,,,0
2019,'1482315',1123,,315,3,,,0
2019,'1482316',1203,,316,3,,,0
2019,'1482317',1243,,317,3,,,0
2019,'1482318',1323,,318,3,,,0
2019,'1482319',1403,,319,3,,,0
2019,'1482320',1443,,320,3,,,0
2019,'1482321',1523,,321,3,,,0
2019,'1482322',1603,,322,3,,,0
2019,'1482323',1643,,323,3,,,0
2019,'1482324',1723,,324,3,,,0
2019,'1482325',1803,,325,3,,,0
2019,'1482326',1902,,326,3,,,0
2019,'1482327',2002,,327,3,,,0
2019,'1482328',2102,,328,3,,,0
2019,'1482349',2202,,349,3,,,0
8019,'1478708',632,,1050,3,,,0
8019,'1478709',702,,1051,3,,,0
8019,'1478710',732,,1052,3,,,0
8019,'1478711',802,,1053,3,,,0
8019,'1478712',832,,1054,3,,,0
8019,'1478713',902,,1055,3,,,0
8019,'1478714',932,,1056,3,,,0
8019,'1478715',1002,,1057,3,,,0
8019,'1478716',1032,,1058,3,,,0
8019,'1478717',1102,,1059,3,,,0
8019,'1478718',1132,,1060,3,,,0
8019,'1478719',1202,,1061,3,,,0
8019,'1478720',1232,,1062,3,,,0
8019,'1478721',1302,,1063,3,,,0
8019,'1478722',1332,,1064,3,,,0
8019,'1478723',1402,,1065,3,,,0
8019,'1478724',1432,,1066,3,,,0
8019,'1478725',1502,,1067,3,,,0
8019,'1478726',1532,,1068,3,,,0
8019,'1478727',1602,,1069,3,,,0
8019,'1478728',1632,,1070,3,,,0
8019,'1478729',1702,,1071,3,,,0
8019,'1478730',1732,,1072,3,,,0
8019,'1478731',1802,,1073,3,,,0
8019,'1478732',1832,,1074,3,,,0
8019,'1478733',1932,,1075,3,,,0
8019,'1478734',2032,,1076,3,,,0
8019,'1478735',2132,,1077,3,,,0
8019,'1478736',2232,,1078,3,,,0
8019,'1478991',1432,,1079,3,,,0
8019,'1478992',1332,,1080,3,,,0
8019,'1478993',1502,,1081,3,,,0
8019,'1478994',1602,,1082,3,,,0
8019,'1478995',1702,,1083,3,,,0
8019,'1478996',1802,,1084,3,,,0
8019,'1478997',1902,,1085,3,,,0
8019,'1478998',2032,,1086,3,,,0
8019,'1478999',2202,,1087,3,,,0
8019,'1479000',1532,,1088,3,,,0
8019,'1479001',1732,,1089,3,,,0
8019,'1479002',1632,,1090,3,,,0
8019,'1479003',1832,,1091,3,,,0
8019,'1479004',2102,,1092,3,,,0
8019,'1479005',1932,,1093,3,,,0
8019,'1479006',1402,,1094,3,,,0
8019,'1479007',632,,1095,3,,,0
8019,'1479008',732,,1096,3,,,0
8019,'1479009',832,,1097,3,,,0
8019,'1479010',902,,1098,3,,,0
8019,'1479011',932,,1099,3,,,0
8019,'1479012',1002,,1100,3,,,0
8019,'1479013',1032,,1101,3,,,0
8019,'1479014',1102,,1102,3,,,0
8019,'1479015',1132,,1103,3,,,0
8019,'1479016',1202,,1104,3,,,0
8019,'1479017',1232,,1105,3,,,0
8019,'1479018',1302,,1106,3,,,0
8019,'1482560',732,,1107,3,,,0
8019,'1482561',832,,1108,3,,,0
8019,'1482562',932,,1109,3,,,0
8019,'1482563',1032,,1110,3,,,0
8019,'1482564',1232,,1111,3,,,0
8019,'1482565',1302,,1112,3,,,0
8019,'1482566',1332,,1113,3,,,0
8019,'1482567',1402,,1114,3,,,0
8019,'1482568',1432,,1115,3,,,0
8019,'1482569',1502,,1116,3,,,0
8019,'1482570',1532,,1117,3,,,0
8019,'1482571',1602,,1118,3,,,0
8019,'1482572',1632,,1119,3,,,0
8019,'1482573',1702,,1120,3,,,0
8019,'1482574',1732,,1121,3,,,0
8019,'1482575',1802,,1122,3,,,0
8019,'1482576',1832,,1123,3,,,0
8019,'1482577',1932,,1124,3,,,0
8019,'1482578',2032,,1125,3,,,0
8019,'1482579',2132,,1126,3,,,0
8019,'1482580',1132,,1127,3,,,0
8019,'1482581',1202,,1128,3,,,0
140000019,'1478707',2357,,1275,32,,,0
140000019,'1478990',2357,,1276,32,,,0
140000019,'1482582',2257,,1277,32,,,0
