4019,'1478457',636,,554,7,,,0
4019,'1478458',706,,555,7,,,0
4019,'1478459',751,,556,7,,,0
4019,'1478460',906,,557,7,,,0
4019,'1478461',951,,558,7,,,0
4019,'1478462',1036,,559,7,,,0
4019,'1478463',1106,,560,7,,,0
4019,'1478464',1136,,561,7,,,0
4019,'1478465',1236,,562,7,,,0
4019,'1478466',1306,,563,7,,,0
4019,'1478467',1336,,564,7,,,0
4019,'1478468',1436,,565,7,,,0
4019,'1478469',1506,,566,7,,,0
4019,'1478470',1551,,567,7,,,0
4019,'1478471',1636,,568,7,,,0
4019,'1478472',1706,,569,7,,,0
4019,'1478473',1736,,570,7,,,0
4019,'1478474',1836,,571,7,,,0
4019,'1478475',1906,,572,7,,,0
4019,'1478476',1936,,573,7,,,0
4019,'1478477',2036,,574,7,,,0
4019,'1478478',2106,,575,7,,,0
4019,'1478479',2136,,576,7,,,0
4019,'1478480',2236,,577,7,,,0
4019,'1478483',2306,,580,7,,,0
4019,'1478487',1121,,584,7,,,0
4019,'1478488',1151,,585,7,,,0
4019,'1478489',1251,,586,7,,,0
4019,'1478491',721,,588,7,,,0
4019,'1478495',851,,592,7,,,0
4019,'1478496',806,,593,7,,,0
4019,'1478497',921,,594,7,,,0
4019,'1478498',936,,595,7,,,0
4019,'1478507',1321,,604,7,,,0
4019,'1478508',1536,,605,7,,,0
4019,'1478509',1651,,606,7,,,0
4019,'1478510',1351,,607,7,,,0
4019,'1478511',1451,,608,7,,,0
4019,'1478512',1521,,609,7,,,0
4019,'1478513',1721,,610,7,,,0
4019,'1478514',1051,,611,7,,,0
4019,'1478515',2206,,612,7,,,0
4019,'1478516',2006,,613,7,,,0
4019,'1478517',1421,,614,7,,,0
4019,'1478518',1621,,615,7,,,0
4019,'1478528',606,,625,7,,,0
4019,'1478529',1006,,626,7,,,0
4019,'1478530',1206,,627,7,,,0
4019,'1478531',1406,,628,7,,,0
4019,'1478532',1606,,629,7,,,0
4019,'1478533',1806,,630,7,,,0
4019,'1478540',821,,637,7,,,0
4019,'1478541',1021,,638,7,,,0
4019,'1478542',1221,,639,7,,,0
4019,'1478544',836,,641,7,,,0
4019,'1478545',736,,642,7,,,0
4019,'1479158',606,,644,7,,,0
4019,'1479159',636,,645,7,,,0
4019,'1479160',736,,646,7,,,0
4019,'1479161',806,,647,7,,,0
4019,'1479162',836,,648,7,,,0
4019,'1479163',936,,649,7,,,0
4019,'1479164',1006,,650,7,,,0
4019,'1479165',1036,,651,7,,,0
4019,'1479166',1136,,652,7,,,0
4019,'1479167',1206,,653,7,,,0
4019,'1479168',1236,,654,7,,,0
4019,'1479169',1336,,655,7,,,0
4019,'1479170',1406,,656,7,,,0
4019,'1479171',1436,,657,7,,,0
4019,'1479172',1536,,658,7,,,0
4019,'1479173',1606,,659,7,,,0
4019,'1479174',1636,,660,7,,,0
4019,'1479175',1736,,661,7,,,0
4019,'1479176',1806,,662,7,,,0
4019,'1479177',1836,,663,7,,,0
4019,'1479178',1936,,664,7,,,0
4019,'1479179',2006,,665,7,,,0
4019,'1479180',2036,,666,7,,,0
4019,'1479181',2136,,667,7,,,0
4019,'1479182',2206,,668,7,,,0
4019,'1479183',2236,,669,7,,,0
4019,'1479212',706,,698,7,,,0
4019,'1479213',906,,699,7,,,0
4019,'1479214',1106,,700,7,,,0
4019,'1479215',1306,,701,7,,,0
4019,'1479216',1506,,702,7,,,0
4019,'1479217',1706,,703,7,,,0
4019,'1479218',1906,,704,7,,,0
4019,'1479219',2106,,705,7,,,0
4019,'1479220',2306,,706,7,,,0
4019,'1482406',706,,715,7,,,0
4019,'1482407',736,,716,7,,,0
4019,'1482408',836,,717,7,,,0
4019,'1482409',906,,718,7,,,0
4019,'1482410',936,,719,7,,,0
4019,'1482411',1036,,720,7,,,0
4019,'1482412',1106,,721,7,,,0
4019,'1482413',1136,,722,7,,,0
4019,'1482414',1236,,723,7,,,0
4019,'1482415',1306,,724,7,,,0
4019,'1482416',1336,,725,7,,,0
4019,'1482417',1436,,726,7,,,0
4019,'1482418',1506,,727,7,,,0
4019,'1482419',1536,,728,7,,,0
4019,'1482420',1636,,729,7,,,0
4019,'1482421',1706,,730,7,,,0
4019,'1482422',1736,,731,7,,,0
4019,'1482423',1836,,732,7,,,0
4019,'1482424',1906,,733,7,,,0
4019,'1482425',1936,,734,7,,,0
4019,'1482426',2036,,735,7,,,0
4019,'1482427',2106,,736,7,,,0
4019,'1482449',2136,,758,7,,,0
4019,'1482450',2006,,759,7,,,0
4019,'1482451',1806,,760,7,,,0
4019,'1482460',806,,769,7,,,0
4019,'1482461',1006,,770,7,,,0
4019,'1482462',1206,,771,7,,,0
4019,'1482463',1406,,772,7,,,0
4019,'1482464',1606,,773,7,,,0
4019,'1482583',2206,,774,7,,,0
8019,'1478708',639,,1050,13,,,0
8019,'1478709',709,,1051,13,,,0
8019,'1478710',739,,1052,13,,,0
8019,'1478711',809,,1053,13,,,0
8019,'1478712',839,,1054,13,,,0
8019,'1478713',909,,1055,13,,,0
8019,'1478714',939,,1056,13,,,0
8019,'1478715',1010,,1057,13,,,0
8019,'1478716',1040,,1058,13,,,0
8019,'1478717',1110,,1059,13,,,0
8019,'1478718',1140,,1060,13,,,0
8019,'1478719',1210,,1061,13,,,0
8019,'1478720',1240,,1062,13,,,0
8019,'1478721',1310,,1063,13,,,0
8019,'1478722',1340,,1064,13,,,0
8019,'1478723',1410,,1065,13,,,0
8019,'1478724',1440,,1066,13,,,0
8019,'1478725',1510,,1067,13,,,0
8019,'1478726',1540,,1068,13,,,0
8019,'1478727',1610,,1069,13,,,0
8019,'1478728',1640,,1070,13,,,0
8019,'1478729',1710,,1071,13,,,0
8019,'1478730',1739,,1072,13,,,0
8019,'1478731',1809,,1073,13,,,0
8019,'1478732',1839,,1074,13,,,0
8019,'1478733',1939,,1075,13,,,0
8019,'1478734',2039,,1076,13,,,0
8019,'1478735',2139,,1077,13,,,0
8019,'1478736',2239,,1078,13,,,0
8019,'1478991',1440,,1079,13,,,0
8019,'1478992',1340,,1080,13,,,0
8019,'1478993',1510,,1081,13,,,0
8019,'1478994',1610,,1082,13,,,0
8019,'1478995',1710,,1083,13,,,0
8019,'1478996',1809,,1084,13,,,0
8019,'1478997',1909,,1085,13,,,0
8019,'1478998',2039,,1086,13,,,0
8019,'1478999',2209,,1087,13,,,0
8019,'1479000',1540,,1088,13,,,0
8019,'1479001',1739,,1089,13,,,0
8019,'1479002',1640,,1090,13,,,0
8019,'1479003',1839,,1091,13,,,0
8019,'1479004',2109,,1092,13,,,0
8019,'1479005',1939,,1093,13,,,0
8019,'1479006',1410,,1094,13,,,0
8019,'1479007',639,,1095,13,,,0
8019,'1479008',739,,1096,13,,,0
8019,'1479009',839,,1097,13,,,0
8019,'1479010',909,,1098,13,,,0
8019,'1479011',939,,1099,13,,,0
8019,'1479012',1010,,1100,13,,,0
8019,'1479013',1040,,1101,13,,,0
8019,'1479014',1110,,1102,13,,,0
8019,'1479015',1140,,1103,13,,,0
8019,'1479016',1210,,1104,13,,,0
8019,'1479017',1240,,1105,13,,,0
8019,'1479018',1310,,1106,13,,,0
8019,'1482560',739,,1107,13,,,0
8019,'1482561',839,,1108,13,,,0
8019,'1482562',939,,1109,13,,,0
8019,'1482563',1040,,1110,13,,,0
8019,'1482564',1240,,1111,13,,,0
8019,'1482565',1310,,1112,13,,,0
8019,'1482566',1340,,1113,13,,,0
8019,'1482567',1410,,1114,13,,,0
8019,'1482568',1440,,1115,13,,,0
8019,'1482569',1510,,1116,13,,,0
8019,'1482570',1540,,1117,13,,,0
8019,'1482571',1610,,1118,13,,,0
8019,'1482572',1640,,1119,13,,,0
8019,'1482573',1710,,1120,13,,,0
8019,'1482574',1739,,1121,13,,,0
8019,'1482575',1809,,1122,13,,,0
8019,'1482576',1839,,1123,13,,,0
8019,'1482577',1939,,1124,13,,,0
8019,'1482578',2039,,1125,13,,,0
8019,'1482579',2139,,1126,13,,,0
8019,'1482580',1139,,1127,13,,,0
8019,'1482581',1210,,1128,13,,,0
140000019,'1478707',2401,,1275,40,,,0
140000019,'1478990',2401,,1276,40,,,0
140000019,'1482582',2301,,1277,40,,,0
