2019,'1478569',636,,186,9,,,0
2019,'1478570',706,,187,9,,,0
2019,'1478571',1429,,188,9,,,0
2019,'1478572',749,,189,9,,,0
2019,'1478573',1509,,190,9,,,0
2019,'1478574',1109,,191,9,,,0
2019,'1478575',949,,192,9,,,0
2019,'1478576',1229,,193,9,,,0
2019,'1478577',829,,194,9,,,0
2019,'1478578',1149,,195,9,,,0
2019,'1478579',1309,,196,9,,,0
2019,'1478580',1029,,197,9,,,0
2019,'1478581',1349,,198,9,,,0
2019,'1478582',1549,,199,9,,,0
2019,'1478583',1629,,200,9,,,0
2019,'1478584',1749,,201,9,,,0
2019,'1478585',1709,,202,9,,,0
2019,'1478586',1909,,203,9,,,0
2019,'1478587',1829,,204,9,,,0
2019,'1478588',1949,,205,9,,,0
2019,'1478589',2029,,206,9,,,0
2019,'1478590',2106,,207,9,,,0
2019,'1478591',2236,,208,9,,,0
2019,'1478592',909,,209,9,,,0
2019,'1478596',506,,213,9,,,0
2019,'1478597',536,,214,9,,,0
2019,'1478599',606,,216,9,,,0
2019,'1478623',726,,240,9,,,0
2019,'1478624',2049,,241,9,,,0
2019,'1478625',809,,242,9,,,0
2019,'1478626',849,,243,9,,,0
2019,'1478627',929,,244,9,,,0
2019,'1478628',1009,,245,9,,,0
2019,'1478629',1049,,246,9,,,0
2019,'1478630',1129,,247,9,,,0
2019,'1478631',1209,,248,9,,,0
2019,'1478632',1249,,249,9,,,0
2019,'1478633',1329,,250,9,,,0
2019,'1478634',1409,,251,9,,,0
2019,'1478635',1449,,252,9,,,0
2019,'1478636',1529,,253,9,,,0
2019,'1478637',1609,,254,9,,,0
2019,'1478638',1649,,255,9,,,0
2019,'1478639',1729,,256,9,,,0
2019,'1478640',1809,,257,9,,,0
2019,'1478641',1849,,258,9,,,0
2019,'1478642',1929,,259,9,,,0
2019,'1478643',2009,,260,9,,,0
2019,'1479288',636,,261,9,,,0
2019,'1479289',736,,262,9,,,0
2019,'1479292',806,,265,9,,,0
2019,'1479293',847,,266,9,,,0
2019,'1479294',927,,267,9,,,0
2019,'1479295',1007,,268,9,,,0
2019,'1479296',1047,,269,9,,,0
2019,'1479297',1127,,270,9,,,0
2019,'1479298',1207,,271,9,,,0
2019,'1479306',1247,,279,9,,,0
2019,'1479307',1327,,280,9,,,0
2019,'1479308',1407,,281,9,,,0
2019,'1479309',1447,,282,9,,,0
2019,'1479310',1527,,283,9,,,0
2019,'1479311',1607,,284,9,,,0
2019,'1479312',1647,,285,9,,,0
2019,'1479313',1727,,286,9,,,0
2019,'1479314',1807,,287,9,,,0
2019,'1479323',1927,,296,9,,,0
2019,'1479326',2046,,299,9,,,0
2019,'1479327',2146,,300,9,,,0
2019,'1479331',2007,,304,9,,,0
2019,'1479334',2246,,307,9,,,0
2019,'1479335',1847,,308,9,,,0
2019,'1482309',736,,309,9,,,0
2019,'1482310',809,,310,9,,,0
2019,'1482311',849,,311,9,,,0
2019,'1482312',929,,312,9,,,0
2019,'1482313',1009,,313,9,,,0
2019,'1482314',1049,,314,9,,,0
2019,'1482315',1129,,315,9,,,0
2019,'1482316',1209,,316,9,,,0
2019,'1482317',1249,,317,9,,,0
2019,'1482318',1329,,318,9,,,0
2019,'1482319',1409,,319,9,,,0
2019,'1482320',1449,,320,9,,,0
2019,'1482321',1529,,321,9,,,0
2019,'1482322',1609,,322,9,,,0
2019,'1482323',1649,,323,9,,,0
2019,'1482324',1729,,324,9,,,0
2019,'1482325',1809,,325,9,,,0
2019,'1482326',1906,,326,9,,,0
2019,'1482327',2006,,327,9,,,0
2019,'1482328',2106,,328,9,,,0
2019,'1482349',2206,,349,9,,,0
