2029,'1478547',648,,164,4,,,0
2029,'1478548',725,,165,4,,,0
2029,'1478549',805,,166,4,,,0
2029,'1478550',1005,,167,4,,,0
2029,'1478551',1045,,168,4,,,0
2029,'1478552',1125,,169,4,,,0
2029,'1478553',1205,,170,4,,,0
2029,'1478554',1245,,171,4,,,0
2029,'1478555',1325,,172,4,,,0
2029,'1478556',1405,,173,4,,,0
2029,'1478557',1445,,174,4,,,0
2029,'1478558',1525,,175,4,,,0
2029,'1478559',1605,,176,4,,,0
2029,'1478560',1645,,177,4,,,0
2029,'1478561',1725,,178,4,,,0
2029,'1478562',1805,,179,4,,,0
2029,'1478563',1845,,180,4,,,0
2029,'1478564',1925,,181,4,,,0
2029,'1478565',2005,,182,4,,,0
2029,'1478566',2045,,183,4,,,0
2029,'1478567',2118,,184,4,,,0
2029,'1478568',2248,,185,4,,,0
2029,'1478593',845,,210,4,,,0
2029,'1478594',925,,211,4,,,0
2029,'1478595',548,,212,4,,,0
2029,'1478598',518,,215,4,,,0
2029,'1478600',618,,217,4,,,0
2029,'1478601',703,,218,4,,,0
2029,'1478602',745,,219,4,,,0
2029,'1478603',825,,220,4,,,0
2029,'1478604',905,,221,4,,,0
2029,'1478605',945,,222,4,,,0
2029,'1478606',1025,,223,4,,,0
2029,'1478607',1105,,224,4,,,0
2029,'1478608',1145,,225,4,,,0
2029,'1478609',1225,,226,4,,,0
2029,'1478610',1305,,227,4,,,0
2029,'1478611',1345,,228,4,,,0
2029,'1478612',1425,,229,4,,,0
2029,'1478613',1505,,230,4,,,0
2029,'1478614',1545,,231,4,,,0
2029,'1478615',1625,,232,4,,,0
2029,'1478616',1705,,233,4,,,0
2029,'1478617',1745,,234,4,,,0
2029,'1478618',1825,,235,4,,,0
2029,'1478619',1905,,236,4,,,0
2029,'1478620',1945,,237,4,,,0
2029,'1478621',2025,,238,4,,,0
2029,'1478622',2105,,239,4,,,0
2029,'1479290',648,,263,4,,,0
2029,'1479291',748,,264,4,,,0
2029,'1479299',823,,272,4,,,0
2029,'1479300',903,,273,4,,,0
2029,'1479301',943,,274,4,,,0
2029,'1479302',1023,,275,4,,,0
2029,'1479303',1103,,276,4,,,0
2029,'1479304',1143,,277,4,,,0
2029,'1479305',1223,,278,4,,,0
2029,'1479315',1303,,288,4,,,0
2029,'1479316',1343,,289,4,,,0
2029,'1479317',1423,,290,4,,,0
2029,'1479318',1503,,291,4,,,0
2029,'1479319',1543,,292,4,,,0
2029,'1479320',1623,,293,4,,,0
2029,'1479321',1703,,294,4,,,0
2029,'1479322',1743,,295,4,,,0
2029,'1479324',1903,,297,4,,,0
2029,'1479325',1943,,298,4,,,0
2029,'1479328',2023,,301,4,,,0
2029,'1479329',2058,,302,4,,,0
2029,'1479330',1823,,303,4,,,0
2029,'1479332',2258,,305,4,,,0
2029,'1479333',2158,,306,4,,,0
2029,'1482329',748,,329,4,,,0
2029,'1482330',825,,330,4,,,0
2029,'1482331',905,,331,4,,,0
2029,'1482332',945,,332,4,,,0
2029,'1482333',1025,,333,4,,,0
2029,'1482334',1105,,334,4,,,0
2029,'1482335',1145,,335,4,,,0
2029,'1482336',1225,,336,4,,,0
2029,'1482337',1305,,337,4,,,0
2029,'1482338',1345,,338,4,,,0
2029,'1482339',1425,,339,4,,,0
2029,'1482340',1505,,340,4,,,0
2029,'1482341',1625,,341,4,,,0
2029,'1482342',1545,,342,4,,,0
2029,'1482343',1705,,343,4,,,0
2029,'1482344',1825,,344,4,,,0
2029,'1482345',1745,,345,4,,,0
2029,'1482346',2018,,346,4,,,0
2029,'1482347',1918,,347,4,,,0
2029,'1482348',2118,,348,4,,,0
2029,'1482350',2218,,350,4,,,0
