6029,'1478790',612,,775,15,,,0
6029,'1478791',712,,776,15,,,0
6029,'1478792',742,,777,15,,,0
6029,'1478793',812,,778,15,,,0
6029,'1478794',842,,779,15,,,0
6029,'1478795',912,,780,15,,,0
6029,'1478796',942,,781,15,,,0
6029,'1478797',1012,,782,15,,,0
6029,'1478798',1042,,783,15,,,0
6029,'1478799',1112,,784,15,,,0
6029,'1478800',1142,,785,15,,,0
6029,'1478801',1212,,786,15,,,0
6029,'1478802',1242,,787,15,,,0
6029,'1478803',1312,,788,15,,,0
6029,'1478804',1342,,789,15,,,0
6029,'1478805',1412,,790,15,,,0
6029,'1478806',1442,,791,15,,,0
6029,'1478807',1512,,792,15,,,0
6029,'1478808',1542,,793,15,,,0
6029,'1478809',1612,,794,15,,,0
6029,'1478810',1642,,795,15,,,0
6029,'1478811',1712,,796,15,,,0
6029,'1478812',1742,,797,15,,,0
6029,'1478813',1812,,798,15,,,0
6029,'1478814',1842,,799,15,,,0
6029,'1478815',1912,,800,15,,,0
6029,'1478816',1942,,801,15,,,0
6029,'1478817',2012,,802,15,,,0
6029,'1478818',2042,,803,15,,,0
6029,'1478819',2142,,804,15,,,0
6029,'1478820',2242,,805,15,,,0
6029,'1478854',542,,839,15,,,0
6029,'1478856',642,,841,15,,,0
6029,'1479084',642,,861,15,,,0
6029,'1479085',712,,862,15,,,0
6029,'1479086',742,,863,15,,,0
6029,'1479087',842,,864,15,,,0
6029,'1479088',942,,865,15,,,0
6029,'1479089',1042,,866,15,,,0
6029,'1479090',1142,,867,15,,,0
6029,'1479091',1242,,868,15,,,0
6029,'1479092',1342,,869,15,,,0
6029,'1479093',1442,,870,15,,,0
6029,'1479094',1542,,871,15,,,0
6029,'1479095',1642,,872,15,,,0
6029,'1479096',1742,,873,15,,,0
6029,'1479097',1842,,874,15,,,0
6029,'1479098',1942,,875,15,,,0
6029,'1479099',2042,,876,15,,,0
6029,'1479100',2142,,877,15,,,0
6029,'1479101',2242,,878,15,,,0
6029,'1479102',612,,879,15,,,0
6029,'1479104',812,,881,15,,,0
6029,'1482507',742,,898,15,,,0
6029,'1482508',842,,899,15,,,0
6029,'1482509',942,,900,15,,,0
6029,'1482510',1142,,901,15,,,0
6029,'1482511',1042,,902,15,,,0
6029,'1482512',1342,,903,15,,,0
6029,'1482513',1242,,904,15,,,0
6029,'1482514',1442,,905,15,,,0
6029,'1482515',1542,,906,15,,,0
6029,'1482516',1642,,907,15,,,0
6029,'1482517',1742,,908,15,,,0
6029,'1482518',1842,,909,15,,,0
6029,'1482519',1942,,910,15,,,0
6029,'1482520',2042,,911,15,,,0
6029,'1482521',2142,,912,15,,,0
140000019,'1478707',2342,,1275,15,,,0
140000019,'1478990',2342,,1276,15,,,0
140000019,'1482582',2242,,1277,15,,,0
