6019,'1478821',634,,806,7,,,0
6019,'1478822',734,,807,7,,,0
6019,'1478823',804,,808,7,,,0
6019,'1478824',834,,809,7,,,0
6019,'1478825',904,,810,7,,,0
6019,'1478826',934,,811,7,,,0
6019,'1478827',1004,,812,7,,,0
6019,'1478828',1034,,813,7,,,0
6019,'1478829',1104,,814,7,,,0
6019,'1478830',1134,,815,7,,,0
6019,'1478831',1204,,816,7,,,0
6019,'1478832',1234,,817,7,,,0
6019,'1478833',1304,,818,7,,,0
6019,'1478834',1334,,819,7,,,0
6019,'1478835',1404,,820,7,,,0
6019,'1478836',1434,,821,7,,,0
6019,'1478837',1504,,822,7,,,0
6019,'1478838',1534,,823,7,,,0
6019,'1478839',1604,,824,7,,,0
6019,'1478840',1634,,825,7,,,0
6019,'1478841',1704,,826,7,,,0
6019,'1478842',1734,,827,7,,,0
6019,'1478843',1804,,828,7,,,0
6019,'1478844',1834,,829,7,,,0
6019,'1478845',1904,,830,7,,,0
6019,'1478846',1934,,831,7,,,0
6019,'1478847',2004,,832,7,,,0
6019,'1478848',2034,,833,7,,,0
6019,'1478849',2104,,834,7,,,0
6019,'1478850',2204,,835,7,,,0
6019,'1478851',2304,,836,7,,,0
6019,'1478852',534,,837,7,,,0
6019,'1478853',704,,838,7,,,0
6019,'1478855',604,,840,7,,,0
6019,'1479065',604,,842,7,,,0
6019,'1479066',634,,843,7,,,0
6019,'1479067',704,,844,7,,,0
6019,'1479068',734,,845,7,,,0
6019,'1479069',804,,846,7,,,0
6019,'1479070',904,,847,7,,,0
6019,'1479071',1004,,848,7,,,0
6019,'1479072',1104,,849,7,,,0
6019,'1479073',1204,,850,7,,,0
6019,'1479074',1304,,851,7,,,0
6019,'1479075',1404,,852,7,,,0
6019,'1479076',1504,,853,7,,,0
6019,'1479077',1604,,854,7,,,0
6019,'1479078',1704,,855,7,,,0
6019,'1479079',1804,,856,7,,,0
6019,'1479080',1904,,857,7,,,0
6019,'1479081',2004,,858,7,,,0
6019,'1479082',2104,,859,7,,,0
6019,'1479083',2204,,860,7,,,0
6019,'1479103',2303,,880,7,,,0
6019,'1482491',704,,882,7,,,0
6019,'1482492',804,,883,7,,,0
6019,'1482493',904,,884,7,,,0
6019,'1482494',1004,,885,7,,,0
6019,'1482495',1104,,886,7,,,0
6019,'1482496',1204,,887,7,,,0
6019,'1482497',1304,,888,7,,,0
6019,'1482498',1404,,889,7,,,0
6019,'1482499',1504,,890,7,,,0
6019,'1482500',1604,,891,7,,,0
6019,'1482501',1704,,892,7,,,0
6019,'1482502',1804,,893,7,,,0
6019,'1482503',1904,,894,7,,,0
6019,'1482504',2004,,895,7,,,0
6019,'1482505',2104,,896,7,,,0
6019,'1482506',2203,,897,7,,,0
