2029,'1478547',655,,164,13,,,0
2029,'1478548',736,,165,13,,,0
2029,'1478549',816,,166,13,,,0
2029,'1478550',1016,,167,13,,,0
2029,'1478551',1056,,168,13,,,0
2029,'1478552',1136,,169,13,,,0
2029,'1478553',1216,,170,13,,,0
2029,'1478554',1256,,171,13,,,0
2029,'1478555',1336,,172,13,,,0
2029,'1478556',1416,,173,13,,,0
2029,'1478557',1456,,174,13,,,0
2029,'1478558',1536,,175,13,,,0
2029,'1478559',1616,,176,13,,,0
2029,'1478560',1656,,177,13,,,0
2029,'1478561',1736,,178,13,,,0
2029,'1478562',1816,,179,13,,,0
2029,'1478563',1856,,180,13,,,0
2029,'1478564',1936,,181,13,,,0
2029,'1478565',2016,,182,13,,,0
2029,'1478566',2056,,183,13,,,0
2029,'1478567',2125,,184,13,,,0
2029,'1478568',2255,,185,13,,,0
2029,'1478593',856,,210,13,,,0
2029,'1478594',936,,211,13,,,0
2029,'1478595',555,,212,13,,,0
2029,'1478598',525,,215,13,,,0
2029,'1478600',625,,217,13,,,0
2029,'1478601',710,,218,13,,,0
2029,'1478602',756,,219,13,,,0
2029,'1478603',836,,220,13,,,0
2029,'1478604',916,,221,13,,,0
2029,'1478605',956,,222,13,,,0
2029,'1478606',1036,,223,13,,,0
2029,'1478607',1116,,224,13,,,0
2029,'1478608',1156,,225,13,,,0
2029,'1478609',1236,,226,13,,,0
2029,'1478610',1316,,227,13,,,0
2029,'1478611',1356,,228,13,,,0
2029,'1478612',1436,,229,13,,,0
2029,'1478613',1516,,230,13,,,0
2029,'1478614',1556,,231,13,,,0
2029,'1478615',1636,,232,13,,,0
2029,'1478616',1716,,233,13,,,0
2029,'1478617',1756,,234,13,,,0
2029,'1478618',1836,,235,13,,,0
2029,'1478619',1916,,236,13,,,0
2029,'1478620',1956,,237,13,,,0
2029,'1478621',2036,,238,13,,,0
2029,'1478622',2116,,239,13,,,0
2029,'1479290',655,,263,13,,,0
2029,'1479291',755,,264,13,,,0
2029,'1479299',832,,272,13,,,0
2029,'1479300',912,,273,13,,,0
2029,'1479301',952,,274,13,,,0
2029,'1479302',1032,,275,13,,,0
2029,'1479303',1112,,276,13,,,0
2029,'1479304',1152,,277,13,,,0
2029,'1479305',1232,,278,13,,,0
2029,'1479315',1312,,288,13,,,0
2029,'1479316',1352,,289,13,,,0
2029,'1479317',1432,,290,13,,,0
2029,'1479318',1512,,291,13,,,0
2029,'1479319',1552,,292,13,,,0
2029,'1479320',1632,,293,13,,,0
2029,'1479321',1712,,294,13,,,0
2029,'1479322',1752,,295,13,,,0
2029,'1479324',1912,,297,13,,,0
2029,'1479325',1952,,298,13,,,0
2029,'1479328',2032,,301,13,,,0
2029,'1479329',2105,,302,13,,,0
2029,'1479330',1832,,303,13,,,0
2029,'1479332',2305,,305,13,,,0
2029,'1479333',2205,,306,13,,,0
2029,'1482329',755,,329,13,,,0
2029,'1482330',836,,330,13,,,0
2029,'1482331',916,,331,13,,,0
2029,'1482332',956,,332,13,,,0
2029,'1482333',1036,,333,13,,,0
2029,'1482334',1116,,334,13,,,0
2029,'1482335',1156,,335,13,,,0
2029,'1482336',1236,,336,13,,,0
2029,'1482337',1316,,337,13,,,0
2029,'1482338',1356,,338,13,,,0
2029,'1482339',1436,,339,13,,,0
2029,'1482340',1516,,340,13,,,0
2029,'1482341',1636,,341,13,,,0
2029,'1482342',1556,,342,13,,,0
2029,'1482343',1716,,343,13,,,0
2029,'1482344',1836,,344,13,,,0
2029,'1482345',1756,,345,13,,,0
2029,'1482346',2025,,346,13,,,0
2029,'1482347',1925,,347,13,,,0
2029,'1482348',2125,,348,13,,,0
2029,'1482350',2225,,350,13,,,0
8019,'1478708',647,,1050,26,,,0
8019,'1478709',717,,1051,26,,,0
8019,'1478710',747,,1052,26,,,0
8019,'1478711',817,,1053,26,,,0
8019,'1478712',847,,1054,26,,,0
8019,'1478713',917,,1055,26,,,0
8019,'1478714',947,,1056,26,,,0
8019,'1478715',1019,,1057,26,,,0
8019,'1478716',1049,,1058,26,,,0
8019,'1478717',1119,,1059,26,,,0
8019,'1478718',1149,,1060,26,,,0
8019,'1478719',1219,,1061,26,,,0
8019,'1478720',1249,,1062,26,,,0
8019,'1478721',1319,,1063,26,,,0
8019,'1478722',1349,,1064,26,,,0
8019,'1478723',1419,,1065,26,,,0
8019,'1478724',1449,,1066,26,,,0
8019,'1478725',1519,,1067,26,,,0
8019,'1478726',1549,,1068,26,,,0
8019,'1478727',1619,,1069,26,,,0
8019,'1478728',1649,,1070,26,,,0
8019,'1478729',1719,,1071,26,,,0
8019,'1478730',1747,,1072,26,,,0
8019,'1478731',1817,,1073,26,,,0
8019,'1478732',1847,,1074,26,,,0
8019,'1478733',1947,,1075,26,,,0
8019,'1478734',2047,,1076,26,,,0
8019,'1478735',2147,,1077,26,,,0
8019,'1478736',2247,,1078,26,,,0
8019,'1478991',1449,,1079,26,,,0
8019,'1478992',1349,,1080,26,,,0
8019,'1478993',1519,,1081,26,,,0
8019,'1478994',1619,,1082,26,,,0
8019,'1478995',1719,,1083,26,,,0
8019,'1478996',1817,,1084,26,,,0
8019,'1478997',1917,,1085,26,,,0
8019,'1478998',2047,,1086,26,,,0
8019,'1478999',2217,,1087,26,,,0
8019,'1479000',1549,,1088,26,,,0
8019,'1479001',1747,,1089,26,,,0
8019,'1479002',1649,,1090,26,,,0
8019,'1479003',1847,,1091,26,,,0
8019,'1479004',2117,,1092,26,,,0
8019,'1479005',1947,,1093,26,,,0
8019,'1479006',1419,,1094,26,,,0
8019,'1479007',647,,1095,26,,,0
8019,'1479008',747,,1096,26,,,0
8019,'1479009',847,,1097,26,,,0
8019,'1479010',917,,1098,26,,,0
8019,'1479011',947,,1099,26,,,0
8019,'1479012',1019,,1100,26,,,0
8019,'1479013',1049,,1101,26,,,0
8019,'1479014',1119,,1102,26,,,0
8019,'1479015',1149,,1103,26,,,0
8019,'1479016',1219,,1104,26,,,0
8019,'1479017',1249,,1105,26,,,0
8019,'1479018',1319,,1106,26,,,0
8019,'1482560',747,,1107,26,,,0
8019,'1482561',847,,1108,26,,,0
8019,'1482562',947,,1109,26,,,0
8019,'1482563',1049,,1110,26,,,0
8019,'1482564',1249,,1111,26,,,0
8019,'1482565',1319,,1112,26,,,0
8019,'1482566',1349,,1113,26,,,0
8019,'1482567',1419,,1114,26,,,0
8019,'1482568',1449,,1115,26,,,0
8019,'1482569',1519,,1116,26,,,0
8019,'1482570',1549,,1117,26,,,0
8019,'1482571',1619,,1118,26,,,0
8019,'1482572',1649,,1119,26,,,0
8019,'1482573',1719,,1120,26,,,0
8019,'1482574',1747,,1121,26,,,0
8019,'1482575',1817,,1122,26,,,0
8019,'1482576',1847,,1123,26,,,0
8019,'1482577',1947,,1124,26,,,0
8019,'1482578',2047,,1125,26,,,0
8019,'1482579',2147,,1126,26,,,0
8019,'1482580',1149,,1127,26,,,0
8019,'1482581',1219,,1128,26,,,0
