6019,'1478821',635,,806,9,,,0
6019,'1478822',735,,807,9,,,0
6019,'1478823',805,,808,9,,,0
6019,'1478824',835,,809,9,,,0
6019,'1478825',905,,810,9,,,0
6019,'1478826',935,,811,9,,,0
6019,'1478827',1005,,812,9,,,0
6019,'1478828',1035,,813,9,,,0
6019,'1478829',1105,,814,9,,,0
6019,'1478830',1135,,815,9,,,0
6019,'1478831',1205,,816,9,,,0
6019,'1478832',1235,,817,9,,,0
6019,'1478833',1305,,818,9,,,0
6019,'1478834',1335,,819,9,,,0
6019,'1478835',1405,,820,9,,,0
6019,'1478836',1435,,821,9,,,0
6019,'1478837',1505,,822,9,,,0
6019,'1478838',1535,,823,9,,,0
6019,'1478839',1605,,824,9,,,0
6019,'1478840',1635,,825,9,,,0
6019,'1478841',1705,,826,9,,,0
6019,'1478842',1735,,827,9,,,0
6019,'1478843',1805,,828,9,,,0
6019,'1478844',1835,,829,9,,,0
6019,'1478845',1905,,830,9,,,0
6019,'1478846',1935,,831,9,,,0
6019,'1478847',2005,,832,9,,,0
6019,'1478848',2035,,833,9,,,0
6019,'1478849',2105,,834,9,,,0
6019,'1478850',2205,,835,9,,,0
6019,'1478851',2305,,836,9,,,0
6019,'1478852',535,,837,9,,,0
6019,'1478853',705,,838,9,,,0
6019,'1478855',605,,840,9,,,0
6019,'1479065',605,,842,9,,,0
6019,'1479066',635,,843,9,,,0
6019,'1479067',705,,844,9,,,0
6019,'1479068',735,,845,9,,,0
6019,'1479069',805,,846,9,,,0
6019,'1479070',905,,847,9,,,0
6019,'1479071',1005,,848,9,,,0
6019,'1479072',1105,,849,9,,,0
6019,'1479073',1205,,850,9,,,0
6019,'1479074',1305,,851,9,,,0
6019,'1479075',1405,,852,9,,,0
6019,'1479076',1505,,853,9,,,0
6019,'1479077',1605,,854,9,,,0
6019,'1479078',1705,,855,9,,,0
6019,'1479079',1805,,856,9,,,0
6019,'1479080',1905,,857,9,,,0
6019,'1479081',2005,,858,9,,,0
6019,'1479082',2105,,859,9,,,0
6019,'1479083',2205,,860,9,,,0
6019,'1479103',2304,,880,9,,,0
6019,'1482491',705,,882,9,,,0
6019,'1482492',805,,883,9,,,0
6019,'1482493',905,,884,9,,,0
6019,'1482494',1005,,885,9,,,0
6019,'1482495',1105,,886,9,,,0
6019,'1482496',1205,,887,9,,,0
6019,'1482497',1305,,888,9,,,0
6019,'1482498',1405,,889,9,,,0
6019,'1482499',1505,,890,9,,,0
6019,'1482500',1605,,891,9,,,0
6019,'1482501',1705,,892,9,,,0
6019,'1482502',1805,,893,9,,,0
6019,'1482503',1905,,894,9,,,0
6019,'1482504',2005,,895,9,,,0
6019,'1482505',2105,,896,9,,,0
6019,'1482506',2204,,897,9,,,0
