2019,'1478569',635,,186,8,,,0
2019,'1478570',705,,187,8,,,0
2019,'1478571',1428,,188,8,,,0
2019,'1478572',748,,189,8,,,0
2019,'1478573',1508,,190,8,,,0
2019,'1478574',1108,,191,8,,,0
2019,'1478575',948,,192,8,,,0
2019,'1478576',1228,,193,8,,,0
2019,'1478577',828,,194,8,,,0
2019,'1478578',1148,,195,8,,,0
2019,'1478579',1308,,196,8,,,0
2019,'1478580',1028,,197,8,,,0
2019,'1478581',1348,,198,8,,,0
2019,'1478582',1548,,199,8,,,0
2019,'1478583',1628,,200,8,,,0
2019,'1478584',1748,,201,8,,,0
2019,'1478585',1708,,202,8,,,0
2019,'1478586',1908,,203,8,,,0
2019,'1478587',1828,,204,8,,,0
2019,'1478588',1948,,205,8,,,0
2019,'1478589',2028,,206,8,,,0
2019,'1478590',2105,,207,8,,,0
2019,'1478591',2235,,208,8,,,0
2019,'1478592',908,,209,8,,,0
2019,'1478596',505,,213,8,,,0
2019,'1478597',535,,214,8,,,0
2019,'1478599',605,,216,8,,,0
2019,'1478623',725,,240,8,,,0
2019,'1478624',2048,,241,8,,,0
2019,'1478625',808,,242,8,,,0
2019,'1478626',848,,243,8,,,0
2019,'1478627',928,,244,8,,,0
2019,'1478628',1008,,245,8,,,0
2019,'1478629',1048,,246,8,,,0
2019,'1478630',1128,,247,8,,,0
2019,'1478631',1208,,248,8,,,0
2019,'1478632',1248,,249,8,,,0
2019,'1478633',1328,,250,8,,,0
2019,'1478634',1408,,251,8,,,0
2019,'1478635',1448,,252,8,,,0
2019,'1478636',1528,,253,8,,,0
2019,'1478637',1608,,254,8,,,0
2019,'1478638',1648,,255,8,,,0
2019,'1478639',1728,,256,8,,,0
2019,'1478640',1808,,257,8,,,0
2019,'1478641',1848,,258,8,,,0
2019,'1478642',1928,,259,8,,,0
2019,'1478643',2008,,260,8,,,0
2019,'1479288',635,,261,8,,,0
2019,'1479289',735,,262,8,,,0
2019,'1479292',805,,265,8,,,0
2019,'1479293',846,,266,8,,,0
2019,'1479294',926,,267,8,,,0
2019,'1479295',1006,,268,8,,,0
2019,'1479296',1046,,269,8,,,0
2019,'1479297',1126,,270,8,,,0
2019,'1479298',1206,,271,8,,,0
2019,'1479306',1246,,279,8,,,0
2019,'1479307',1326,,280,8,,,0
2019,'1479308',1406,,281,8,,,0
2019,'1479309',1446,,282,8,,,0
2019,'1479310',1526,,283,8,,,0
2019,'1479311',1606,,284,8,,,0
2019,'1479312',1646,,285,8,,,0
2019,'1479313',1726,,286,8,,,0
2019,'1479314',1806,,287,8,,,0
2019,'1479323',1926,,296,8,,,0
2019,'1479326',2045,,299,8,,,0
2019,'1479327',2145,,300,8,,,0
2019,'1479331',2006,,304,8,,,0
2019,'1479334',2245,,307,8,,,0
2019,'1479335',1846,,308,8,,,0
2019,'1482309',735,,309,8,,,0
2019,'1482310',808,,310,8,,,0
2019,'1482311',848,,311,8,,,0
2019,'1482312',928,,312,8,,,0
2019,'1482313',1008,,313,8,,,0
2019,'1482314',1048,,314,8,,,0
2019,'1482315',1128,,315,8,,,0
2019,'1482316',1208,,316,8,,,0
2019,'1482317',1248,,317,8,,,0
2019,'1482318',1328,,318,8,,,0
2019,'1482319',1408,,319,8,,,0
2019,'1482320',1448,,320,8,,,0
2019,'1482321',1528,,321,8,,,0
2019,'1482322',1608,,322,8,,,0
2019,'1482323',1648,,323,8,,,0
2019,'1482324',1728,,324,8,,,0
2019,'1482325',1808,,325,8,,,0
2019,'1482326',1905,,326,8,,,0
2019,'1482327',2005,,327,8,,,0
2019,'1482328',2105,,328,8,,,0
2019,'1482349',2205,,349,8,,,0
