6029,'1478790',608,,775,8,,,0
6029,'1478791',708,,776,8,,,0
6029,'1478792',738,,777,8,,,0
6029,'1478793',808,,778,8,,,0
6029,'1478794',838,,779,8,,,0
6029,'1478795',908,,780,8,,,0
6029,'1478796',938,,781,8,,,0
6029,'1478797',1008,,782,8,,,0
6029,'1478798',1038,,783,8,,,0
6029,'1478799',1108,,784,8,,,0
6029,'1478800',1138,,785,8,,,0
6029,'1478801',1208,,786,8,,,0
6029,'1478802',1238,,787,8,,,0
6029,'1478803',1308,,788,8,,,0
6029,'1478804',1338,,789,8,,,0
6029,'1478805',1408,,790,8,,,0
6029,'1478806',1438,,791,8,,,0
6029,'1478807',1508,,792,8,,,0
6029,'1478808',1538,,793,8,,,0
6029,'1478809',1608,,794,8,,,0
6029,'1478810',1638,,795,8,,,0
6029,'1478811',1708,,796,8,,,0
6029,'1478812',1738,,797,8,,,0
6029,'1478813',1808,,798,8,,,0
6029,'1478814',1838,,799,8,,,0
6029,'1478815',1908,,800,8,,,0
6029,'1478816',1938,,801,8,,,0
6029,'1478817',2008,,802,8,,,0
6029,'1478818',2038,,803,8,,,0
6029,'1478819',2138,,804,8,,,0
6029,'1478820',2238,,805,8,,,0
6029,'1478854',538,,839,8,,,0
6029,'1478856',638,,841,8,,,0
6029,'1479084',638,,861,8,,,0
6029,'1479085',708,,862,8,,,0
6029,'1479086',738,,863,8,,,0
6029,'1479087',838,,864,8,,,0
6029,'1479088',938,,865,8,,,0
6029,'1479089',1038,,866,8,,,0
6029,'1479090',1138,,867,8,,,0
6029,'1479091',1238,,868,8,,,0
6029,'1479092',1338,,869,8,,,0
6029,'1479093',1438,,870,8,,,0
6029,'1479094',1538,,871,8,,,0
6029,'1479095',1638,,872,8,,,0
6029,'1479096',1738,,873,8,,,0
6029,'1479097',1838,,874,8,,,0
6029,'1479098',1938,,875,8,,,0
6029,'1479099',2038,,876,8,,,0
6029,'1479100',2138,,877,8,,,0
6029,'1479101',2238,,878,8,,,0
6029,'1479102',608,,879,8,,,0
6029,'1479104',808,,881,8,,,0
6029,'1482507',738,,898,8,,,0
6029,'1482508',838,,899,8,,,0
6029,'1482509',938,,900,8,,,0
6029,'1482510',1138,,901,8,,,0
6029,'1482511',1038,,902,8,,,0
6029,'1482512',1338,,903,8,,,0
6029,'1482513',1238,,904,8,,,0
6029,'1482514',1438,,905,8,,,0
6029,'1482515',1538,,906,8,,,0
6029,'1482516',1638,,907,8,,,0
6029,'1482517',1738,,908,8,,,0
6029,'1482518',1838,,909,8,,,0
6029,'1482519',1938,,910,8,,,0
6029,'1482520',2038,,911,8,,,0
6029,'1482521',2138,,912,8,,,0
140000019,'1478707',2338,,1275,8,,,0
140000019,'1478990',2338,,1276,8,,,0
140000019,'1482582',2238,,1277,8,,,0
