7019,'1478737',615,,913,1,,,0
7019,'1478738',645,,914,1,,,0
7019,'1478739',745,,915,1,,,0
7019,'1478740',815,,916,1,,,0
7019,'1478741',845,,917,1,,,0
7019,'1478742',945,,918,1,,,0
7019,'1478743',1020,,919,1,,,0
7019,'1478744',1100,,920,1,,,0
7019,'1478745',1140,,921,1,,,0
7019,'1478746',1220,,922,1,,,0
7019,'1478747',1300,,923,1,,,0
7019,'1478748',1340,,924,1,,,0
7019,'1478749',1500,,925,1,,,0
7019,'1478750',1540,,926,1,,,0
7019,'1478751',1620,,927,1,,,0
7019,'1478752',1700,,928,1,,,0
7019,'1478753',1815,,929,1,,,0
7019,'1478754',2015,,930,1,,,0
7019,'1478760',2215,,936,1,,,0
7019,'1478776',1915,,952,1,,,0
7019,'1478778',1740,,954,1,,,0
7019,'1478779',1420,,955,1,,,0
7019,'1478783',2115,,959,1,,,0
7019,'1478784',715,,960,1,,,0
7019,'1478786',1845,,962,1,,,0
7019,'1478789',915,,965,1,,,0
7019,'1479039',645,,986,1,,,0
7019,'1479040',745,,987,1,,,0
7019,'1479041',845,,988,1,,,0
7019,'1479042',915,,989,1,,,0
7019,'1479043',945,,990,1,,,0
7019,'1479044',1020,,991,1,,,0
7019,'1479045',1100,,992,1,,,0
7019,'1479046',1140,,993,1,,,0
7019,'1479047',1220,,994,1,,,0
7019,'1479048',1300,,995,1,,,0
7019,'1479049',1340,,996,1,,,0
7019,'1479050',1500,,997,1,,,0
7019,'1479051',1540,,998,1,,,0
7019,'1479052',1620,,999,1,,,0
7019,'1479053',1700,,1000,1,,,0
7019,'1479054',1815,,1001,1,,,0
7019,'1479055',1845,,1002,1,,,0
7019,'1479056',1945,,1003,1,,,0
7019,'1479057',2045,,1004,1,,,0
7019,'1479058',2145,,1005,1,,,0
7019,'1479059',2245,,1006,1,,,0
7019,'1479063',1420,,1010,1,,,0
7019,'1479064',1740,,1011,1,,,0
7019,'1482537',715,,1027,1,,,0
7019,'1482538',815,,1028,1,,,0
7019,'1482539',1220,,1029,1,,,0
7019,'1482540',1300,,1030,1,,,0
7019,'1482541',915,,1031,1,,,0
7019,'1482542',1500,,1032,1,,,0
7019,'1482543',1420,,1033,1,,,0
7019,'1482544',1340,,1034,1,,,0
7019,'1482545',1540,,1035,1,,,0
7019,'1482546',1620,,1036,1,,,0
7019,'1482547',1740,,1037,1,,,0
7019,'1482548',1815,,1038,1,,,0
7019,'1482549',1845,,1039,1,,,0
7019,'1482550',1945,,1040,1,,,0
7019,'1482551',2145,,1041,1,,,0
7019,'1482553',1015,,1043,1,,,0
7019,'1482554',1115,,1044,1,,,0
7019,'1482556',2045,,1046,1,,,0
7019,'1482558',1700,,1048,1,,,0
7029,'1478755',742,,931,12,4,,0
7029,'1478756',842,,932,12,4,,0
7029,'1478757',1217,,933,12,4,,0
7029,'1478758',812,,934,12,4,,0
7029,'1478759',612,,935,12,4,,0
7029,'1478761',1537,,937,12,4,,0
7029,'1478762',1457,,938,12,4,,0
7029,'1478763',1617,,939,12,4,,0
7029,'1478764',1657,,940,12,4,,0
7029,'1478765',1812,,941,12,4,,0
7029,'1478766',1337,,942,12,4,,0
7029,'1478767',1257,,943,12,4,,0
7029,'1478768',1137,,944,12,4,,0
7029,'1478769',942,,945,12,4,,0
7029,'1478770',1057,,946,12,4,,0
7029,'1478771',1017,,947,12,4,,0
7029,'1478772',1912,,948,12,4,,0
7029,'1478773',2012,,949,12,4,,0
7029,'1478774',2112,,950,12,4,,0
7029,'1478775',2212,,951,12,4,,0
7029,'1478777',642,,953,12,4,,0
7029,'1478780',712,,956,12,4,,0
7029,'1478781',1417,,957,12,4,,0
7029,'1478782',1737,,958,12,4,,0
7029,'1478785',2312,,961,12,4,,0
7029,'1478787',912,,963,12,4,,0
7029,'1478788',1842,,964,12,4,,0
7029,'1479019',642,,966,12,4,,0
7029,'1479020',742,,967,12,4,,0
7029,'1479021',842,,968,12,4,,0
7029,'1479022',912,,969,12,4,,0
7029,'1479023',942,,970,12,4,,0
7029,'1479024',1017,,971,12,4,,0
7029,'1479025',1137,,972,12,4,,0
7029,'1479026',1217,,973,12,4,,0
7029,'1479027',1257,,974,12,4,,0
7029,'1479028',1337,,975,12,4,,0
7029,'1479029',1457,,976,12,4,,0
7029,'1479030',1537,,977,12,4,,0
7029,'1479031',1617,,978,12,4,,0
7029,'1479032',1657,,979,12,4,,0
7029,'1479033',1812,,980,12,4,,0
7029,'1479034',1842,,981,12,4,,0
7029,'1479035',1942,,982,12,4,,0
7029,'1479036',2042,,983,12,4,,0
7029,'1479037',2142,,984,12,4,,0
7029,'1479038',2242,,985,12,4,,0
7029,'1479060',1057,,1007,12,4,,0
7029,'1479061',1417,,1008,12,4,,0
7029,'1479062',1737,,1009,12,4,,0
7029,'1482522',712,,1012,12,4,,0
7029,'1482523',812,,1013,12,4,,0
7029,'1482524',912,,1014,12,4,,0
7029,'1482525',1217,,1015,12,4,,0
7029,'1482526',1257,,1016,12,4,,0
7029,'1482527',1337,,1017,12,4,,0
7029,'1482528',1417,,1018,12,4,,0
7029,'1482529',1457,,1019,12,4,,0
7029,'1482530',1537,,1020,12,4,,0
7029,'1482531',1617,,1021,12,4,,0
7029,'1482532',1737,,1022,12,4,,0
7029,'1482533',1812,,1023,12,4,,0
7029,'1482534',1842,,1024,12,4,,0
7029,'1482535',1942,,1025,12,4,,0
7029,'1482536',2142,,1026,12,4,,0
7029,'1482552',1012,,1042,12,4,,0
7029,'1482555',2042,,1045,12,4,,0
7029,'1482557',1112,,1047,12,4,,0
7029,'1482559',1657,,1049,12,4,,0
140000019,'1478707',2330,,1275,1,,,0
140000019,'1478990',2330,,1276,1,,,0
140000019,'1482582',2230,,1277,1,,,0
