20005019,'1478857',644,,1207,15,,,0
20005019,'1478858',714,,1208,15,,,0
20005019,'1478859',744,,1209,15,,,0
20005019,'1478860',814,,1210,15,,,0
20005019,'1478861',844,,1211,15,,,0
20005019,'1478862',914,,1212,15,,,0
20005019,'1478863',944,,1213,15,,,0
20005019,'1478864',1014,,1214,15,,,0
20005019,'1478865',1044,,1215,15,,,0
20005019,'1478866',1114,,1216,15,,,0
20005019,'1478867',1144,,1217,15,,,0
20005019,'1478868',1214,,1218,15,,,0
20005019,'1478869',1244,,1219,15,,,0
20005019,'1478870',1314,,1220,15,,,0
20005019,'1478871',1344,,1221,15,,,0
20005019,'1478872',1414,,1222,15,,,0
20005019,'1478873',1444,,1223,15,,,0
20005019,'1478874',1514,,1224,15,,,0
20005019,'1478875',1544,,1225,15,,,0
20005019,'1478876',1614,,1226,15,,,0
20005019,'1478877',1644,,1227,15,,,0
20005019,'1478878',1714,,1228,15,,,0
20005019,'1478879',1744,,1229,15,,,0
20005019,'1478880',1814,,1230,15,,,0
20005019,'1478881',1844,,1231,15,,,0
20005019,'1478882',1914,,1232,15,,,0
20005019,'1478883',1944,,1233,15,,,0
20005019,'1478884',2014,,1234,15,,,0
20005019,'1478885',2144,,1235,15,,,0
20005019,'1478886',2244,,1236,15,,,0
20005019,'1478887',2044,,1237,15,,,0
20005019,'1478888',514,,1238,15,,,0
20005019,'1478889',544,,1239,15,,,0
20005019,'1478890',614,,1240,15,,,0
20005019,'1479105',814,,1241,15,,,0
20005019,'1479106',844,,1242,15,,,0
20005019,'1479107',914,,1243,15,,,0
20005019,'1479108',944,,1244,15,,,0
20005019,'1479109',1014,,1245,15,,,0
20005019,'1479110',1044,,1246,15,,,0
20005019,'1479111',1114,,1247,15,,,0
20005019,'1479112',1144,,1248,15,,,0
20005019,'1479113',1214,,1249,15,,,0
20005019,'1479114',1244,,1250,15,,,0
20005019,'1479115',1314,,1251,15,,,0
20005019,'1479116',1344,,1252,15,,,0
20005019,'1479117',1414,,1253,15,,,0
20005019,'1479118',1444,,1254,15,,,0
20005019,'1479119',1514,,1255,15,,,0
20005019,'1479120',1544,,1256,15,,,0
20005019,'1479121',1614,,1257,15,,,0
20005019,'1479122',1644,,1258,15,,,0
20005019,'1479123',1714,,1259,15,,,0
20005019,'1479124',1744,,1260,15,,,0
20005019,'1479125',1814,,1261,15,,,0
20005019,'1479126',1844,,1262,15,,,0
20005019,'1479127',1914,,1263,15,,,0
20005019,'1479128',2014,,1264,15,,,0
20005019,'1482481',844,,1265,15,,,0
20005019,'1482482',944,,1266,15,,,0
20005019,'1482483',1044,,1267,15,,,0
20005019,'1482484',1144,,1268,15,,,0
20005019,'1482485',1244,,1269,15,,,0
20005019,'1482486',1344,,1270,15,,,0
20005019,'1482487',1444,,1271,15,,,0
20005019,'1482488',1544,,1272,15,,,0
20005019,'1482489',1644,,1273,15,,,0
20005019,'1482490',1744,,1274,15,,,0
