4019,'1478457',631,,554,2,,,0
4019,'1478458',701,,555,2,,,0
4019,'1478459',746,,556,2,,,0
4019,'1478460',901,,557,2,,,0
4019,'1478461',946,,558,2,,,0
4019,'1478462',1031,,559,2,,,0
4019,'1478463',1101,,560,2,,,0
4019,'1478464',1131,,561,2,,,0
4019,'1478465',1231,,562,2,,,0
4019,'1478466',1301,,563,2,,,0
4019,'1478467',1331,,564,2,,,0
4019,'1478468',1431,,565,2,,,0
4019,'1478469',1501,,566,2,,,0
4019,'1478470',1546,,567,2,,,0
4019,'1478471',1631,,568,2,,,0
4019,'1478472',1701,,569,2,,,0
4019,'1478473',1731,,570,2,,,0
4019,'1478474',1831,,571,2,,,0
4019,'1478475',1901,,572,2,,,0
4019,'1478476',1931,,573,2,,,0
4019,'1478477',2031,,574,2,,,0
4019,'1478478',2101,,575,2,,,0
4019,'1478479',2131,,576,2,,,0
4019,'1478480',2231,,577,2,,,0
4019,'1478483',2301,,580,2,,,0
4019,'1478487',1116,,584,2,,,0
4019,'1478488',1146,,585,2,,,0
4019,'1478489',1246,,586,2,,,0
4019,'1478491',716,,588,2,,,0
4019,'1478495',846,,592,2,,,0
4019,'1478496',801,,593,2,,,0
4019,'1478497',916,,594,2,,,0
4019,'1478498',931,,595,2,,,0
4019,'1478507',1316,,604,2,,,0
4019,'1478508',1531,,605,2,,,0
4019,'1478509',1646,,606,2,,,0
4019,'1478510',1346,,607,2,,,0
4019,'1478511',1446,,608,2,,,0
4019,'1478512',1516,,609,2,,,0
4019,'1478513',1716,,610,2,,,0
4019,'1478514',1046,,611,2,,,0
4019,'1478515',2201,,612,2,,,0
4019,'1478516',2001,,613,2,,,0
4019,'1478517',1416,,614,2,,,0
4019,'1478518',1616,,615,2,,,0
4019,'1478528',601,,625,2,,,0
4019,'1478529',1001,,626,2,,,0
4019,'1478530',1201,,627,2,,,0
4019,'1478531',1401,,628,2,,,0
4019,'1478532',1601,,629,2,,,0
4019,'1478533',1801,,630,2,,,0
4019,'1478540',816,,637,2,,,0
4019,'1478541',1016,,638,2,,,0
4019,'1478542',1216,,639,2,,,0
4019,'1478544',831,,641,2,,,0
4019,'1478545',731,,642,2,,,0
4019,'1479158',601,,644,2,,,0
4019,'1479159',631,,645,2,,,0
4019,'1479160',731,,646,2,,,0
4019,'1479161',801,,647,2,,,0
4019,'1479162',831,,648,2,,,0
4019,'1479163',931,,649,2,,,0
4019,'1479164',1001,,650,2,,,0
4019,'1479165',1031,,651,2,,,0
4019,'1479166',1131,,652,2,,,0
4019,'1479167',1201,,653,2,,,0
4019,'1479168',1231,,654,2,,,0
4019,'1479169',1331,,655,2,,,0
4019,'1479170',1401,,656,2,,,0
4019,'1479171',1431,,657,2,,,0
4019,'1479172',1531,,658,2,,,0
4019,'1479173',1601,,659,2,,,0
4019,'1479174',1631,,660,2,,,0
4019,'1479175',1731,,661,2,,,0
4019,'1479176',1801,,662,2,,,0
4019,'1479177',1831,,663,2,,,0
4019,'1479178',1931,,664,2,,,0
4019,'1479179',2001,,665,2,,,0
4019,'1479180',2031,,666,2,,,0
4019,'1479181',2131,,667,2,,,0
4019,'1479182',2201,,668,2,,,0
4019,'1479183',2231,,669,2,,,0
4019,'1479212',701,,698,2,,,0
4019,'1479213',901,,699,2,,,0
4019,'1479214',1101,,700,2,,,0
4019,'1479215',1301,,701,2,,,0
4019,'1479216',1501,,702,2,,,0
4019,'1479217',1701,,703,2,,,0
4019,'1479218',1901,,704,2,,,0
4019,'1479219',2101,,705,2,,,0
4019,'1479220',2301,,706,2,,,0
4019,'1482406',701,,715,2,,,0
4019,'1482407',731,,716,2,,,0
4019,'1482408',831,,717,2,,,0
4019,'1482409',901,,718,2,,,0
4019,'1482410',931,,719,2,,,0
4019,'1482411',1031,,720,2,,,0
4019,'1482412',1101,,721,2,,,0
4019,'1482413',1131,,722,2,,,0
4019,'1482414',1231,,723,2,,,0
4019,'1482415',1301,,724,2,,,0
4019,'1482416',1331,,725,2,,,0
4019,'1482417',1431,,726,2,,,0
4019,'1482418',1501,,727,2,,,0
4019,'1482419',1531,,728,2,,,0
4019,'1482420',1631,,729,2,,,0
4019,'1482421',1701,,730,2,,,0
4019,'1482422',1731,,731,2,,,0
4019,'1482423',1831,,732,2,,,0
4019,'1482424',1901,,733,2,,,0
4019,'1482425',1931,,734,2,,,0
4019,'1482426',2031,,735,2,,,0
4019,'1482427',2101,,736,2,,,0
4019,'1482449',2131,,758,2,,,0
4019,'1482450',2001,,759,2,,,0
4019,'1482451',1801,,760,2,,,0
4019,'1482460',801,,769,2,,,0
4019,'1482461',1001,,770,2,,,0
4019,'1482462',1201,,771,2,,,0
4019,'1482463',1401,,772,2,,,0
4019,'1482464',1601,,773,2,,,0
4019,'1482583',2201,,774,2,,,0
