8019,'1478708',630,,1050,1,,,0,20,,1050,28,4,,0
8019,'1478709',700,,1051,1,,,0,20,,1051,28,4,,0
8019,'1478710',730,,1052,1,,,0,20,,1052,28,4,,0
8019,'1478711',800,,1053,1,,,0,20,,1053,28,4,,0
8019,'1478712',830,,1054,1,,,0,20,,1054,28,4,,0
8019,'1478713',900,,1055,1,,,0,20,,1055,28,4,,0
8019,'1478714',930,,1056,1,,,0,20,,1056,28,4,,0
8019,'1478715',1000,,1057,1,,,0,22,,1057,28,4,,0
8019,'1478716',1030,,1058,1,,,0,22,,1058,28,4,,0
8019,'1478717',1100,,1059,1,,,0,22,,1059,28,4,,0
8019,'1478718',1130,,1060,1,,,0,22,,1060,28,4,,0
8019,'1478719',1200,,1061,1,,,0,22,,1061,28,4,,0
8019,'1478720',1230,,1062,1,,,0,22,,1062,28,4,,0
8019,'1478721',1300,,1063,1,,,0,22,,1063,28,4,,0
8019,'1478722',1330,,1064,1,,,0,22,,1064,28,4,,0
8019,'1478723',1400,,1065,1,,,0,22,,1065,28,4,,0
8019,'1478724',1430,,1066,1,,,0,22,,1066,28,4,,0
8019,'1478725',1500,,1067,1,,,0,22,,1067,28,4,,0
8019,'1478726',1530,,1068,1,,,0,22,,1068,28,4,,0
8019,'1478727',1600,,1069,1,,,0,22,,1069,28,4,,0
8019,'1478728',1630,,1070,1,,,0,22,,1070,28,4,,0
8019,'1478729',1700,,1071,1,,,0,22,,1071,28,4,,0
8019,'1478730',1730,,1072,1,,,0,20,,1072,28,4,,0
8019,'1478731',1800,,1073,1,,,0,20,,1073,28,4,,0
8019,'1478732',1830,,1074,1,,,0,20,,1074,28,4,,0
8019,'1478733',1930,,1075,1,,,0,20,,1075,28,4,,0
8019,'1478734',2030,,1076,1,,,0,20,,1076,28,4,,0
8019,'1478735',2130,,1077,1,,,0,20,,1077,28,4,,0
8019,'1478736',2230,,1078,1,,,0,20,,1078,28,4,,0
8019,'1478991',1430,,1079,1,,,0,22,,1079,28,4,,0
8019,'1478992',1330,,1080,1,,,0,22,,1080,28,4,,0
8019,'1478993',1500,,1081,1,,,0,22,,1081,28,4,,0
8019,'1478994',1600,,1082,1,,,0,22,,1082,28,4,,0
8019,'1478995',1700,,1083,1,,,0,22,,1083,28,4,,0
8019,'1478996',1800,,1084,1,,,0,20,,1084,28,4,,0
8019,'1478997',1900,,1085,1,,,0,20,,1085,28,4,,0
8019,'1478998',2030,,1086,1,,,0,20,,1086,28,4,,0
8019,'1478999',2200,,1087,1,,,0,20,,1087,28,4,,0
8019,'1479000',1530,,1088,1,,,0,22,,1088,28,4,,0
8019,'1479001',1730,,1089,1,,,0,20,,1089,28,4,,0
8019,'1479002',1630,,1090,1,,,0,22,,1090,28,4,,0
8019,'1479003',1830,,1091,1,,,0,20,,1091,28,4,,0
8019,'1479004',2100,,1092,1,,,0,20,,1092,28,4,,0
8019,'1479005',1930,,1093,1,,,0,20,,1093,28,4,,0
8019,'1479006',1400,,1094,1,,,0,22,,1094,28,4,,0
8019,'1479007',630,,1095,1,,,0,20,,1095,28,4,,0
8019,'1479008',730,,1096,1,,,0,20,,1096,28,4,,0
8019,'1479009',830,,1097,1,,,0,20,,1097,28,4,,0
8019,'1479010',900,,1098,1,,,0,20,,1098,28,4,,0
8019,'1479011',930,,1099,1,,,0,20,,1099,28,4,,0
8019,'1479012',1000,,1100,1,,,0,22,,1100,28,4,,0
8019,'1479013',1030,,1101,1,,,0,22,,1101,28,4,,0
8019,'1479014',1100,,1102,1,,,0,22,,1102,28,4,,0
8019,'1479015',1130,,1103,1,,,0,22,,1103,28,4,,0
8019,'1479016',1200,,1104,1,,,0,22,,1104,28,4,,0
8019,'1479017',1230,,1105,1,,,0,22,,1105,28,4,,0
8019,'1479018',1300,,1106,1,,,0,22,,1106,28,4,,0
8019,'1482560',730,,1107,1,,,0,20,,1107,28,4,,0
8019,'1482561',830,,1108,1,,,0,20,,1108,28,4,,0
8019,'1482562',930,,1109,1,,,0,20,,1109,28,4,,0
8019,'1482563',1030,,1110,1,,,0,22,,1110,28,4,,0
8019,'1482564',1230,,1111,1,,,0,22,,1111,28,4,,0
8019,'1482565',1300,,1112,1,,,0,22,,1112,28,4,,0
8019,'1482566',1330,,1113,1,,,0,22,,1113,28,4,,0
8019,'1482567',1400,,1114,1,,,0,22,,1114,28,4,,0
8019,'1482568',1430,,1115,1,,,0,22,,1115,28,4,,0
8019,'1482569',1500,,1116,1,,,0,22,,1116,28,4,,0
8019,'1482570',1530,,1117,1,,,0,22,,1117,28,4,,0
8019,'1482571',1600,,1118,1,,,0,22,,1118,28,4,,0
8019,'1482572',1630,,1119,1,,,0,22,,1119,28,4,,0
8019,'1482573',1700,,1120,1,,,0,22,,1120,28,4,,0
8019,'1482574',1730,,1121,1,,,0,20,,1121,28,4,,0
8019,'1482575',1800,,1122,1,,,0,20,,1122,28,4,,0
8019,'1482576',1830,,1123,1,,,0,20,,1123,28,4,,0
8019,'1482577',1930,,1124,1,,,0,20,,1124,28,4,,0
8019,'1482578',2030,,1125,1,,,0,20,,1125,28,4,,0
8019,'1482579',2130,,1126,1,,,0,20,,1126,28,4,,0
8019,'1482580',1130,,1127,1,,,0,22,,1127,28,4,,0
8019,'1482581',1200,,1128,1,,,0,22,,1128,28,4,,0
