20005019,'1478857',636,,1207,5,,,0
20005019,'1478858',706,,1208,5,,,0
20005019,'1478859',736,,1209,5,,,0
20005019,'1478860',806,,1210,5,,,0
20005019,'1478861',836,,1211,5,,,0
20005019,'1478862',906,,1212,5,,,0
20005019,'1478863',936,,1213,5,,,0
20005019,'1478864',1006,,1214,5,,,0
20005019,'1478865',1036,,1215,5,,,0
20005019,'1478866',1106,,1216,5,,,0
20005019,'1478867',1136,,1217,5,,,0
20005019,'1478868',1206,,1218,5,,,0
20005019,'1478869',1236,,1219,5,,,0
20005019,'1478870',1306,,1220,5,,,0
20005019,'1478871',1336,,1221,5,,,0
20005019,'1478872',1406,,1222,5,,,0
20005019,'1478873',1436,,1223,5,,,0
20005019,'1478874',1506,,1224,5,,,0
20005019,'1478875',1536,,1225,5,,,0
20005019,'1478876',1606,,1226,5,,,0
20005019,'1478877',1636,,1227,5,,,0
20005019,'1478878',1706,,1228,5,,,0
20005019,'1478879',1736,,1229,5,,,0
20005019,'1478880',1806,,1230,5,,,0
20005019,'1478881',1836,,1231,5,,,0
20005019,'1478882',1906,,1232,5,,,0
20005019,'1478883',1936,,1233,5,,,0
20005019,'1478884',2006,,1234,5,,,0
20005019,'1478885',2136,,1235,5,,,0
20005019,'1478886',2236,,1236,5,,,0
20005019,'1478887',2036,,1237,5,,,0
20005019,'1478888',506,,1238,5,,,0
20005019,'1478889',536,,1239,5,,,0
20005019,'1478890',606,,1240,5,,,0
20005019,'1479105',806,,1241,5,,,0
20005019,'1479106',836,,1242,5,,,0
20005019,'1479107',906,,1243,5,,,0
20005019,'1479108',936,,1244,5,,,0
20005019,'1479109',1006,,1245,5,,,0
20005019,'1479110',1036,,1246,5,,,0
20005019,'1479111',1106,,1247,5,,,0
20005019,'1479112',1136,,1248,5,,,0
20005019,'1479113',1206,,1249,5,,,0
20005019,'1479114',1236,,1250,5,,,0
20005019,'1479115',1306,,1251,5,,,0
20005019,'1479116',1336,,1252,5,,,0
20005019,'1479117',1406,,1253,5,,,0
20005019,'1479118',1436,,1254,5,,,0
20005019,'1479119',1506,,1255,5,,,0
20005019,'1479120',1536,,1256,5,,,0
20005019,'1479121',1606,,1257,5,,,0
20005019,'1479122',1636,,1258,5,,,0
20005019,'1479123',1706,,1259,5,,,0
20005019,'1479124',1736,,1260,5,,,0
20005019,'1479125',1806,,1261,5,,,0
20005019,'1479126',1836,,1262,5,,,0
20005019,'1479127',1906,,1263,5,,,0
20005019,'1479128',2006,,1264,5,,,0
20005019,'1482481',836,,1265,5,,,0
20005019,'1482482',936,,1266,5,,,0
20005019,'1482483',1036,,1267,5,,,0
20005019,'1482484',1136,,1268,5,,,0
20005019,'1482485',1236,,1269,5,,,0
20005019,'1482486',1336,,1270,5,,,0
20005019,'1482487',1436,,1271,5,,,0
20005019,'1482488',1536,,1272,5,,,0
20005019,'1482489',1636,,1273,5,,,0
20005019,'1482490',1736,,1274,5,,,0
