10005019,'1478891',622,,1129,20,,,0
10005019,'1478892',722,,1130,20,,,0
10005019,'1478893',752,,1131,20,,,0
10005019,'1478894',822,,1132,20,,,0
10005019,'1478895',852,,1133,20,,,0
10005019,'1478896',922,,1134,20,,,0
10005019,'1478897',952,,1135,20,,,0
10005019,'1478898',1022,,1136,20,,,0
10005019,'1478899',1052,,1137,20,,,0
10005019,'1478900',1122,,1138,20,,,0
10005019,'1478901',1152,,1139,20,,,0
10005019,'1478902',1222,,1140,20,,,0
10005019,'1478903',1252,,1141,20,,,0
10005019,'1478904',1322,,1142,20,,,0
10005019,'1478905',1352,,1143,20,,,0
10005019,'1478906',1422,,1144,20,,,0
10005019,'1478907',1452,,1145,20,,,0
10005019,'1478908',1522,,1146,20,,,0
10005019,'1478909',1552,,1147,20,,,0
10005019,'1478910',1622,,1148,20,,,0
10005019,'1478911',1652,,1149,20,,,0
10005019,'1478912',1722,,1150,20,,,0
10005019,'1478913',1752,,1151,20,,,0
10005019,'1478914',1822,,1152,20,,,0
10005019,'1478915',1852,,1153,20,,,0
10005019,'1478916',1922,,1154,20,,,0
10005019,'1478917',1952,,1155,20,,,0
10005019,'1478918',2022,,1156,20,,,0
10005019,'1478919',2052,,1157,20,,,0
10005019,'1478920',2122,,1158,20,,,0
10005019,'1478921',2322,,1159,20,,,0
10005019,'1478922',2222,,1160,20,,,0
10005019,'1478923',652,,1161,20,,,0
10005019,'1479129',619,,1162,20,,,0
10005019,'1479130',719,,1163,20,,,0
10005019,'1479131',822,,1164,20,,,0
10005019,'1479132',852,,1165,20,,,0
10005019,'1479133',922,,1166,20,,,0
10005019,'1479134',952,,1167,20,,,0
10005019,'1479135',1022,,1168,20,,,0
10005019,'1479136',1052,,1169,20,,,0
10005019,'1479137',1122,,1170,20,,,0
10005019,'1479138',1152,,1171,20,,,0
10005019,'1479139',1222,,1172,20,,,0
10005019,'1479140',1252,,1173,20,,,0
10005019,'1479141',1322,,1174,20,,,0
10005019,'1479142',1352,,1175,20,,,0
10005019,'1479143',1422,,1176,20,,,0
10005019,'1479144',1452,,1177,20,,,0
10005019,'1479145',1522,,1178,20,,,0
10005019,'1479146',1552,,1179,20,,,0
10005019,'1479147',1622,,1180,20,,,0
10005019,'1479148',1652,,1181,20,,,0
10005019,'1479149',1722,,1182,20,,,0
10005019,'1479150',1752,,1183,20,,,0
10005019,'1479151',1822,,1184,20,,,0
10005019,'1479152',1852,,1185,20,,,0
10005019,'1479153',1922,,1186,20,,,0
10005019,'1479154',2022,,1187,20,,,0
10005019,'1479155',2122,,1188,20,,,0
10005019,'1479156',2222,,1189,20,,,0
10005019,'1479157',2322,,1190,20,,,0
10005019,'1482465',722,,1191,20,,,0
10005019,'1482466',822,,1192,20,,,0
10005019,'1482467',922,,1193,20,,,0
10005019,'1482468',1022,,1194,20,,,0
10005019,'1482469',1122,,1195,20,,,0
10005019,'1482470',1222,,1196,20,,,0
10005019,'1482471',1322,,1197,20,,,0
10005019,'1482472',1422,,1198,20,,,0
10005019,'1482473',1522,,1199,20,,,0
10005019,'1482474',1622,,1200,20,,,0
10005019,'1482475',1722,,1201,20,,,0
10005019,'1482476',1822,,1202,20,,,0
10005019,'1482477',1852,,1203,20,,,0
10005019,'1482478',1952,,1204,20,,,0
10005019,'1482479',2052,,1205,20,,,0
10005019,'1482480',2152,,1206,20,,,0
