20005019,'1478857',649,,1207,19,,,0
20005019,'1478858',719,,1208,19,,,0
20005019,'1478859',749,,1209,19,,,0
20005019,'1478860',819,,1210,19,,,0
20005019,'1478861',849,,1211,19,,,0
20005019,'1478862',919,,1212,19,,,0
20005019,'1478863',949,,1213,19,,,0
20005019,'1478864',1019,,1214,19,,,0
20005019,'1478865',1049,,1215,19,,,0
20005019,'1478866',1119,,1216,19,,,0
20005019,'1478867',1149,,1217,19,,,0
20005019,'1478868',1219,,1218,19,,,0
20005019,'1478869',1249,,1219,19,,,0
20005019,'1478870',1319,,1220,19,,,0
20005019,'1478871',1349,,1221,19,,,0
20005019,'1478872',1419,,1222,19,,,0
20005019,'1478873',1449,,1223,19,,,0
20005019,'1478874',1519,,1224,19,,,0
20005019,'1478875',1549,,1225,19,,,0
20005019,'1478876',1619,,1226,19,,,0
20005019,'1478877',1649,,1227,19,,,0
20005019,'1478878',1719,,1228,19,,,0
20005019,'1478879',1749,,1229,19,,,0
20005019,'1478880',1819,,1230,19,,,0
20005019,'1478881',1849,,1231,19,,,0
20005019,'1478882',1919,,1232,19,,,0
20005019,'1478883',1949,,1233,19,,,0
20005019,'1478884',2019,,1234,19,,,0
20005019,'1478885',2149,,1235,19,,,0
20005019,'1478886',2249,,1236,19,,,0
20005019,'1478887',2049,,1237,19,,,0
20005019,'1478888',519,,1238,19,,,0
20005019,'1478889',549,,1239,19,,,0
20005019,'1478890',619,,1240,19,,,0
20005019,'1479105',819,,1241,19,,,0
20005019,'1479106',849,,1242,19,,,0
20005019,'1479107',919,,1243,19,,,0
20005019,'1479108',949,,1244,19,,,0
20005019,'1479109',1019,,1245,19,,,0
20005019,'1479110',1049,,1246,19,,,0
20005019,'1479111',1119,,1247,19,,,0
20005019,'1479112',1149,,1248,19,,,0
20005019,'1479113',1219,,1249,19,,,0
20005019,'1479114',1249,,1250,19,,,0
20005019,'1479115',1319,,1251,19,,,0
20005019,'1479116',1349,,1252,19,,,0
20005019,'1479117',1419,,1253,19,,,0
20005019,'1479118',1449,,1254,19,,,0
20005019,'1479119',1519,,1255,19,,,0
20005019,'1479120',1549,,1256,19,,,0
20005019,'1479121',1619,,1257,19,,,0
20005019,'1479122',1649,,1258,19,,,0
20005019,'1479123',1719,,1259,19,,,0
20005019,'1479124',1749,,1260,19,,,0
20005019,'1479125',1819,,1261,19,,,0
20005019,'1479126',1849,,1262,19,,,0
20005019,'1479127',1919,,1263,19,,,0
20005019,'1479128',2019,,1264,19,,,0
20005019,'1482481',849,,1265,19,,,0
20005019,'1482482',949,,1266,19,,,0
20005019,'1482483',1049,,1267,19,,,0
20005019,'1482484',1149,,1268,19,,,0
20005019,'1482485',1249,,1269,19,,,0
20005019,'1482486',1349,,1270,19,,,0
20005019,'1482487',1449,,1271,19,,,0
20005019,'1482488',1549,,1272,19,,,0
20005019,'1482489',1649,,1273,19,,,0
20005019,'1482490',1749,,1274,19,,,0
