1019,'1478675',2204,,32,4,,,0
1019,'1478676',619,,33,4,,,0
1019,'1478677',649,,34,4,,,0
1019,'1478678',719,,35,4,,,0
1019,'1478679',749,,36,4,,,0
1019,'1478680',819,,37,4,,,0
1019,'1478681',849,,38,4,,,0
1019,'1478682',919,,39,4,,,0
1019,'1478683',949,,40,4,,,0
1019,'1478684',1019,,41,4,,,0
1019,'1478685',1049,,42,4,,,0
1019,'1478686',1126,,43,4,,,0
1019,'1478687',1206,,44,4,,,0
1019,'1478688',1246,,45,4,,,0
1019,'1478689',1326,,46,4,,,0
1019,'1478690',1406,,47,4,,,0
1019,'1478691',1446,,48,4,,,0
1019,'1478692',1526,,49,4,,,0
1019,'1478693',1606,,50,4,,,0
1019,'1478694',1646,,51,4,,,0
1019,'1478695',1726,,52,4,,,0
1019,'1478696',1804,,53,4,,,0
1019,'1478697',1834,,54,4,,,0
1019,'1478698',1904,,55,4,,,0
1019,'1478699',1934,,56,4,,,0
1019,'1478700',2004,,57,4,,,0
1019,'1478701',2034,,58,4,,,0
1019,'1478702',2104,,59,4,,,0
1019,'1478703',2134,,60,4,,,0
1019,'1478704',2234,,61,4,,,0
1019,'1478705',2304,,62,4,,,0
1019,'1479338',604,,66,4,,,0
1019,'1479339',704,,67,4,,,0
1019,'1479346',804,,74,4,,,0
1019,'1479347',834,,75,4,,,0
1019,'1479348',904,,76,4,,,0
1019,'1479349',934,,77,4,,,0
1019,'1479350',1006,,78,4,,,0
1019,'1479351',1046,,79,4,,,0
1019,'1479352',1126,,80,4,,,0
1019,'1479360',1804,,88,4,,,0
1019,'1479366',1206,,94,4,,,0
1019,'1479367',1246,,95,4,,,0
1019,'1479368',1726,,96,4,,,0
1019,'1479369',1326,,97,4,,,0
1019,'1479370',1406,,98,4,,,0
1019,'1479371',1446,,99,4,,,0
1019,'1479372',1526,,100,4,,,0
1019,'1479373',1646,,101,4,,,0
1019,'1479374',1606,,102,4,,,0
1019,'1479375',2214,,103,4,,,0
1019,'1479376',2114,,104,4,,,0
1019,'1479383',1834,,111,4,,,0
1019,'1479384',1904,,112,4,,,0
1019,'1479385',1934,,113,4,,,0
1019,'1479386',2004,,114,4,,,0
1019,'1479387',2034,,115,4,,,0
1019,'1482261',704,,116,4,,,0
1019,'1482262',804,,117,4,,,0
1019,'1482263',834,,118,4,,,0
1019,'1482264',904,,119,4,,,0
1019,'1482265',934,,120,4,,,0
1019,'1482266',1004,,121,4,,,0
1019,'1482267',1034,,122,4,,,0
1019,'1482268',1106,,123,4,,,0
1019,'1482269',1146,,124,4,,,0
1019,'1482270',1226,,125,4,,,0
1019,'1482271',1306,,126,4,,,0
1019,'1482272',1346,,127,4,,,0
1019,'1482273',1426,,128,4,,,0
1019,'1482274',1506,,129,4,,,0
1019,'1482275',1546,,130,4,,,0
1019,'1482276',1626,,131,4,,,0
1019,'1482277',1704,,132,4,,,0
1019,'1482278',1734,,133,4,,,0
1019,'1482279',1804,,134,4,,,0
1019,'1482280',1834,,135,4,,,0
1019,'1482281',1904,,136,4,,,0
1019,'1482282',2004,,137,4,,,0
1019,'1482283',2104,,138,4,,,0
1019,'1482284',2204,,139,4,,,0
