1019,'1478675',2209,,32,8,,,0
1019,'1478676',624,,33,8,,,0
1019,'1478677',654,,34,8,,,0
1019,'1478678',724,,35,8,,,0
1019,'1478679',754,,36,8,,,0
1019,'1478680',824,,37,8,,,0
1019,'1478681',854,,38,8,,,0
1019,'1478682',924,,39,8,,,0
1019,'1478683',954,,40,8,,,0
1019,'1478684',1024,,41,8,,,0
1019,'1478685',1054,,42,8,,,0
1019,'1478686',1133,,43,8,,,0
1019,'1478687',1213,,44,8,,,0
1019,'1478688',1253,,45,8,,,0
1019,'1478689',1333,,46,8,,,0
1019,'1478690',1413,,47,8,,,0
1019,'1478691',1453,,48,8,,,0
1019,'1478692',1533,,49,8,,,0
1019,'1478693',1613,,50,8,,,0
1019,'1478694',1653,,51,8,,,0
1019,'1478695',1733,,52,8,,,0
1019,'1478696',1809,,53,8,,,0
1019,'1478697',1839,,54,8,,,0
1019,'1478698',1909,,55,8,,,0
1019,'1478699',1939,,56,8,,,0
1019,'1478700',2009,,57,8,,,0
1019,'1478701',2039,,58,8,,,0
1019,'1478702',2109,,59,8,,,0
1019,'1478703',2139,,60,8,,,0
1019,'1478704',2239,,61,8,,,0
1019,'1478705',2309,,62,8,,,0
1019,'1479338',609,,66,8,,,0
1019,'1479339',709,,67,8,,,0
1019,'1479346',809,,74,8,,,0
1019,'1479347',839,,75,8,,,0
1019,'1479348',909,,76,8,,,0
1019,'1479349',939,,77,8,,,0
1019,'1479350',1013,,78,8,,,0
1019,'1479351',1053,,79,8,,,0
1019,'1479352',1133,,80,8,,,0
1019,'1479360',1809,,88,8,,,0
1019,'1479366',1213,,94,8,,,0
1019,'1479367',1253,,95,8,,,0
1019,'1479368',1733,,96,8,,,0
1019,'1479369',1333,,97,8,,,0
1019,'1479370',1413,,98,8,,,0
1019,'1479371',1453,,99,8,,,0
1019,'1479372',1533,,100,8,,,0
1019,'1479373',1653,,101,8,,,0
1019,'1479374',1613,,102,8,,,0
1019,'1479375',2219,,103,8,,,0
1019,'1479376',2119,,104,8,,,0
1019,'1479383',1839,,111,8,,,0
1019,'1479384',1909,,112,8,,,0
1019,'1479385',1939,,113,8,,,0
1019,'1479386',2009,,114,8,,,0
1019,'1479387',2039,,115,8,,,0
1019,'1482261',709,,116,8,,,0
1019,'1482262',809,,117,8,,,0
1019,'1482263',839,,118,8,,,0
1019,'1482264',909,,119,8,,,0
1019,'1482265',939,,120,8,,,0
1019,'1482266',1009,,121,8,,,0
1019,'1482267',1039,,122,8,,,0
1019,'1482268',1113,,123,8,,,0
1019,'1482269',1153,,124,8,,,0
1019,'1482270',1233,,125,8,,,0
1019,'1482271',1313,,126,8,,,0
1019,'1482272',1353,,127,8,,,0
1019,'1482273',1433,,128,8,,,0
1019,'1482274',1513,,129,8,,,0
1019,'1482275',1553,,130,8,,,0
1019,'1482276',1633,,131,8,,,0
1019,'1482277',1709,,132,8,,,0
1019,'1482278',1739,,133,8,,,0
1019,'1482279',1809,,134,8,,,0
1019,'1482280',1839,,135,8,,,0
1019,'1482281',1909,,136,8,,,0
1019,'1482282',2009,,137,8,,,0
1019,'1482283',2109,,138,8,,,0
1019,'1482284',2209,,139,8,,,0
