2019,'1478569',635,,186,7,,,0
2019,'1478570',705,,187,7,,,0
2019,'1478571',1427,,188,7,,,0
2019,'1478572',747,,189,7,,,0
2019,'1478573',1507,,190,7,,,0
2019,'1478574',1107,,191,7,,,0
2019,'1478575',947,,192,7,,,0
2019,'1478576',1227,,193,7,,,0
2019,'1478577',827,,194,7,,,0
2019,'1478578',1147,,195,7,,,0
2019,'1478579',1307,,196,7,,,0
2019,'1478580',1027,,197,7,,,0
2019,'1478581',1347,,198,7,,,0
2019,'1478582',1547,,199,7,,,0
2019,'1478583',1627,,200,7,,,0
2019,'1478584',1747,,201,7,,,0
2019,'1478585',1707,,202,7,,,0
2019,'1478586',1907,,203,7,,,0
2019,'1478587',1827,,204,7,,,0
2019,'1478588',1947,,205,7,,,0
2019,'1478589',2027,,206,7,,,0
2019,'1478590',2105,,207,7,,,0
2019,'1478591',2235,,208,7,,,0
2019,'1478592',907,,209,7,,,0
2019,'1478596',505,,213,7,,,0
2019,'1478597',535,,214,7,,,0
2019,'1478599',605,,216,7,,,0
2019,'1478623',725,,240,7,,,0
2019,'1478624',2047,,241,7,,,0
2019,'1478625',807,,242,7,,,0
2019,'1478626',847,,243,7,,,0
2019,'1478627',927,,244,7,,,0
2019,'1478628',1007,,245,7,,,0
2019,'1478629',1047,,246,7,,,0
2019,'1478630',1127,,247,7,,,0
2019,'1478631',1207,,248,7,,,0
2019,'1478632',1247,,249,7,,,0
2019,'1478633',1327,,250,7,,,0
2019,'1478634',1407,,251,7,,,0
2019,'1478635',1447,,252,7,,,0
2019,'1478636',1527,,253,7,,,0
2019,'1478637',1607,,254,7,,,0
2019,'1478638',1647,,255,7,,,0
2019,'1478639',1727,,256,7,,,0
2019,'1478640',1807,,257,7,,,0
2019,'1478641',1847,,258,7,,,0
2019,'1478642',1927,,259,7,,,0
2019,'1478643',2007,,260,7,,,0
2019,'1479288',635,,261,7,,,0
2019,'1479289',735,,262,7,,,0
2019,'1479292',805,,265,7,,,0
2019,'1479293',845,,266,7,,,0
2019,'1479294',925,,267,7,,,0
2019,'1479295',1005,,268,7,,,0
2019,'1479296',1045,,269,7,,,0
2019,'1479297',1125,,270,7,,,0
2019,'1479298',1205,,271,7,,,0
2019,'1479306',1245,,279,7,,,0
2019,'1479307',1325,,280,7,,,0
2019,'1479308',1405,,281,7,,,0
2019,'1479309',1445,,282,7,,,0
2019,'1479310',1525,,283,7,,,0
2019,'1479311',1605,,284,7,,,0
2019,'1479312',1645,,285,7,,,0
2019,'1479313',1725,,286,7,,,0
2019,'1479314',1805,,287,7,,,0
2019,'1479323',1925,,296,7,,,0
2019,'1479326',2045,,299,7,,,0
2019,'1479327',2145,,300,7,,,0
2019,'1479331',2005,,304,7,,,0
2019,'1479334',2245,,307,7,,,0
2019,'1479335',1845,,308,7,,,0
2019,'1482309',735,,309,7,,,0
2019,'1482310',807,,310,7,,,0
2019,'1482311',847,,311,7,,,0
2019,'1482312',927,,312,7,,,0
2019,'1482313',1007,,313,7,,,0
2019,'1482314',1047,,314,7,,,0
2019,'1482315',1127,,315,7,,,0
2019,'1482316',1207,,316,7,,,0
2019,'1482317',1247,,317,7,,,0
2019,'1482318',1327,,318,7,,,0
2019,'1482319',1407,,319,7,,,0
2019,'1482320',1447,,320,7,,,0
2019,'1482321',1527,,321,7,,,0
2019,'1482322',1607,,322,7,,,0
2019,'1482323',1647,,323,7,,,0
2019,'1482324',1727,,324,7,,,0
2019,'1482325',1807,,325,7,,,0
2019,'1482326',1905,,326,7,,,0
2019,'1482327',2005,,327,7,,,0
2019,'1482328',2105,,328,7,,,0
2019,'1482349',2205,,349,7,,,0
