2019,'1478569',639,,186,12,,,0
2019,'1478570',709,,187,12,,,0
2019,'1478571',1433,,188,12,,,0
2019,'1478572',753,,189,12,,,0
2019,'1478573',1513,,190,12,,,0
2019,'1478574',1113,,191,12,,,0
2019,'1478575',953,,192,12,,,0
2019,'1478576',1233,,193,12,,,0
2019,'1478577',833,,194,12,,,0
2019,'1478578',1153,,195,12,,,0
2019,'1478579',1313,,196,12,,,0
2019,'1478580',1033,,197,12,,,0
2019,'1478581',1353,,198,12,,,0
2019,'1478582',1553,,199,12,,,0
2019,'1478583',1633,,200,12,,,0
2019,'1478584',1753,,201,12,,,0
2019,'1478585',1713,,202,12,,,0
2019,'1478586',1913,,203,12,,,0
2019,'1478587',1833,,204,12,,,0
2019,'1478588',1953,,205,12,,,0
2019,'1478589',2033,,206,12,,,0
2019,'1478590',2109,,207,12,,,0
2019,'1478591',2239,,208,12,,,0
2019,'1478592',913,,209,12,,,0
2019,'1478596',509,,213,12,,,0
2019,'1478597',539,,214,12,,,0
2019,'1478599',609,,216,12,,,0
2019,'1478623',729,,240,12,,,0
2019,'1478624',2053,,241,12,,,0
2019,'1478625',813,,242,12,,,0
2019,'1478626',853,,243,12,,,0
2019,'1478627',933,,244,12,,,0
2019,'1478628',1013,,245,12,,,0
2019,'1478629',1053,,246,12,,,0
2019,'1478630',1133,,247,12,,,0
2019,'1478631',1213,,248,12,,,0
2019,'1478632',1253,,249,12,,,0
2019,'1478633',1333,,250,12,,,0
2019,'1478634',1413,,251,12,,,0
2019,'1478635',1453,,252,12,,,0
2019,'1478636',1533,,253,12,,,0
2019,'1478637',1613,,254,12,,,0
2019,'1478638',1653,,255,12,,,0
2019,'1478639',1733,,256,12,,,0
2019,'1478640',1813,,257,12,,,0
2019,'1478641',1853,,258,12,,,0
2019,'1478642',1933,,259,12,,,0
2019,'1478643',2013,,260,12,,,0
2019,'1479288',639,,261,12,,,0
2019,'1479289',739,,262,12,,,0
2019,'1479292',809,,265,12,,,0
2019,'1479293',850,,266,12,,,0
2019,'1479294',930,,267,12,,,0
2019,'1479295',1010,,268,12,,,0
2019,'1479296',1050,,269,12,,,0
2019,'1479297',1130,,270,12,,,0
2019,'1479298',1210,,271,12,,,0
2019,'1479306',1250,,279,12,,,0
2019,'1479307',1330,,280,12,,,0
2019,'1479308',1410,,281,12,,,0
2019,'1479309',1450,,282,12,,,0
2019,'1479310',1530,,283,12,,,0
2019,'1479311',1610,,284,12,,,0
2019,'1479312',1650,,285,12,,,0
2019,'1479313',1730,,286,12,,,0
2019,'1479314',1810,,287,12,,,0
2019,'1479323',1930,,296,12,,,0
2019,'1479326',2049,,299,12,,,0
2019,'1479327',2149,,300,12,,,0
2019,'1479331',2010,,304,12,,,0
2019,'1479334',2249,,307,12,,,0
2019,'1479335',1850,,308,12,,,0
2019,'1482309',739,,309,12,,,0
2019,'1482310',813,,310,12,,,0
2019,'1482311',853,,311,12,,,0
2019,'1482312',933,,312,12,,,0
2019,'1482313',1013,,313,12,,,0
2019,'1482314',1053,,314,12,,,0
2019,'1482315',1133,,315,12,,,0
2019,'1482316',1213,,316,12,,,0
2019,'1482317',1253,,317,12,,,0
2019,'1482318',1333,,318,12,,,0
2019,'1482319',1413,,319,12,,,0
2019,'1482320',1453,,320,12,,,0
2019,'1482321',1533,,321,12,,,0
2019,'1482322',1613,,322,12,,,0
2019,'1482323',1653,,323,12,,,0
2019,'1482324',1733,,324,12,,,0
2019,'1482325',1813,,325,12,,,0
2019,'1482326',1909,,326,12,,,0
2019,'1482327',2009,,327,12,,,0
2019,'1482328',2109,,328,12,,,0
2019,'1482349',2209,,349,12,,,0
