1029,'1478644',603,,1,2,,,0
1029,'1478645',633,,2,2,,,0
1029,'1478646',703,,3,2,,,0
1029,'1478647',733,,4,2,,,0
1029,'1478648',803,,5,2,,,0
1029,'1478649',833,,6,2,,,0
1029,'1478650',903,,7,2,,,0
1029,'1478651',933,,8,2,,,0
1029,'1478652',1003,,9,2,,,0
1029,'1478653',1033,,10,2,,,0
1029,'1478654',1104,,11,2,,,0
1029,'1478655',1144,,12,2,,,0
1029,'1478656',1224,,13,2,,,0
1029,'1478657',1304,,14,2,,,0
1029,'1478658',1344,,15,2,,,0
1029,'1478659',1424,,16,2,,,0
1029,'1478660',1504,,17,2,,,0
1029,'1478661',1544,,18,2,,,0
1029,'1478662',1624,,19,2,,,0
1029,'1478663',1704,,20,2,,,0
1029,'1478664',1744,,21,2,,,0
1029,'1478665',1818,,22,2,,,0
1029,'1478666',1848,,23,2,,,0
1029,'1478667',1918,,24,2,,,0
1029,'1478668',1948,,25,2,,,0
1029,'1478669',2018,,26,2,,,0
1029,'1478670',2048,,27,2,,,0
1029,'1478671',2118,,28,2,,,0
1029,'1478672',2148,,29,2,,,0
1029,'1478673',2218,,30,2,,,0
1029,'1478674',2248,,31,2,,,0
1029,'1478706',2318,,63,2,,,0
1029,'1479336',618,,64,2,,,0
1029,'1479337',718,,65,2,,,0
1029,'1479340',818,,68,2,,,0
1029,'1479341',848,,69,2,,,0
1029,'1479342',918,,70,2,,,0
1029,'1479343',948,,71,2,,,0
1029,'1479344',1024,,72,2,,,0
1029,'1479345',1104,,73,2,,,0
1029,'1479353',1144,,81,2,,,0
1029,'1479354',1224,,82,2,,,0
1029,'1479355',1304,,83,2,,,0
1029,'1479356',2128,,84,2,,,0
1029,'1479357',1344,,85,2,,,0
1029,'1479358',1424,,86,2,,,0
1029,'1479359',1504,,87,2,,,0
1029,'1479361',1544,,89,2,,,0
1029,'1479362',1624,,90,2,,,0
1029,'1479363',1704,,91,2,,,0
1029,'1479364',1744,,92,2,,,0
1029,'1479365',1818,,93,2,,,0
1029,'1479377',2228,,105,2,,,0
1029,'1479378',1848,,106,2,,,0
1029,'1479379',1918,,107,2,,,0
1029,'1479380',1948,,108,2,,,0
1029,'1479381',2018,,109,2,,,0
1029,'1479382',2048,,110,2,,,0
1029,'1482285',718,,140,2,,,0
1029,'1482286',818,,141,2,,,0
1029,'1482287',848,,142,2,,,0
1029,'1482288',918,,143,2,,,0
1029,'1482289',948,,144,2,,,0
1029,'1482290',1018,,145,2,,,0
1029,'1482291',1048,,146,2,,,0
1029,'1482292',1124,,147,2,,,0
1029,'1482293',1204,,148,2,,,0
1029,'1482294',1244,,149,2,,,0
1029,'1482295',1324,,150,2,,,0
1029,'1482296',1404,,151,2,,,0
1029,'1482297',1444,,152,2,,,0
1029,'1482298',1524,,153,2,,,0
1029,'1482299',1604,,154,2,,,0
1029,'1482300',1644,,155,2,,,0
1029,'1482301',1718,,156,2,,,0
1029,'1482302',1748,,157,2,,,0
1029,'1482303',1818,,158,2,,,0
1029,'1482304',1848,,159,2,,,0
1029,'1482305',1918,,160,2,,,0
1029,'1482306',2018,,161,2,,,0
1029,'1482307',2118,,162,2,,,0
1029,'1482308',2218,,163,2,,,0
