7019,'1478737',623,,913,8,,,0
7019,'1478738',653,,914,8,,,0
7019,'1478739',753,,915,8,,,0
7019,'1478740',823,,916,8,,,0
7019,'1478741',853,,917,8,,,0
7019,'1478742',953,,918,8,,,0
7019,'1478743',1032,,919,8,,,0
7019,'1478744',1112,,920,8,,,0
7019,'1478745',1152,,921,8,,,0
7019,'1478746',1232,,922,8,,,0
7019,'1478747',1312,,923,8,,,0
7019,'1478748',1352,,924,8,,,0
7019,'1478749',1512,,925,8,,,0
7019,'1478750',1552,,926,8,,,0
7019,'1478751',1632,,927,8,,,0
7019,'1478752',1712,,928,8,,,0
7019,'1478753',1823,,929,8,,,0
7019,'1478754',2023,,930,8,,,0
7019,'1478760',2223,,936,8,,,0
7019,'1478776',1923,,952,8,,,0
7019,'1478778',1752,,954,8,,,0
7019,'1478779',1432,,955,8,,,0
7019,'1478783',2123,,959,8,,,0
7019,'1478784',723,,960,8,,,0
7019,'1478786',1853,,962,8,,,0
7019,'1478789',923,,965,8,,,0
7019,'1479039',653,,986,8,,,0
7019,'1479040',753,,987,8,,,0
7019,'1479041',853,,988,8,,,0
7019,'1479042',923,,989,8,,,0
7019,'1479043',953,,990,8,,,0
7019,'1479044',1032,,991,8,,,0
7019,'1479045',1112,,992,8,,,0
7019,'1479046',1152,,993,8,,,0
7019,'1479047',1232,,994,8,,,0
7019,'1479048',1312,,995,8,,,0
7019,'1479049',1352,,996,8,,,0
7019,'1479050',1512,,997,8,,,0
7019,'1479051',1552,,998,8,,,0
7019,'1479052',1632,,999,8,,,0
7019,'1479053',1712,,1000,8,,,0
7019,'1479054',1823,,1001,8,,,0
7019,'1479055',1853,,1002,8,,,0
7019,'1479056',1953,,1003,8,,,0
7019,'1479057',2053,,1004,8,,,0
7019,'1479058',2153,,1005,8,,,0
7019,'1479059',2253,,1006,8,,,0
7019,'1479063',1432,,1010,8,,,0
7019,'1479064',1752,,1011,8,,,0
7019,'1482537',723,,1027,8,,,0
7019,'1482538',823,,1028,8,,,0
7019,'1482539',1232,,1029,8,,,0
7019,'1482540',1312,,1030,8,,,0
7019,'1482541',923,,1031,8,,,0
7019,'1482542',1512,,1032,8,,,0
7019,'1482543',1432,,1033,8,,,0
7019,'1482544',1352,,1034,8,,,0
7019,'1482545',1552,,1035,8,,,0
7019,'1482546',1632,,1036,8,,,0
7019,'1482547',1752,,1037,8,,,0
7019,'1482548',1823,,1038,8,,,0
7019,'1482549',1853,,1039,8,,,0
7019,'1482550',1953,,1040,8,,,0
7019,'1482551',2153,,1041,8,,,0
7019,'1482553',1023,,1043,8,,,0
7019,'1482554',1123,,1044,8,,,0
7019,'1482556',2053,,1046,8,,,0
7019,'1482558',1712,,1048,8,,,0
