1019,'1478675',2213,,32,10,4,,0
1019,'1478676',628,,33,10,4,,0
1019,'1478677',658,,34,10,4,,0
1019,'1478678',728,,35,10,4,,0
1019,'1478679',758,,36,10,4,,0
1019,'1478680',828,,37,10,4,,0
1019,'1478681',858,,38,10,4,,0
1019,'1478682',928,,39,10,4,,0
1019,'1478683',958,,40,10,4,,0
1019,'1478684',1028,,41,10,4,,0
1019,'1478685',1058,,42,10,4,,0
1019,'1478686',1138,,43,10,4,,0
1019,'1478687',1218,,44,10,4,,0
1019,'1478688',1258,,45,10,4,,0
1019,'1478689',1338,,46,10,4,,0
1019,'1478690',1418,,47,10,4,,0
1019,'1478691',1458,,48,10,4,,0
1019,'1478692',1538,,49,10,4,,0
1019,'1478693',1618,,50,10,4,,0
1019,'1478694',1658,,51,10,4,,0
1019,'1478695',1738,,52,10,4,,0
1019,'1478696',1813,,53,10,4,,0
1019,'1478697',1843,,54,10,4,,0
1019,'1478698',1913,,55,10,4,,0
1019,'1478699',1943,,56,10,4,,0
1019,'1478700',2013,,57,10,4,,0
1019,'1478701',2043,,58,10,4,,0
1019,'1478702',2113,,59,10,4,,0
1019,'1478703',2143,,60,10,4,,0
1019,'1478704',2243,,61,10,4,,0
1019,'1478705',2313,,62,10,4,,0
1019,'1479338',613,,66,10,4,,0
1019,'1479339',713,,67,10,4,,0
1019,'1479346',813,,74,10,4,,0
1019,'1479347',843,,75,10,4,,0
1019,'1479348',913,,76,10,4,,0
1019,'1479349',943,,77,10,4,,0
1019,'1479350',1018,,78,10,4,,0
1019,'1479351',1058,,79,10,4,,0
1019,'1479352',1138,,80,10,4,,0
1019,'1479360',1813,,88,10,4,,0
1019,'1479366',1218,,94,10,4,,0
1019,'1479367',1258,,95,10,4,,0
1019,'1479368',1738,,96,10,4,,0
1019,'1479369',1338,,97,10,4,,0
1019,'1479370',1418,,98,10,4,,0
1019,'1479371',1458,,99,10,4,,0
1019,'1479372',1538,,100,10,4,,0
1019,'1479373',1658,,101,10,4,,0
1019,'1479374',1618,,102,10,4,,0
1019,'1479375',2223,,103,10,4,,0
1019,'1479376',2123,,104,10,4,,0
1019,'1479383',1843,,111,10,4,,0
1019,'1479384',1913,,112,10,4,,0
1019,'1479385',1943,,113,10,4,,0
1019,'1479386',2013,,114,10,4,,0
1019,'1479387',2043,,115,10,4,,0
1019,'1482261',713,,116,10,4,,0
1019,'1482262',813,,117,10,4,,0
1019,'1482263',843,,118,10,4,,0
1019,'1482264',913,,119,10,4,,0
1019,'1482265',943,,120,10,4,,0
1019,'1482266',1013,,121,10,4,,0
1019,'1482267',1043,,122,10,4,,0
1019,'1482268',1118,,123,10,4,,0
1019,'1482269',1158,,124,10,4,,0
1019,'1482270',1238,,125,10,4,,0
1019,'1482271',1318,,126,10,4,,0
1019,'1482272',1358,,127,10,4,,0
1019,'1482273',1438,,128,10,4,,0
1019,'1482274',1518,,129,10,4,,0
1019,'1482275',1558,,130,10,4,,0
1019,'1482276',1638,,131,10,4,,0
1019,'1482277',1713,,132,10,4,,0
1019,'1482278',1743,,133,10,4,,0
1019,'1482279',1813,,134,10,4,,0
1019,'1482280',1843,,135,10,4,,0
1019,'1482281',1913,,136,10,4,,0
1019,'1482282',2013,,137,10,4,,0
1019,'1482283',2113,,138,10,4,,0
1019,'1482284',2213,,139,10,4,,0
6019,'1478821',657,,806,30,4,,0
6019,'1478822',757,,807,30,4,,0
6019,'1478823',827,,808,30,4,,0
6019,'1478824',857,,809,30,4,,0
6019,'1478825',927,,810,30,4,,0
6019,'1478826',957,,811,30,4,,0
6019,'1478827',1027,,812,30,4,,0
6019,'1478828',1057,,813,30,4,,0
6019,'1478829',1127,,814,30,4,,0
6019,'1478830',1157,,815,30,4,,0
6019,'1478831',1227,,816,30,4,,0
6019,'1478832',1257,,817,30,4,,0
6019,'1478833',1327,,818,30,4,,0
6019,'1478834',1357,,819,30,4,,0
6019,'1478835',1427,,820,30,4,,0
6019,'1478836',1457,,821,30,4,,0
6019,'1478837',1527,,822,30,4,,0
6019,'1478838',1557,,823,30,4,,0
6019,'1478839',1627,,824,30,4,,0
6019,'1478840',1657,,825,30,4,,0
6019,'1478841',1727,,826,30,4,,0
6019,'1478842',1757,,827,30,4,,0
6019,'1478843',1827,,828,30,4,,0
6019,'1478844',1857,,829,30,4,,0
6019,'1478845',1927,,830,30,4,,0
6019,'1478846',1957,,831,30,4,,0
6019,'1478847',2027,,832,30,4,,0
6019,'1478848',2057,,833,30,4,,0
6019,'1478849',2127,,834,30,4,,0
6019,'1478850',2227,,835,30,4,,0
6019,'1478851',2327,,836,30,4,,0
6019,'1478852',557,,837,30,4,,0
6019,'1478853',727,,838,30,4,,0
6019,'1478855',627,,840,30,4,,0
6019,'1479065',627,,842,30,4,,0
6019,'1479066',657,,843,30,4,,0
6019,'1479067',727,,844,30,4,,0
6019,'1479068',757,,845,30,4,,0
6019,'1479069',827,,846,30,4,,0
6019,'1479070',927,,847,30,4,,0
6019,'1479071',1027,,848,30,4,,0
6019,'1479072',1127,,849,30,4,,0
6019,'1479073',1227,,850,30,4,,0
6019,'1479074',1327,,851,30,4,,0
6019,'1479075',1427,,852,30,4,,0
6019,'1479076',1527,,853,30,4,,0
6019,'1479077',1627,,854,30,4,,0
6019,'1479078',1727,,855,30,4,,0
6019,'1479079',1827,,856,30,4,,0
6019,'1479080',1927,,857,30,4,,0
6019,'1479081',2027,,858,30,4,,0
6019,'1479082',2127,,859,30,4,,0
6019,'1479083',2227,,860,30,4,,0
6019,'1479103',2322,,880,30,4,,0
6019,'1482491',727,,882,30,4,,0
6019,'1482492',827,,883,30,4,,0
6019,'1482493',927,,884,30,4,,0
6019,'1482494',1027,,885,30,4,,0
6019,'1482495',1127,,886,30,4,,0
6019,'1482496',1227,,887,30,4,,0
6019,'1482497',1327,,888,30,4,,0
6019,'1482498',1427,,889,30,4,,0
6019,'1482499',1527,,890,30,4,,0
6019,'1482500',1627,,891,30,4,,0
6019,'1482501',1727,,892,30,4,,0
6019,'1482502',1827,,893,30,4,,0
6019,'1482503',1927,,894,30,4,,0
6019,'1482504',2027,,895,30,4,,0
6019,'1482505',2127,,896,30,4,,0
6019,'1482506',2222,,897,30,4,,0
6029,'1478790',600,,775,1,,,0
6029,'1478791',700,,776,1,,,0
6029,'1478792',730,,777,1,,,0
6029,'1478793',800,,778,1,,,0
6029,'1478794',830,,779,1,,,0
6029,'1478795',900,,780,1,,,0
6029,'1478796',930,,781,1,,,0
6029,'1478797',1000,,782,1,,,0
6029,'1478798',1030,,783,1,,,0
6029,'1478799',1100,,784,1,,,0
6029,'1478800',1130,,785,1,,,0
6029,'1478801',1200,,786,1,,,0
6029,'1478802',1230,,787,1,,,0
6029,'1478803',1300,,788,1,,,0
6029,'1478804',1330,,789,1,,,0
6029,'1478805',1400,,790,1,,,0
6029,'1478806',1430,,791,1,,,0
6029,'1478807',1500,,792,1,,,0
6029,'1478808',1530,,793,1,,,0
6029,'1478809',1600,,794,1,,,0
6029,'1478810',1630,,795,1,,,0
6029,'1478811',1700,,796,1,,,0
6029,'1478812',1730,,797,1,,,0
6029,'1478813',1800,,798,1,,,0
6029,'1478814',1830,,799,1,,,0
6029,'1478815',1900,,800,1,,,0
6029,'1478816',1930,,801,1,,,0
6029,'1478817',2000,,802,1,,,0
6029,'1478818',2030,,803,1,,,0
6029,'1478819',2130,,804,1,,,0
6029,'1478820',2230,,805,1,,,0
6029,'1478854',530,,839,1,,,0
6029,'1478856',630,,841,1,,,0
6029,'1479084',630,,861,1,,,0
6029,'1479085',700,,862,1,,,0
6029,'1479086',730,,863,1,,,0
6029,'1479087',830,,864,1,,,0
6029,'1479088',930,,865,1,,,0
6029,'1479089',1030,,866,1,,,0
6029,'1479090',1130,,867,1,,,0
6029,'1479091',1230,,868,1,,,0
6029,'1479092',1330,,869,1,,,0
6029,'1479093',1430,,870,1,,,0
6029,'1479094',1530,,871,1,,,0
6029,'1479095',1630,,872,1,,,0
6029,'1479096',1730,,873,1,,,0
6029,'1479097',1830,,874,1,,,0
6029,'1479098',1930,,875,1,,,0
6029,'1479099',2030,,876,1,,,0
6029,'1479100',2130,,877,1,,,0
6029,'1479101',2230,,878,1,,,0
6029,'1479102',600,,879,1,,,0
6029,'1479104',800,,881,1,,,0
6029,'1482507',730,,898,1,,,0
6029,'1482508',830,,899,1,,,0
6029,'1482509',930,,900,1,,,0
6029,'1482510',1130,,901,1,,,0
6029,'1482511',1030,,902,1,,,0
6029,'1482512',1330,,903,1,,,0
6029,'1482513',1230,,904,1,,,0
6029,'1482514',1430,,905,1,,,0
6029,'1482515',1530,,906,1,,,0
6029,'1482516',1630,,907,1,,,0
6029,'1482517',1730,,908,1,,,0
6029,'1482518',1830,,909,1,,,0
6029,'1482519',1930,,910,1,,,0
6029,'1482520',2030,,911,1,,,0
6029,'1482521',2130,,912,1,,,0
