1019,'1478675',2211,,32,9,,,0
1019,'1478676',626,,33,9,,,0
1019,'1478677',656,,34,9,,,0
1019,'1478678',726,,35,9,,,0
1019,'1478679',756,,36,9,,,0
1019,'1478680',826,,37,9,,,0
1019,'1478681',856,,38,9,,,0
1019,'1478682',926,,39,9,,,0
1019,'1478683',956,,40,9,,,0
1019,'1478684',1026,,41,9,,,0
1019,'1478685',1056,,42,9,,,0
1019,'1478686',1136,,43,9,,,0
1019,'1478687',1216,,44,9,,,0
1019,'1478688',1256,,45,9,,,0
1019,'1478689',1336,,46,9,,,0
1019,'1478690',1416,,47,9,,,0
1019,'1478691',1456,,48,9,,,0
1019,'1478692',1536,,49,9,,,0
1019,'1478693',1616,,50,9,,,0
1019,'1478694',1656,,51,9,,,0
1019,'1478695',1736,,52,9,,,0
1019,'1478696',1811,,53,9,,,0
1019,'1478697',1841,,54,9,,,0
1019,'1478698',1911,,55,9,,,0
1019,'1478699',1941,,56,9,,,0
1019,'1478700',2011,,57,9,,,0
1019,'1478701',2041,,58,9,,,0
1019,'1478702',2111,,59,9,,,0
1019,'1478703',2141,,60,9,,,0
1019,'1478704',2241,,61,9,,,0
1019,'1478705',2311,,62,9,,,0
1019,'1479338',611,,66,9,,,0
1019,'1479339',711,,67,9,,,0
1019,'1479346',811,,74,9,,,0
1019,'1479347',841,,75,9,,,0
1019,'1479348',911,,76,9,,,0
1019,'1479349',941,,77,9,,,0
1019,'1479350',1016,,78,9,,,0
1019,'1479351',1056,,79,9,,,0
1019,'1479352',1136,,80,9,,,0
1019,'1479360',1811,,88,9,,,0
1019,'1479366',1216,,94,9,,,0
1019,'1479367',1256,,95,9,,,0
1019,'1479368',1736,,96,9,,,0
1019,'1479369',1336,,97,9,,,0
1019,'1479370',1416,,98,9,,,0
1019,'1479371',1456,,99,9,,,0
1019,'1479372',1536,,100,9,,,0
1019,'1479373',1656,,101,9,,,0
1019,'1479374',1616,,102,9,,,0
1019,'1479375',2221,,103,9,,,0
1019,'1479376',2121,,104,9,,,0
1019,'1479383',1841,,111,9,,,0
1019,'1479384',1911,,112,9,,,0
1019,'1479385',1941,,113,9,,,0
1019,'1479386',2011,,114,9,,,0
1019,'1479387',2041,,115,9,,,0
1019,'1482261',711,,116,9,,,0
1019,'1482262',811,,117,9,,,0
1019,'1482263',841,,118,9,,,0
1019,'1482264',911,,119,9,,,0
1019,'1482265',941,,120,9,,,0
1019,'1482266',1011,,121,9,,,0
1019,'1482267',1041,,122,9,,,0
1019,'1482268',1116,,123,9,,,0
1019,'1482269',1156,,124,9,,,0
1019,'1482270',1236,,125,9,,,0
1019,'1482271',1316,,126,9,,,0
1019,'1482272',1356,,127,9,,,0
1019,'1482273',1436,,128,9,,,0
1019,'1482274',1516,,129,9,,,0
1019,'1482275',1556,,130,9,,,0
1019,'1482276',1636,,131,9,,,0
1019,'1482277',1711,,132,9,,,0
1019,'1482278',1741,,133,9,,,0
1019,'1482279',1811,,134,9,,,0
1019,'1482280',1841,,135,9,,,0
1019,'1482281',1911,,136,9,,,0
1019,'1482282',2011,,137,9,,,0
1019,'1482283',2111,,138,9,,,0
1019,'1482284',2211,,139,9,,,0
6019,'1478821',655,,806,29,,,0
6019,'1478822',755,,807,29,,,0
6019,'1478823',825,,808,29,,,0
6019,'1478824',855,,809,29,,,0
6019,'1478825',925,,810,29,,,0
6019,'1478826',955,,811,29,,,0
6019,'1478827',1025,,812,29,,,0
6019,'1478828',1055,,813,29,,,0
6019,'1478829',1125,,814,29,,,0
6019,'1478830',1155,,815,29,,,0
6019,'1478831',1225,,816,29,,,0
6019,'1478832',1255,,817,29,,,0
6019,'1478833',1325,,818,29,,,0
6019,'1478834',1355,,819,29,,,0
6019,'1478835',1425,,820,29,,,0
6019,'1478836',1455,,821,29,,,0
6019,'1478837',1525,,822,29,,,0
6019,'1478838',1555,,823,29,,,0
6019,'1478839',1625,,824,29,,,0
6019,'1478840',1655,,825,29,,,0
6019,'1478841',1725,,826,29,,,0
6019,'1478842',1755,,827,29,,,0
6019,'1478843',1825,,828,29,,,0
6019,'1478844',1855,,829,29,,,0
6019,'1478845',1925,,830,29,,,0
6019,'1478846',1955,,831,29,,,0
6019,'1478847',2025,,832,29,,,0
6019,'1478848',2055,,833,29,,,0
6019,'1478849',2125,,834,29,,,0
6019,'1478850',2225,,835,29,,,0
6019,'1478851',2325,,836,29,,,0
6019,'1478852',555,,837,29,,,0
6019,'1478853',725,,838,29,,,0
6019,'1478855',625,,840,29,,,0
6019,'1479065',625,,842,29,,,0
6019,'1479066',655,,843,29,,,0
6019,'1479067',725,,844,29,,,0
6019,'1479068',755,,845,29,,,0
6019,'1479069',825,,846,29,,,0
6019,'1479070',925,,847,29,,,0
6019,'1479071',1025,,848,29,,,0
6019,'1479072',1125,,849,29,,,0
6019,'1479073',1225,,850,29,,,0
6019,'1479074',1325,,851,29,,,0
6019,'1479075',1425,,852,29,,,0
6019,'1479076',1525,,853,29,,,0
6019,'1479077',1625,,854,29,,,0
6019,'1479078',1725,,855,29,,,0
6019,'1479079',1825,,856,29,,,0
6019,'1479080',1925,,857,29,,,0
6019,'1479081',2025,,858,29,,,0
6019,'1479082',2125,,859,29,,,0
6019,'1479083',2225,,860,29,,,0
6019,'1479103',2321,,880,29,,,0
6019,'1482491',725,,882,29,,,0
6019,'1482492',825,,883,29,,,0
6019,'1482493',925,,884,29,,,0
6019,'1482494',1025,,885,29,,,0
6019,'1482495',1125,,886,29,,,0
6019,'1482496',1225,,887,29,,,0
6019,'1482497',1325,,888,29,,,0
6019,'1482498',1425,,889,29,,,0
6019,'1482499',1525,,890,29,,,0
6019,'1482500',1625,,891,29,,,0
6019,'1482501',1725,,892,29,,,0
6019,'1482502',1825,,893,29,,,0
6019,'1482503',1925,,894,29,,,0
6019,'1482504',2025,,895,29,,,0
6019,'1482505',2125,,896,29,,,0
6019,'1482506',2221,,897,29,,,0
