2029,'1478547',651,,164,7,,,0
2029,'1478548',730,,165,7,,,0
2029,'1478549',810,,166,7,,,0
2029,'1478550',1010,,167,7,,,0
2029,'1478551',1050,,168,7,,,0
2029,'1478552',1130,,169,7,,,0
2029,'1478553',1210,,170,7,,,0
2029,'1478554',1250,,171,7,,,0
2029,'1478555',1330,,172,7,,,0
2029,'1478556',1410,,173,7,,,0
2029,'1478557',1450,,174,7,,,0
2029,'1478558',1530,,175,7,,,0
2029,'1478559',1610,,176,7,,,0
2029,'1478560',1650,,177,7,,,0
2029,'1478561',1730,,178,7,,,0
2029,'1478562',1810,,179,7,,,0
2029,'1478563',1850,,180,7,,,0
2029,'1478564',1930,,181,7,,,0
2029,'1478565',2010,,182,7,,,0
2029,'1478566',2050,,183,7,,,0
2029,'1478567',2121,,184,7,,,0
2029,'1478568',2251,,185,7,,,0
2029,'1478593',850,,210,7,,,0
2029,'1478594',930,,211,7,,,0
2029,'1478595',551,,212,7,,,0
2029,'1478598',521,,215,7,,,0
2029,'1478600',621,,217,7,,,0
2029,'1478601',706,,218,7,,,0
2029,'1478602',750,,219,7,,,0
2029,'1478603',830,,220,7,,,0
2029,'1478604',910,,221,7,,,0
2029,'1478605',950,,222,7,,,0
2029,'1478606',1030,,223,7,,,0
2029,'1478607',1110,,224,7,,,0
2029,'1478608',1150,,225,7,,,0
2029,'1478609',1230,,226,7,,,0
2029,'1478610',1310,,227,7,,,0
2029,'1478611',1350,,228,7,,,0
2029,'1478612',1430,,229,7,,,0
2029,'1478613',1510,,230,7,,,0
2029,'1478614',1550,,231,7,,,0
2029,'1478615',1630,,232,7,,,0
2029,'1478616',1710,,233,7,,,0
2029,'1478617',1750,,234,7,,,0
2029,'1478618',1830,,235,7,,,0
2029,'1478619',1910,,236,7,,,0
2029,'1478620',1950,,237,7,,,0
2029,'1478621',2030,,238,7,,,0
2029,'1478622',2110,,239,7,,,0
2029,'1479290',651,,263,7,,,0
2029,'1479291',751,,264,7,,,0
2029,'1479299',827,,272,7,,,0
2029,'1479300',907,,273,7,,,0
2029,'1479301',947,,274,7,,,0
2029,'1479302',1027,,275,7,,,0
2029,'1479303',1107,,276,7,,,0
2029,'1479304',1147,,277,7,,,0
2029,'1479305',1227,,278,7,,,0
2029,'1479315',1307,,288,7,,,0
2029,'1479316',1347,,289,7,,,0
2029,'1479317',1427,,290,7,,,0
2029,'1479318',1507,,291,7,,,0
2029,'1479319',1547,,292,7,,,0
2029,'1479320',1627,,293,7,,,0
2029,'1479321',1707,,294,7,,,0
2029,'1479322',1747,,295,7,,,0
2029,'1479324',1907,,297,7,,,0
2029,'1479325',1947,,298,7,,,0
2029,'1479328',2027,,301,7,,,0
2029,'1479329',2101,,302,7,,,0
2029,'1479330',1827,,303,7,,,0
2029,'1479332',2301,,305,7,,,0
2029,'1479333',2201,,306,7,,,0
2029,'1482329',751,,329,7,,,0
2029,'1482330',830,,330,7,,,0
2029,'1482331',910,,331,7,,,0
2029,'1482332',950,,332,7,,,0
2029,'1482333',1030,,333,7,,,0
2029,'1482334',1110,,334,7,,,0
2029,'1482335',1150,,335,7,,,0
2029,'1482336',1230,,336,7,,,0
2029,'1482337',1310,,337,7,,,0
2029,'1482338',1350,,338,7,,,0
2029,'1482339',1430,,339,7,,,0
2029,'1482340',1510,,340,7,,,0
2029,'1482341',1630,,341,7,,,0
2029,'1482342',1550,,342,7,,,0
2029,'1482343',1710,,343,7,,,0
2029,'1482344',1830,,344,7,,,0
2029,'1482345',1750,,345,7,,,0
2029,'1482346',2021,,346,7,,,0
2029,'1482347',1921,,347,7,,,0
2029,'1482348',2121,,348,7,,,0
2029,'1482350',2221,,350,7,,,0
