20005019,'1478857',643,,1207,14,,,0
20005019,'1478858',713,,1208,14,,,0
20005019,'1478859',743,,1209,14,,,0
20005019,'1478860',813,,1210,14,,,0
20005019,'1478861',843,,1211,14,,,0
20005019,'1478862',913,,1212,14,,,0
20005019,'1478863',943,,1213,14,,,0
20005019,'1478864',1013,,1214,14,,,0
20005019,'1478865',1043,,1215,14,,,0
20005019,'1478866',1113,,1216,14,,,0
20005019,'1478867',1143,,1217,14,,,0
20005019,'1478868',1213,,1218,14,,,0
20005019,'1478869',1243,,1219,14,,,0
20005019,'1478870',1313,,1220,14,,,0
20005019,'1478871',1343,,1221,14,,,0
20005019,'1478872',1413,,1222,14,,,0
20005019,'1478873',1443,,1223,14,,,0
20005019,'1478874',1513,,1224,14,,,0
20005019,'1478875',1543,,1225,14,,,0
20005019,'1478876',1613,,1226,14,,,0
20005019,'1478877',1643,,1227,14,,,0
20005019,'1478878',1713,,1228,14,,,0
20005019,'1478879',1743,,1229,14,,,0
20005019,'1478880',1813,,1230,14,,,0
20005019,'1478881',1843,,1231,14,,,0
20005019,'1478882',1913,,1232,14,,,0
20005019,'1478883',1943,,1233,14,,,0
20005019,'1478884',2013,,1234,14,,,0
20005019,'1478885',2143,,1235,14,,,0
20005019,'1478886',2243,,1236,14,,,0
20005019,'1478887',2043,,1237,14,,,0
20005019,'1478888',513,,1238,14,,,0
20005019,'1478889',543,,1239,14,,,0
20005019,'1478890',613,,1240,14,,,0
20005019,'1479105',813,,1241,14,,,0
20005019,'1479106',843,,1242,14,,,0
20005019,'1479107',913,,1243,14,,,0
20005019,'1479108',943,,1244,14,,,0
20005019,'1479109',1013,,1245,14,,,0
20005019,'1479110',1043,,1246,14,,,0
20005019,'1479111',1113,,1247,14,,,0
20005019,'1479112',1143,,1248,14,,,0
20005019,'1479113',1213,,1249,14,,,0
20005019,'1479114',1243,,1250,14,,,0
20005019,'1479115',1313,,1251,14,,,0
20005019,'1479116',1343,,1252,14,,,0
20005019,'1479117',1413,,1253,14,,,0
20005019,'1479118',1443,,1254,14,,,0
20005019,'1479119',1513,,1255,14,,,0
20005019,'1479120',1543,,1256,14,,,0
20005019,'1479121',1613,,1257,14,,,0
20005019,'1479122',1643,,1258,14,,,0
20005019,'1479123',1713,,1259,14,,,0
20005019,'1479124',1743,,1260,14,,,0
20005019,'1479125',1813,,1261,14,,,0
20005019,'1479126',1843,,1262,14,,,0
20005019,'1479127',1913,,1263,14,,,0
20005019,'1479128',2013,,1264,14,,,0
20005019,'1482481',843,,1265,14,,,0
20005019,'1482482',943,,1266,14,,,0
20005019,'1482483',1043,,1267,14,,,0
20005019,'1482484',1143,,1268,14,,,0
20005019,'1482485',1243,,1269,14,,,0
20005019,'1482486',1343,,1270,14,,,0
20005019,'1482487',1443,,1271,14,,,0
20005019,'1482488',1543,,1272,14,,,0
20005019,'1482489',1643,,1273,14,,,0
20005019,'1482490',1743,,1274,14,,,0
