2029,'1478547',655,,164,12,,,0
2029,'1478548',735,,165,12,,,0
2029,'1478549',815,,166,12,,,0
2029,'1478550',1015,,167,12,,,0
2029,'1478551',1055,,168,12,,,0
2029,'1478552',1135,,169,12,,,0
2029,'1478553',1215,,170,12,,,0
2029,'1478554',1255,,171,12,,,0
2029,'1478555',1335,,172,12,,,0
2029,'1478556',1415,,173,12,,,0
2029,'1478557',1455,,174,12,,,0
2029,'1478558',1535,,175,12,,,0
2029,'1478559',1615,,176,12,,,0
2029,'1478560',1655,,177,12,,,0
2029,'1478561',1735,,178,12,,,0
2029,'1478562',1815,,179,12,,,0
2029,'1478563',1855,,180,12,,,0
2029,'1478564',1935,,181,12,,,0
2029,'1478565',2015,,182,12,,,0
2029,'1478566',2055,,183,12,,,0
2029,'1478567',2125,,184,12,,,0
2029,'1478568',2255,,185,12,,,0
2029,'1478593',855,,210,12,,,0
2029,'1478594',935,,211,12,,,0
2029,'1478595',555,,212,12,,,0
2029,'1478598',525,,215,12,,,0
2029,'1478600',625,,217,12,,,0
2029,'1478601',710,,218,12,,,0
2029,'1478602',755,,219,12,,,0
2029,'1478603',835,,220,12,,,0
2029,'1478604',915,,221,12,,,0
2029,'1478605',955,,222,12,,,0
2029,'1478606',1035,,223,12,,,0
2029,'1478607',1115,,224,12,,,0
2029,'1478608',1155,,225,12,,,0
2029,'1478609',1235,,226,12,,,0
2029,'1478610',1315,,227,12,,,0
2029,'1478611',1355,,228,12,,,0
2029,'1478612',1435,,229,12,,,0
2029,'1478613',1515,,230,12,,,0
2029,'1478614',1555,,231,12,,,0
2029,'1478615',1635,,232,12,,,0
2029,'1478616',1715,,233,12,,,0
2029,'1478617',1755,,234,12,,,0
2029,'1478618',1835,,235,12,,,0
2029,'1478619',1915,,236,12,,,0
2029,'1478620',1955,,237,12,,,0
2029,'1478621',2035,,238,12,,,0
2029,'1478622',2115,,239,12,,,0
2029,'1479290',655,,263,12,,,0
2029,'1479291',755,,264,12,,,0
2029,'1479299',832,,272,12,,,0
2029,'1479300',912,,273,12,,,0
2029,'1479301',952,,274,12,,,0
2029,'1479302',1032,,275,12,,,0
2029,'1479303',1112,,276,12,,,0
2029,'1479304',1152,,277,12,,,0
2029,'1479305',1232,,278,12,,,0
2029,'1479315',1312,,288,12,,,0
2029,'1479316',1352,,289,12,,,0
2029,'1479317',1432,,290,12,,,0
2029,'1479318',1512,,291,12,,,0
2029,'1479319',1552,,292,12,,,0
2029,'1479320',1632,,293,12,,,0
2029,'1479321',1712,,294,12,,,0
2029,'1479322',1752,,295,12,,,0
2029,'1479324',1912,,297,12,,,0
2029,'1479325',1952,,298,12,,,0
2029,'1479328',2032,,301,12,,,0
2029,'1479329',2105,,302,12,,,0
2029,'1479330',1832,,303,12,,,0
2029,'1479332',2305,,305,12,,,0
2029,'1479333',2205,,306,12,,,0
2029,'1482329',755,,329,12,,,0
2029,'1482330',835,,330,12,,,0
2029,'1482331',915,,331,12,,,0
2029,'1482332',955,,332,12,,,0
2029,'1482333',1035,,333,12,,,0
2029,'1482334',1115,,334,12,,,0
2029,'1482335',1155,,335,12,,,0
2029,'1482336',1235,,336,12,,,0
2029,'1482337',1315,,337,12,,,0
2029,'1482338',1355,,338,12,,,0
2029,'1482339',1435,,339,12,,,0
2029,'1482340',1515,,340,12,,,0
2029,'1482341',1635,,341,12,,,0
2029,'1482342',1555,,342,12,,,0
2029,'1482343',1715,,343,12,,,0
2029,'1482344',1835,,344,12,,,0
2029,'1482345',1755,,345,12,,,0
2029,'1482346',2025,,346,12,,,0
2029,'1482347',1925,,347,12,,,0
2029,'1482348',2125,,348,12,,,0
2029,'1482350',2225,,350,12,,,0
8019,'1478708',647,,1050,25,,,0
8019,'1478709',717,,1051,25,,,0
8019,'1478710',747,,1052,25,,,0
8019,'1478711',817,,1053,25,,,0
8019,'1478712',847,,1054,25,,,0
8019,'1478713',917,,1055,25,,,0
8019,'1478714',947,,1056,25,,,0
8019,'1478715',1019,,1057,25,,,0
8019,'1478716',1049,,1058,25,,,0
8019,'1478717',1119,,1059,25,,,0
8019,'1478718',1149,,1060,25,,,0
8019,'1478719',1219,,1061,25,,,0
8019,'1478720',1249,,1062,25,,,0
8019,'1478721',1319,,1063,25,,,0
8019,'1478722',1349,,1064,25,,,0
8019,'1478723',1419,,1065,25,,,0
8019,'1478724',1449,,1066,25,,,0
8019,'1478725',1519,,1067,25,,,0
8019,'1478726',1549,,1068,25,,,0
8019,'1478727',1619,,1069,25,,,0
8019,'1478728',1649,,1070,25,,,0
8019,'1478729',1719,,1071,25,,,0
8019,'1478730',1747,,1072,25,,,0
8019,'1478731',1817,,1073,25,,,0
8019,'1478732',1847,,1074,25,,,0
8019,'1478733',1947,,1075,25,,,0
8019,'1478734',2047,,1076,25,,,0
8019,'1478735',2147,,1077,25,,,0
8019,'1478736',2247,,1078,25,,,0
8019,'1478991',1449,,1079,25,,,0
8019,'1478992',1349,,1080,25,,,0
8019,'1478993',1519,,1081,25,,,0
8019,'1478994',1619,,1082,25,,,0
8019,'1478995',1719,,1083,25,,,0
8019,'1478996',1817,,1084,25,,,0
8019,'1478997',1917,,1085,25,,,0
8019,'1478998',2047,,1086,25,,,0
8019,'1478999',2217,,1087,25,,,0
8019,'1479000',1549,,1088,25,,,0
8019,'1479001',1747,,1089,25,,,0
8019,'1479002',1649,,1090,25,,,0
8019,'1479003',1847,,1091,25,,,0
8019,'1479004',2117,,1092,25,,,0
8019,'1479005',1947,,1093,25,,,0
8019,'1479006',1419,,1094,25,,,0
8019,'1479007',647,,1095,25,,,0
8019,'1479008',747,,1096,25,,,0
8019,'1479009',847,,1097,25,,,0
8019,'1479010',917,,1098,25,,,0
8019,'1479011',947,,1099,25,,,0
8019,'1479012',1019,,1100,25,,,0
8019,'1479013',1049,,1101,25,,,0
8019,'1479014',1119,,1102,25,,,0
8019,'1479015',1149,,1103,25,,,0
8019,'1479016',1219,,1104,25,,,0
8019,'1479017',1249,,1105,25,,,0
8019,'1479018',1319,,1106,25,,,0
8019,'1482560',747,,1107,25,,,0
8019,'1482561',847,,1108,25,,,0
8019,'1482562',947,,1109,25,,,0
8019,'1482563',1049,,1110,25,,,0
8019,'1482564',1249,,1111,25,,,0
8019,'1482565',1319,,1112,25,,,0
8019,'1482566',1349,,1113,25,,,0
8019,'1482567',1419,,1114,25,,,0
8019,'1482568',1449,,1115,25,,,0
8019,'1482569',1519,,1116,25,,,0
8019,'1482570',1549,,1117,25,,,0
8019,'1482571',1619,,1118,25,,,0
8019,'1482572',1649,,1119,25,,,0
8019,'1482573',1719,,1120,25,,,0
8019,'1482574',1747,,1121,25,,,0
8019,'1482575',1817,,1122,25,,,0
8019,'1482576',1847,,1123,25,,,0
8019,'1482577',1947,,1124,25,,,0
8019,'1482578',2047,,1125,25,,,0
8019,'1482579',2147,,1126,25,,,0
8019,'1482580',1148,,1127,25,,,0
8019,'1482581',1219,,1128,25,,,0
