8019,'1478708',645,,1050,23,,,0
8019,'1478709',715,,1051,23,,,0
8019,'1478710',745,,1052,23,,,0
8019,'1478711',815,,1053,23,,,0
8019,'1478712',845,,1054,23,,,0
8019,'1478713',915,,1055,23,,,0
8019,'1478714',945,,1056,23,,,0
8019,'1478715',1017,,1057,23,,,0
8019,'1478716',1047,,1058,23,,,0
8019,'1478717',1117,,1059,23,,,0
8019,'1478718',1147,,1060,23,,,0
8019,'1478719',1217,,1061,23,,,0
8019,'1478720',1247,,1062,23,,,0
8019,'1478721',1317,,1063,23,,,0
8019,'1478722',1347,,1064,23,,,0
8019,'1478723',1417,,1065,23,,,0
8019,'1478724',1447,,1066,23,,,0
8019,'1478725',1517,,1067,23,,,0
8019,'1478726',1547,,1068,23,,,0
8019,'1478727',1617,,1069,23,,,0
8019,'1478728',1647,,1070,23,,,0
8019,'1478729',1717,,1071,23,,,0
8019,'1478730',1745,,1072,23,,,0
8019,'1478731',1815,,1073,23,,,0
8019,'1478732',1845,,1074,23,,,0
8019,'1478733',1945,,1075,23,,,0
8019,'1478734',2045,,1076,23,,,0
8019,'1478735',2145,,1077,23,,,0
8019,'1478736',2245,,1078,23,,,0
8019,'1478991',1447,,1079,23,,,0
8019,'1478992',1347,,1080,23,,,0
8019,'1478993',1517,,1081,23,,,0
8019,'1478994',1617,,1082,23,,,0
8019,'1478995',1717,,1083,23,,,0
8019,'1478996',1815,,1084,23,,,0
8019,'1478997',1915,,1085,23,,,0
8019,'1478998',2045,,1086,23,,,0
8019,'1478999',2215,,1087,23,,,0
8019,'1479000',1547,,1088,23,,,0
8019,'1479001',1745,,1089,23,,,0
8019,'1479002',1647,,1090,23,,,0
8019,'1479003',1845,,1091,23,,,0
8019,'1479004',2115,,1092,23,,,0
8019,'1479005',1945,,1093,23,,,0
8019,'1479006',1417,,1094,23,,,0
8019,'1479007',645,,1095,23,,,0
8019,'1479008',745,,1096,23,,,0
8019,'1479009',845,,1097,23,,,0
8019,'1479010',915,,1098,23,,,0
8019,'1479011',945,,1099,23,,,0
8019,'1479012',1017,,1100,23,,,0
8019,'1479013',1047,,1101,23,,,0
8019,'1479014',1117,,1102,23,,,0
8019,'1479015',1147,,1103,23,,,0
8019,'1479016',1217,,1104,23,,,0
8019,'1479017',1247,,1105,23,,,0
8019,'1479018',1317,,1106,23,,,0
8019,'1482560',745,,1107,23,,,0
8019,'1482561',845,,1108,23,,,0
8019,'1482562',945,,1109,23,,,0
8019,'1482563',1047,,1110,23,,,0
8019,'1482564',1247,,1111,23,,,0
8019,'1482565',1317,,1112,23,,,0
8019,'1482566',1347,,1113,23,,,0
8019,'1482567',1417,,1114,23,,,0
8019,'1482568',1447,,1115,23,,,0
8019,'1482569',1517,,1116,23,,,0
8019,'1482570',1547,,1117,23,,,0
8019,'1482571',1617,,1118,23,,,0
8019,'1482572',1647,,1119,23,,,0
8019,'1482573',1717,,1120,23,,,0
8019,'1482574',1745,,1121,23,,,0
8019,'1482575',1815,,1122,23,,,0
8019,'1482576',1845,,1123,23,,,0
8019,'1482577',1945,,1124,23,,,0
8019,'1482578',2045,,1125,23,,,0
8019,'1482579',2145,,1126,23,,,0
8019,'1482580',1146,,1127,23,,,0
8019,'1482581',1217,,1128,23,,,0
