6019,'1478821',653,,806,27,,,0
6019,'1478822',753,,807,27,,,0
6019,'1478823',823,,808,27,,,0
6019,'1478824',853,,809,27,,,0
6019,'1478825',923,,810,27,,,0
6019,'1478826',953,,811,27,,,0
6019,'1478827',1023,,812,27,,,0
6019,'1478828',1053,,813,27,,,0
6019,'1478829',1123,,814,27,,,0
6019,'1478830',1153,,815,27,,,0
6019,'1478831',1223,,816,27,,,0
6019,'1478832',1253,,817,27,,,0
6019,'1478833',1323,,818,27,,,0
6019,'1478834',1353,,819,27,,,0
6019,'1478835',1423,,820,27,,,0
6019,'1478836',1453,,821,27,,,0
6019,'1478837',1523,,822,27,,,0
6019,'1478838',1553,,823,27,,,0
6019,'1478839',1623,,824,27,,,0
6019,'1478840',1653,,825,27,,,0
6019,'1478841',1723,,826,27,,,0
6019,'1478842',1753,,827,27,,,0
6019,'1478843',1823,,828,27,,,0
6019,'1478844',1853,,829,27,,,0
6019,'1478845',1923,,830,27,,,0
6019,'1478846',1953,,831,27,,,0
6019,'1478847',2023,,832,27,,,0
6019,'1478848',2053,,833,27,,,0
6019,'1478849',2123,,834,27,,,0
6019,'1478850',2223,,835,27,,,0
6019,'1478851',2323,,836,27,,,0
6019,'1478852',553,,837,27,,,0
6019,'1478853',723,,838,27,,,0
6019,'1478855',623,,840,27,,,0
6019,'1479065',623,,842,27,,,0
6019,'1479066',653,,843,27,,,0
6019,'1479067',723,,844,27,,,0
6019,'1479068',753,,845,27,,,0
6019,'1479069',823,,846,27,,,0
6019,'1479070',923,,847,27,,,0
6019,'1479071',1023,,848,27,,,0
6019,'1479072',1123,,849,27,,,0
6019,'1479073',1223,,850,27,,,0
6019,'1479074',1323,,851,27,,,0
6019,'1479075',1423,,852,27,,,0
6019,'1479076',1523,,853,27,,,0
6019,'1479077',1623,,854,27,,,0
6019,'1479078',1723,,855,27,,,0
6019,'1479079',1823,,856,27,,,0
6019,'1479080',1923,,857,27,,,0
6019,'1479081',2023,,858,27,,,0
6019,'1479082',2123,,859,27,,,0
6019,'1479083',2223,,860,27,,,0
6019,'1479103',2318,,880,27,,,0
6019,'1482491',723,,882,27,,,0
6019,'1482492',823,,883,27,,,0
6019,'1482493',923,,884,27,,,0
6019,'1482494',1023,,885,27,,,0
6019,'1482495',1123,,886,27,,,0
6019,'1482496',1223,,887,27,,,0
6019,'1482497',1323,,888,27,,,0
6019,'1482498',1423,,889,27,,,0
6019,'1482499',1523,,890,27,,,0
6019,'1482500',1623,,891,27,,,0
6019,'1482501',1723,,892,27,,,0
6019,'1482502',1823,,893,27,,,0
6019,'1482503',1923,,894,27,,,0
6019,'1482504',2023,,895,27,,,0
6019,'1482505',2123,,896,27,,,0
6019,'1482506',2218,,897,27,,,0
7029,'1478755',739,,931,9,,,0
7029,'1478756',839,,932,9,,,0
7029,'1478757',1212,,933,9,,,0
7029,'1478758',809,,934,9,,,0
7029,'1478759',609,,935,9,,,0
7029,'1478761',1532,,937,9,,,0
7029,'1478762',1452,,938,9,,,0
7029,'1478763',1612,,939,9,,,0
7029,'1478764',1652,,940,9,,,0
7029,'1478765',1809,,941,9,,,0
7029,'1478766',1332,,942,9,,,0
7029,'1478767',1252,,943,9,,,0
7029,'1478768',1132,,944,9,,,0
7029,'1478769',939,,945,9,,,0
7029,'1478770',1052,,946,9,,,0
7029,'1478771',1012,,947,9,,,0
7029,'1478772',1909,,948,9,,,0
7029,'1478773',2009,,949,9,,,0
7029,'1478774',2109,,950,9,,,0
7029,'1478775',2209,,951,9,,,0
7029,'1478777',639,,953,9,,,0
7029,'1478780',709,,956,9,,,0
7029,'1478781',1412,,957,9,,,0
7029,'1478782',1732,,958,9,,,0
7029,'1478785',2309,,961,9,,,0
7029,'1478787',909,,963,9,,,0
7029,'1478788',1839,,964,9,,,0
7029,'1479019',639,,966,9,,,0
7029,'1479020',739,,967,9,,,0
7029,'1479021',839,,968,9,,,0
7029,'1479022',909,,969,9,,,0
7029,'1479023',939,,970,9,,,0
7029,'1479024',1012,,971,9,,,0
7029,'1479025',1132,,972,9,,,0
7029,'1479026',1212,,973,9,,,0
7029,'1479027',1252,,974,9,,,0
7029,'1479028',1332,,975,9,,,0
7029,'1479029',1452,,976,9,,,0
7029,'1479030',1532,,977,9,,,0
7029,'1479031',1612,,978,9,,,0
7029,'1479032',1652,,979,9,,,0
7029,'1479033',1809,,980,9,,,0
7029,'1479034',1839,,981,9,,,0
7029,'1479035',1939,,982,9,,,0
7029,'1479036',2039,,983,9,,,0
7029,'1479037',2139,,984,9,,,0
7029,'1479038',2239,,985,9,,,0
7029,'1479060',1052,,1007,9,,,0
7029,'1479061',1412,,1008,9,,,0
7029,'1479062',1732,,1009,9,,,0
7029,'1482522',709,,1012,9,,,0
7029,'1482523',809,,1013,9,,,0
7029,'1482524',909,,1014,9,,,0
7029,'1482525',1212,,1015,9,,,0
7029,'1482526',1252,,1016,9,,,0
7029,'1482527',1332,,1017,9,,,0
7029,'1482528',1412,,1018,9,,,0
7029,'1482529',1452,,1019,9,,,0
7029,'1482530',1532,,1020,9,,,0
7029,'1482531',1612,,1021,9,,,0
7029,'1482532',1732,,1022,9,,,0
7029,'1482533',1809,,1023,9,,,0
7029,'1482534',1839,,1024,9,,,0
7029,'1482535',1939,,1025,9,,,0
7029,'1482536',2139,,1026,9,,,0
7029,'1482552',1009,,1042,9,,,0
7029,'1482555',2039,,1045,9,,,0
7029,'1482557',1109,,1047,9,,,0
7029,'1482559',1652,,1049,9,,,0
