8019,'1478708',644,,1050,20,,,0
8019,'1478709',714,,1051,20,,,0
8019,'1478710',744,,1052,20,,,0
8019,'1478711',814,,1053,20,,,0
8019,'1478712',844,,1054,20,,,0
8019,'1478713',914,,1055,20,,,0
8019,'1478714',944,,1056,20,,,0
8019,'1478715',1016,,1057,20,,,0
8019,'1478716',1046,,1058,20,,,0
8019,'1478717',1116,,1059,20,,,0
8019,'1478718',1146,,1060,20,,,0
8019,'1478719',1216,,1061,20,,,0
8019,'1478720',1246,,1062,20,,,0
8019,'1478721',1316,,1063,20,,,0
8019,'1478722',1346,,1064,20,,,0
8019,'1478723',1416,,1065,20,,,0
8019,'1478724',1446,,1066,20,,,0
8019,'1478725',1516,,1067,20,,,0
8019,'1478726',1546,,1068,20,,,0
8019,'1478727',1616,,1069,20,,,0
8019,'1478728',1646,,1070,20,,,0
8019,'1478729',1716,,1071,20,,,0
8019,'1478730',1744,,1072,20,,,0
8019,'1478731',1814,,1073,20,,,0
8019,'1478732',1844,,1074,20,,,0
8019,'1478733',1944,,1075,20,,,0
8019,'1478734',2044,,1076,20,,,0
8019,'1478735',2144,,1077,20,,,0
8019,'1478736',2244,,1078,20,,,0
8019,'1478991',1446,,1079,20,,,0
8019,'1478992',1346,,1080,20,,,0
8019,'1478993',1516,,1081,20,,,0
8019,'1478994',1616,,1082,20,,,0
8019,'1478995',1716,,1083,20,,,0
8019,'1478996',1814,,1084,20,,,0
8019,'1478997',1914,,1085,20,,,0
8019,'1478998',2044,,1086,20,,,0
8019,'1478999',2214,,1087,20,,,0
8019,'1479000',1546,,1088,20,,,0
8019,'1479001',1744,,1089,20,,,0
8019,'1479002',1646,,1090,20,,,0
8019,'1479003',1844,,1091,20,,,0
8019,'1479004',2114,,1092,20,,,0
8019,'1479005',1944,,1093,20,,,0
8019,'1479006',1416,,1094,20,,,0
8019,'1479007',644,,1095,20,,,0
8019,'1479008',744,,1096,20,,,0
8019,'1479009',844,,1097,20,,,0
8019,'1479010',914,,1098,20,,,0
8019,'1479011',944,,1099,20,,,0
8019,'1479012',1016,,1100,20,,,0
8019,'1479013',1046,,1101,20,,,0
8019,'1479014',1116,,1102,20,,,0
8019,'1479015',1146,,1103,20,,,0
8019,'1479016',1216,,1104,20,,,0
8019,'1479017',1246,,1105,20,,,0
8019,'1479018',1316,,1106,20,,,0
8019,'1482560',744,,1107,20,,,0
8019,'1482561',844,,1108,20,,,0
8019,'1482562',944,,1109,20,,,0
8019,'1482563',1046,,1110,20,,,0
8019,'1482564',1246,,1111,20,,,0
8019,'1482565',1316,,1112,20,,,0
8019,'1482566',1346,,1113,20,,,0
8019,'1482567',1416,,1114,20,,,0
8019,'1482568',1446,,1115,20,,,0
8019,'1482569',1516,,1116,20,,,0
8019,'1482570',1546,,1117,20,,,0
8019,'1482571',1616,,1118,20,,,0
8019,'1482572',1646,,1119,20,,,0
8019,'1482573',1716,,1120,20,,,0
8019,'1482574',1744,,1121,20,,,0
8019,'1482575',1814,,1122,20,,,0
8019,'1482576',1844,,1123,20,,,0
8019,'1482577',1944,,1124,20,,,0
8019,'1482578',2044,,1125,20,,,0
8019,'1482579',2144,,1126,20,,,0
8019,'1482580',1144,,1127,20,,,0
8019,'1482581',1216,,1128,20,,,0
