3029,'1478924',616,,351,2,,,0
3029,'1478925',716,,352,2,,,0
3029,'1478926',746,,353,2,,,0
3029,'1478927',816,,354,2,,,0
3029,'1478928',846,,355,2,,,0
3029,'1478929',916,,356,2,,,0
3029,'1478930',946,,357,2,,,0
3029,'1478931',1016,,358,2,,,0
3029,'1478932',1046,,359,2,,,0
3029,'1478933',1116,,360,2,,,0
3029,'1478934',1146,,361,2,,,0
3029,'1478935',1216,,362,2,,,0
3029,'1478936',1246,,363,2,,,0
3029,'1478937',1316,,364,2,,,0
3029,'1478938',1346,,365,2,,,0
3029,'1478939',1416,,366,2,,,0
3029,'1478940',1446,,367,2,,,0
3029,'1478941',1516,,368,2,,,0
3029,'1478942',1546,,369,2,,,0
3029,'1478943',1616,,370,2,,,0
3029,'1478944',1646,,371,2,,,0
3029,'1478945',1716,,372,2,,,0
3029,'1478946',1746,,373,2,,,0
3029,'1478947',1816,,374,2,,,0
3029,'1478948',1846,,375,2,,,0
3029,'1478949',1916,,376,2,,,0
3029,'1478950',1946,,377,2,,,0
3029,'1478951',2016,,378,2,,,0
3029,'1478952',2146,,379,2,,,0
3029,'1478953',2046,,380,2,,,0
3029,'1478954',2216,,381,2,,,0
3029,'1478988',646,,415,2,,,0
3029,'1478989',2316,,416,2,,,0
3029,'1479246',2047,,435,2,,,0
3029,'1479247',617,,436,2,,,0
3029,'1479248',717,,437,2,,,0
3029,'1479249',817,,438,2,,,0
3029,'1479250',847,,439,2,,,0
3029,'1479251',947,,440,2,,,0
3029,'1479252',1017,,441,2,,,0
3029,'1479253',1147,,442,2,,,0
3029,'1479254',1047,,443,2,,,0
3029,'1479255',1217,,444,2,,,0
3029,'1479256',1247,,445,2,,,0
3029,'1479257',1347,,446,2,,,0
3029,'1479258',1417,,447,2,,,0
3029,'1479259',1447,,448,2,,,0
3029,'1479260',1617,,449,2,,,0
3029,'1479261',1647,,450,2,,,0
3029,'1479262',1747,,451,2,,,0
3029,'1479263',1817,,452,2,,,0
3029,'1479267',1847,,456,2,,,0
3029,'1479268',1947,,457,2,,,0
3029,'1479269',2017,,458,2,,,0
3029,'1479270',2147,,459,2,,,0
3029,'1479273',2247,,462,2,,,0
3029,'1479274',1547,,463,2,,,0
3029,'1479276',1717,,465,2,,,0
3029,'1479277',1917,,466,2,,,0
3029,'1479284',917,,473,2,,,0
3029,'1479285',1117,,474,2,,,0
3029,'1479286',1317,,475,2,,,0
3029,'1479287',1517,,476,2,,,0
3029,'1482371',1916,,497,2,,,0
3029,'1482372',1246,,498,2,,,0
3029,'1482373',946,,499,2,,,0
3029,'1482374',816,,500,2,,,0
3029,'1482375',1146,,501,2,,,0
3029,'1482376',1016,,502,2,,,0
3029,'1482377',1646,,503,2,,,0
3029,'1482378',1746,,504,2,,,0
3029,'1482379',846,,505,2,,,0
3029,'1482380',1046,,506,2,,,0
3029,'1482381',1216,,507,2,,,0
3029,'1482382',746,,508,2,,,0
3029,'1482383',1416,,509,2,,,0
3029,'1482384',1346,,510,2,,,0
3029,'1482385',1446,,511,2,,,0
3029,'1482386',1616,,512,2,,,0
3029,'1482387',1546,,513,2,,,0
3029,'1482388',2016,,514,2,,,0
3029,'1482389',2116,,515,2,,,0
3029,'1482390',1816,,516,2,,,0
3029,'1482391',2216,,517,2,,,0
3029,'1482393',1846,,519,2,,,0
3029,'1482394',1716,,520,2,,,0
3029,'1482395',1316,,521,2,,,0
3029,'1482396',1516,,522,2,,,0
3029,'1482403',916,,529,2,,,0
3029,'1482404',1116,,530,2,,,0
