8019,'1478708',635,,1050,7,,,0
8019,'1478709',705,,1051,7,,,0
8019,'1478710',735,,1052,7,,,0
8019,'1478711',805,,1053,7,,,0
8019,'1478712',835,,1054,7,,,0
8019,'1478713',905,,1055,7,,,0
8019,'1478714',935,,1056,7,,,0
8019,'1478715',1005,,1057,7,,,0
8019,'1478716',1035,,1058,7,,,0
8019,'1478717',1105,,1059,7,,,0
8019,'1478718',1135,,1060,7,,,0
8019,'1478719',1205,,1061,7,,,0
8019,'1478720',1235,,1062,7,,,0
8019,'1478721',1305,,1063,7,,,0
8019,'1478722',1335,,1064,7,,,0
8019,'1478723',1405,,1065,7,,,0
8019,'1478724',1435,,1066,7,,,0
8019,'1478725',1505,,1067,7,,,0
8019,'1478726',1535,,1068,7,,,0
8019,'1478727',1605,,1069,7,,,0
8019,'1478728',1635,,1070,7,,,0
8019,'1478729',1705,,1071,7,,,0
8019,'1478730',1735,,1072,7,,,0
8019,'1478731',1805,,1073,7,,,0
8019,'1478732',1835,,1074,7,,,0
8019,'1478733',1935,,1075,7,,,0
8019,'1478734',2035,,1076,7,,,0
8019,'1478735',2135,,1077,7,,,0
8019,'1478736',2235,,1078,7,,,0
8019,'1478991',1435,,1079,7,,,0
8019,'1478992',1335,,1080,7,,,0
8019,'1478993',1505,,1081,7,,,0
8019,'1478994',1605,,1082,7,,,0
8019,'1478995',1705,,1083,7,,,0
8019,'1478996',1805,,1084,7,,,0
8019,'1478997',1905,,1085,7,,,0
8019,'1478998',2035,,1086,7,,,0
8019,'1478999',2205,,1087,7,,,0
8019,'1479000',1535,,1088,7,,,0
8019,'1479001',1735,,1089,7,,,0
8019,'1479002',1635,,1090,7,,,0
8019,'1479003',1835,,1091,7,,,0
8019,'1479004',2105,,1092,7,,,0
8019,'1479005',1935,,1093,7,,,0
8019,'1479006',1405,,1094,7,,,0
8019,'1479007',635,,1095,7,,,0
8019,'1479008',735,,1096,7,,,0
8019,'1479009',835,,1097,7,,,0
8019,'1479010',905,,1098,7,,,0
8019,'1479011',935,,1099,7,,,0
8019,'1479012',1005,,1100,7,,,0
8019,'1479013',1035,,1101,7,,,0
8019,'1479014',1105,,1102,7,,,0
8019,'1479015',1135,,1103,7,,,0
8019,'1479016',1205,,1104,7,,,0
8019,'1479017',1235,,1105,7,,,0
8019,'1479018',1305,,1106,7,,,0
8019,'1482560',735,,1107,7,,,0
8019,'1482561',835,,1108,7,,,0
8019,'1482562',935,,1109,7,,,0
8019,'1482563',1035,,1110,7,,,0
8019,'1482564',1235,,1111,7,,,0
8019,'1482565',1305,,1112,7,,,0
8019,'1482566',1335,,1113,7,,,0
8019,'1482567',1405,,1114,7,,,0
8019,'1482568',1435,,1115,7,,,0
8019,'1482569',1505,,1116,7,,,0
8019,'1482570',1535,,1117,7,,,0
8019,'1482571',1605,,1118,7,,,0
8019,'1482572',1635,,1119,7,,,0
8019,'1482573',1705,,1120,7,,,0
8019,'1482574',1735,,1121,7,,,0
8019,'1482575',1805,,1122,7,,,0
8019,'1482576',1835,,1123,7,,,0
8019,'1482577',1935,,1124,7,,,0
8019,'1482578',2035,,1125,7,,,0
8019,'1482579',2135,,1126,7,,,0
8019,'1482580',1135,,1127,7,,,0
8019,'1482581',1205,,1128,7,,,0
