3019,'1478955',606,,382,5,,,0
3019,'1478956',736,,383,5,,,0
3019,'1478957',836,,384,5,,,0
3019,'1478958',906,,385,5,,,0
3019,'1478959',806,,386,5,,,0
3019,'1478960',1006,,387,5,,,0
3019,'1478961',936,,388,5,,,0
3019,'1478962',1036,,389,5,,,0
3019,'1478963',1506,,390,5,,,0
3019,'1478964',1236,,391,5,,,0
3019,'1478965',1306,,392,5,,,0
3019,'1478966',1136,,393,5,,,0
3019,'1478967',1336,,394,5,,,0
3019,'1478968',1406,,395,5,,,0
3019,'1478969',1436,,396,5,,,0
3019,'1478970',1206,,397,5,,,0
3019,'1478971',1106,,398,5,,,0
3019,'1478972',1636,,399,5,,,0
3019,'1478973',1536,,400,5,,,0
3019,'1478974',1606,,401,5,,,0
3019,'1478975',1736,,402,5,,,0
3019,'1478976',1806,,403,5,,,0
3019,'1478977',1836,,404,5,,,0
3019,'1478978',1706,,405,5,,,0
3019,'1478979',1906,,406,5,,,0
3019,'1478980',1936,,407,5,,,0
3019,'1478981',2006,,408,5,,,0
3019,'1478982',2036,,409,5,,,0
3019,'1478983',2136,,410,5,,,0
3019,'1478984',2206,,411,5,,,0
3019,'1478985',706,,412,5,,,0
3019,'1478986',2306,,413,5,,,0
3019,'1478987',636,,414,5,,,0
3019,'1479228',605,,417,5,,,0
3019,'1479229',705,,418,5,,,0
3019,'1479230',805,,419,5,,,0
3019,'1479231',835,,420,5,,,0
3019,'1479232',935,,421,5,,,0
3019,'1479233',1005,,422,5,,,0
3019,'1479234',1035,,423,5,,,0
3019,'1479235',1135,,424,5,,,0
3019,'1479236',1205,,425,5,,,0
3019,'1479237',1235,,426,5,,,0
3019,'1479238',1335,,427,5,,,0
3019,'1479239',1405,,428,5,,,0
3019,'1479240',1435,,429,5,,,0
3019,'1479241',1535,,430,5,,,0
3019,'1479242',1605,,431,5,,,0
3019,'1479243',1635,,432,5,,,0
3019,'1479244',1735,,433,5,,,0
3019,'1479245',1805,,434,5,,,0
3019,'1479264',1935,,453,5,,,0
3019,'1479265',2005,,454,5,,,0
3019,'1479266',2135,,455,5,,,0
3019,'1479271',2035,,460,5,,,0
3019,'1479272',2235,,461,5,,,0
3019,'1479275',1835,,464,5,,,0
3019,'1479278',905,,467,5,,,0
3019,'1479279',1105,,468,5,,,0
3019,'1479280',1305,,469,5,,,0
3019,'1479281',1505,,470,5,,,0
3019,'1479282',1705,,471,5,,,0
3019,'1479283',1905,,472,5,,,0
3019,'1482351',736,,477,5,,,0
3019,'1482352',806,,478,5,,,0
3019,'1482353',836,,479,5,,,0
3019,'1482354',936,,480,5,,,0
3019,'1482355',1006,,481,5,,,0
3019,'1482356',1036,,482,5,,,0
3019,'1482357',1136,,483,5,,,0
3019,'1482358',1206,,484,5,,,0
3019,'1482359',1236,,485,5,,,0
3019,'1482360',1336,,486,5,,,0
3019,'1482361',1406,,487,5,,,0
3019,'1482362',1436,,488,5,,,0
3019,'1482363',1536,,489,5,,,0
3019,'1482364',1606,,490,5,,,0
3019,'1482365',1636,,491,5,,,0
3019,'1482366',1736,,492,5,,,0
3019,'1482367',1806,,493,5,,,0
3019,'1482368',1906,,494,5,,,0
3019,'1482369',2006,,495,5,,,0
3019,'1482370',2106,,496,5,,,0
3019,'1482392',2206,,518,5,,,0
3019,'1482397',906,,523,5,,,0
3019,'1482398',1106,,524,5,,,0
3019,'1482399',1306,,525,5,,,0
3019,'1482400',1506,,526,5,,,0
3019,'1482401',1706,,527,5,,,0
3019,'1482402',1836,,528,5,,,0
