20005019,'1478857',643,,1207,13,,,0
20005019,'1478858',713,,1208,13,,,0
20005019,'1478859',743,,1209,13,,,0
20005019,'1478860',813,,1210,13,,,0
20005019,'1478861',843,,1211,13,,,0
20005019,'1478862',913,,1212,13,,,0
20005019,'1478863',943,,1213,13,,,0
20005019,'1478864',1013,,1214,13,,,0
20005019,'1478865',1043,,1215,13,,,0
20005019,'1478866',1113,,1216,13,,,0
20005019,'1478867',1143,,1217,13,,,0
20005019,'1478868',1213,,1218,13,,,0
20005019,'1478869',1243,,1219,13,,,0
20005019,'1478870',1313,,1220,13,,,0
20005019,'1478871',1343,,1221,13,,,0
20005019,'1478872',1413,,1222,13,,,0
20005019,'1478873',1443,,1223,13,,,0
20005019,'1478874',1513,,1224,13,,,0
20005019,'1478875',1543,,1225,13,,,0
20005019,'1478876',1613,,1226,13,,,0
20005019,'1478877',1643,,1227,13,,,0
20005019,'1478878',1713,,1228,13,,,0
20005019,'1478879',1743,,1229,13,,,0
20005019,'1478880',1813,,1230,13,,,0
20005019,'1478881',1843,,1231,13,,,0
20005019,'1478882',1913,,1232,13,,,0
20005019,'1478883',1943,,1233,13,,,0
20005019,'1478884',2013,,1234,13,,,0
20005019,'1478885',2143,,1235,13,,,0
20005019,'1478886',2243,,1236,13,,,0
20005019,'1478887',2043,,1237,13,,,0
20005019,'1478888',513,,1238,13,,,0
20005019,'1478889',543,,1239,13,,,0
20005019,'1478890',613,,1240,13,,,0
20005019,'1479105',813,,1241,13,,,0
20005019,'1479106',843,,1242,13,,,0
20005019,'1479107',913,,1243,13,,,0
20005019,'1479108',943,,1244,13,,,0
20005019,'1479109',1013,,1245,13,,,0
20005019,'1479110',1043,,1246,13,,,0
20005019,'1479111',1113,,1247,13,,,0
20005019,'1479112',1143,,1248,13,,,0
20005019,'1479113',1213,,1249,13,,,0
20005019,'1479114',1243,,1250,13,,,0
20005019,'1479115',1313,,1251,13,,,0
20005019,'1479116',1343,,1252,13,,,0
20005019,'1479117',1413,,1253,13,,,0
20005019,'1479118',1443,,1254,13,,,0
20005019,'1479119',1513,,1255,13,,,0
20005019,'1479120',1543,,1256,13,,,0
20005019,'1479121',1613,,1257,13,,,0
20005019,'1479122',1643,,1258,13,,,0
20005019,'1479123',1713,,1259,13,,,0
20005019,'1479124',1743,,1260,13,,,0
20005019,'1479125',1813,,1261,13,,,0
20005019,'1479126',1843,,1262,13,,,0
20005019,'1479127',1913,,1263,13,,,0
20005019,'1479128',2013,,1264,13,,,0
20005019,'1482481',843,,1265,13,,,0
20005019,'1482482',943,,1266,13,,,0
20005019,'1482483',1043,,1267,13,,,0
20005019,'1482484',1143,,1268,13,,,0
20005019,'1482485',1243,,1269,13,,,0
20005019,'1482486',1343,,1270,13,,,0
20005019,'1482487',1443,,1271,13,,,0
20005019,'1482488',1543,,1272,13,,,0
20005019,'1482489',1643,,1273,13,,,0
20005019,'1482490',1743,,1274,13,,,0
