10005019,'1478891',606,,1129,7,,,0
10005019,'1478892',706,,1130,7,,,0
10005019,'1478893',736,,1131,7,,,0
10005019,'1478894',806,,1132,7,,,0
10005019,'1478895',836,,1133,7,,,0
10005019,'1478896',906,,1134,7,,,0
10005019,'1478897',936,,1135,7,,,0
10005019,'1478898',1006,,1136,7,,,0
10005019,'1478899',1036,,1137,7,,,0
10005019,'1478900',1106,,1138,7,,,0
10005019,'1478901',1136,,1139,7,,,0
10005019,'1478902',1206,,1140,7,,,0
10005019,'1478903',1236,,1141,7,,,0
10005019,'1478904',1306,,1142,7,,,0
10005019,'1478905',1336,,1143,7,,,0
10005019,'1478906',1406,,1144,7,,,0
10005019,'1478907',1436,,1145,7,,,0
10005019,'1478908',1506,,1146,7,,,0
10005019,'1478909',1536,,1147,7,,,0
10005019,'1478910',1606,,1148,7,,,0
10005019,'1478911',1636,,1149,7,,,0
10005019,'1478912',1706,,1150,7,,,0
10005019,'1478913',1736,,1151,7,,,0
10005019,'1478914',1806,,1152,7,,,0
10005019,'1478915',1836,,1153,7,,,0
10005019,'1478916',1906,,1154,7,,,0
10005019,'1478917',1936,,1155,7,,,0
10005019,'1478918',2006,,1156,7,,,0
10005019,'1478919',2036,,1157,7,,,0
10005019,'1478920',2106,,1158,7,,,0
10005019,'1478921',2306,,1159,7,,,0
10005019,'1478922',2206,,1160,7,,,0
10005019,'1478923',636,,1161,7,,,0
10005019,'1479129',606,,1162,7,,,0
10005019,'1479130',706,,1163,7,,,0
10005019,'1479131',806,,1164,7,,,0
10005019,'1479132',836,,1165,7,,,0
10005019,'1479133',906,,1166,7,,,0
10005019,'1479134',936,,1167,7,,,0
10005019,'1479135',1006,,1168,7,,,0
10005019,'1479136',1036,,1169,7,,,0
10005019,'1479137',1106,,1170,7,,,0
10005019,'1479138',1136,,1171,7,,,0
10005019,'1479139',1206,,1172,7,,,0
10005019,'1479140',1236,,1173,7,,,0
10005019,'1479141',1306,,1174,7,,,0
10005019,'1479142',1336,,1175,7,,,0
10005019,'1479143',1406,,1176,7,,,0
10005019,'1479144',1436,,1177,7,,,0
10005019,'1479145',1506,,1178,7,,,0
10005019,'1479146',1536,,1179,7,,,0
10005019,'1479147',1606,,1180,7,,,0
10005019,'1479148',1636,,1181,7,,,0
10005019,'1479149',1706,,1182,7,,,0
10005019,'1479150',1736,,1183,7,,,0
10005019,'1479151',1806,,1184,7,,,0
10005019,'1479152',1836,,1185,7,,,0
10005019,'1479153',1906,,1186,7,,,0
10005019,'1479154',2006,,1187,7,,,0
10005019,'1479155',2106,,1188,7,,,0
10005019,'1479156',2206,,1189,7,,,0
10005019,'1479157',2306,,1190,7,,,0
10005019,'1482465',706,,1191,7,,,0
10005019,'1482466',806,,1192,7,,,0
10005019,'1482467',906,,1193,7,,,0
10005019,'1482468',1006,,1194,7,,,0
10005019,'1482469',1106,,1195,7,,,0
10005019,'1482470',1206,,1196,7,,,0
10005019,'1482471',1306,,1197,7,,,0
10005019,'1482472',1406,,1198,7,,,0
10005019,'1482473',1506,,1199,7,,,0
10005019,'1482474',1606,,1200,7,,,0
10005019,'1482475',1706,,1201,7,,,0
10005019,'1482476',1806,,1202,7,,,0
10005019,'1482477',1836,,1203,7,,,0
10005019,'1482478',1936,,1204,7,,,0
10005019,'1482479',2036,,1205,7,,,0
10005019,'1482480',2136,,1206,7,,,0
