3019,'1478955',603,,382,2,,,0
3019,'1478956',733,,383,2,,,0
3019,'1478957',833,,384,2,,,0
3019,'1478958',903,,385,2,,,0
3019,'1478959',803,,386,2,,,0
3019,'1478960',1003,,387,2,,,0
3019,'1478961',933,,388,2,,,0
3019,'1478962',1033,,389,2,,,0
3019,'1478963',1503,,390,2,,,0
3019,'1478964',1233,,391,2,,,0
3019,'1478965',1303,,392,2,,,0
3019,'1478966',1133,,393,2,,,0
3019,'1478967',1333,,394,2,,,0
3019,'1478968',1403,,395,2,,,0
3019,'1478969',1433,,396,2,,,0
3019,'1478970',1203,,397,2,,,0
3019,'1478971',1103,,398,2,,,0
3019,'1478972',1633,,399,2,,,0
3019,'1478973',1533,,400,2,,,0
3019,'1478974',1603,,401,2,,,0
3019,'1478975',1733,,402,2,,,0
3019,'1478976',1803,,403,2,,,0
3019,'1478977',1833,,404,2,,,0
3019,'1478978',1703,,405,2,,,0
3019,'1478979',1903,,406,2,,,0
3019,'1478980',1933,,407,2,,,0
3019,'1478981',2003,,408,2,,,0
3019,'1478982',2033,,409,2,,,0
3019,'1478983',2133,,410,2,,,0
3019,'1478984',2203,,411,2,,,0
3019,'1478985',703,,412,2,,,0
3019,'1478986',2303,,413,2,,,0
3019,'1478987',633,,414,2,,,0
3019,'1479228',602,,417,2,,,0
3019,'1479229',702,,418,2,,,0
3019,'1479230',802,,419,2,,,0
3019,'1479231',832,,420,2,,,0
3019,'1479232',932,,421,2,,,0
3019,'1479233',1002,,422,2,,,0
3019,'1479234',1032,,423,2,,,0
3019,'1479235',1132,,424,2,,,0
3019,'1479236',1202,,425,2,,,0
3019,'1479237',1232,,426,2,,,0
3019,'1479238',1332,,427,2,,,0
3019,'1479239',1402,,428,2,,,0
3019,'1479240',1432,,429,2,,,0
3019,'1479241',1532,,430,2,,,0
3019,'1479242',1602,,431,2,,,0
3019,'1479243',1632,,432,2,,,0
3019,'1479244',1732,,433,2,,,0
3019,'1479245',1802,,434,2,,,0
3019,'1479264',1932,,453,2,,,0
3019,'1479265',2002,,454,2,,,0
3019,'1479266',2132,,455,2,,,0
3019,'1479271',2032,,460,2,,,0
3019,'1479272',2232,,461,2,,,0
3019,'1479275',1832,,464,2,,,0
3019,'1479278',902,,467,2,,,0
3019,'1479279',1102,,468,2,,,0
3019,'1479280',1302,,469,2,,,0
3019,'1479281',1502,,470,2,,,0
3019,'1479282',1702,,471,2,,,0
3019,'1479283',1902,,472,2,,,0
3019,'1482351',733,,477,2,,,0
3019,'1482352',803,,478,2,,,0
3019,'1482353',833,,479,2,,,0
3019,'1482354',933,,480,2,,,0
3019,'1482355',1003,,481,2,,,0
3019,'1482356',1033,,482,2,,,0
3019,'1482357',1133,,483,2,,,0
3019,'1482358',1203,,484,2,,,0
3019,'1482359',1233,,485,2,,,0
3019,'1482360',1333,,486,2,,,0
3019,'1482361',1403,,487,2,,,0
3019,'1482362',1433,,488,2,,,0
3019,'1482363',1533,,489,2,,,0
3019,'1482364',1603,,490,2,,,0
3019,'1482365',1633,,491,2,,,0
3019,'1482366',1733,,492,2,,,0
3019,'1482367',1803,,493,2,,,0
3019,'1482368',1903,,494,2,,,0
3019,'1482369',2003,,495,2,,,0
3019,'1482370',2103,,496,2,,,0
3019,'1482392',2203,,518,2,,,0
3019,'1482397',903,,523,2,,,0
3019,'1482398',1103,,524,2,,,0
3019,'1482399',1303,,525,2,,,0
3019,'1482400',1503,,526,2,,,0
3019,'1482401',1703,,527,2,,,0
3019,'1482402',1833,,528,2,,,0
