10005019,'1478891',619,,1129,18,,,0
10005019,'1478892',719,,1130,18,,,0
10005019,'1478893',749,,1131,18,,,0
10005019,'1478894',819,,1132,18,,,0
10005019,'1478895',849,,1133,18,,,0
10005019,'1478896',919,,1134,18,,,0
10005019,'1478897',949,,1135,18,,,0
10005019,'1478898',1019,,1136,18,,,0
10005019,'1478899',1049,,1137,18,,,0
10005019,'1478900',1119,,1138,18,,,0
10005019,'1478901',1149,,1139,18,,,0
10005019,'1478902',1219,,1140,18,,,0
10005019,'1478903',1249,,1141,18,,,0
10005019,'1478904',1319,,1142,18,,,0
10005019,'1478905',1349,,1143,18,,,0
10005019,'1478906',1419,,1144,18,,,0
10005019,'1478907',1449,,1145,18,,,0
10005019,'1478908',1519,,1146,18,,,0
10005019,'1478909',1549,,1147,18,,,0
10005019,'1478910',1619,,1148,18,,,0
10005019,'1478911',1649,,1149,18,,,0
10005019,'1478912',1719,,1150,18,,,0
10005019,'1478913',1749,,1151,18,,,0
10005019,'1478914',1819,,1152,18,,,0
10005019,'1478915',1849,,1153,18,,,0
10005019,'1478916',1919,,1154,18,,,0
10005019,'1478917',1949,,1155,18,,,0
10005019,'1478918',2019,,1156,18,,,0
10005019,'1478919',2049,,1157,18,,,0
10005019,'1478920',2119,,1158,18,,,0
10005019,'1478921',2319,,1159,18,,,0
10005019,'1478922',2219,,1160,18,,,0
10005019,'1478923',649,,1161,18,,,0
10005019,'1479129',617,,1162,18,,,0
10005019,'1479130',717,,1163,18,,,0
10005019,'1479131',819,,1164,18,,,0
10005019,'1479132',849,,1165,18,,,0
10005019,'1479133',919,,1166,18,,,0
10005019,'1479134',949,,1167,18,,,0
10005019,'1479135',1019,,1168,18,,,0
10005019,'1479136',1049,,1169,18,,,0
10005019,'1479137',1119,,1170,18,,,0
10005019,'1479138',1149,,1171,18,,,0
10005019,'1479139',1219,,1172,18,,,0
10005019,'1479140',1249,,1173,18,,,0
10005019,'1479141',1319,,1174,18,,,0
10005019,'1479142',1349,,1175,18,,,0
10005019,'1479143',1419,,1176,18,,,0
10005019,'1479144',1449,,1177,18,,,0
10005019,'1479145',1519,,1178,18,,,0
10005019,'1479146',1549,,1179,18,,,0
10005019,'1479147',1619,,1180,18,,,0
10005019,'1479148',1649,,1181,18,,,0
10005019,'1479149',1719,,1182,18,,,0
10005019,'1479150',1749,,1183,18,,,0
10005019,'1479151',1819,,1184,18,,,0
10005019,'1479152',1849,,1185,18,,,0
10005019,'1479153',1919,,1186,18,,,0
10005019,'1479154',2019,,1187,18,,,0
10005019,'1479155',2119,,1188,18,,,0
10005019,'1479156',2219,,1189,18,,,0
10005019,'1479157',2319,,1190,18,,,0
10005019,'1482465',719,,1191,18,,,0
10005019,'1482466',819,,1192,18,,,0
10005019,'1482467',919,,1193,18,,,0
10005019,'1482468',1019,,1194,18,,,0
10005019,'1482469',1119,,1195,18,,,0
10005019,'1482470',1219,,1196,18,,,0
10005019,'1482471',1319,,1197,18,,,0
10005019,'1482472',1419,,1198,18,,,0
10005019,'1482473',1519,,1199,18,,,0
10005019,'1482474',1619,,1200,18,,,0
10005019,'1482475',1719,,1201,18,,,0
10005019,'1482476',1819,,1202,18,,,0
10005019,'1482477',1849,,1203,18,,,0
10005019,'1482478',1949,,1204,18,,,0
10005019,'1482479',2049,,1205,18,,,0
10005019,'1482480',2149,,1206,18,,,0
