3019,'1478955',600,,382,1,,,0
3019,'1478956',730,,383,1,,,0
3019,'1478957',830,,384,1,,,0
3019,'1478958',900,,385,1,,,0
3019,'1478959',800,,386,1,,,0
3019,'1478960',1000,,387,1,,,0
3019,'1478961',930,,388,1,,,0
3019,'1478962',1030,,389,1,,,0
3019,'1478963',1500,,390,1,,,0
3019,'1478964',1230,,391,1,,,0
3019,'1478965',1300,,392,1,,,0
3019,'1478966',1130,,393,1,,,0
3019,'1478967',1330,,394,1,,,0
3019,'1478968',1400,,395,1,,,0
3019,'1478969',1430,,396,1,,,0
3019,'1478970',1200,,397,1,,,0
3019,'1478971',1100,,398,1,,,0
3019,'1478972',1630,,399,1,,,0
3019,'1478973',1530,,400,1,,,0
3019,'1478974',1600,,401,1,,,0
3019,'1478975',1730,,402,1,,,0
3019,'1478976',1800,,403,1,,,0
3019,'1478977',1830,,404,1,,,0
3019,'1478978',1700,,405,1,,,0
3019,'1478979',1900,,406,1,,,0
3019,'1478980',1930,,407,1,,,0
3019,'1478981',2000,,408,1,,,0
3019,'1478982',2030,,409,1,,,0
3019,'1478983',2130,,410,1,,,0
3019,'1478984',2200,,411,1,,,0
3019,'1478985',700,,412,1,,,0
3019,'1478986',2300,,413,1,,,0
3019,'1478987',630,,414,1,,,0
3019,'1479228',600,,417,1,,,0
3019,'1479229',700,,418,1,,,0
3019,'1479230',800,,419,1,,,0
3019,'1479231',830,,420,1,,,0
3019,'1479232',930,,421,1,,,0
3019,'1479233',1000,,422,1,,,0
3019,'1479234',1030,,423,1,,,0
3019,'1479235',1130,,424,1,,,0
3019,'1479236',1200,,425,1,,,0
3019,'1479237',1230,,426,1,,,0
3019,'1479238',1330,,427,1,,,0
3019,'1479239',1400,,428,1,,,0
3019,'1479240',1430,,429,1,,,0
3019,'1479241',1530,,430,1,,,0
3019,'1479242',1600,,431,1,,,0
3019,'1479243',1630,,432,1,,,0
3019,'1479244',1730,,433,1,,,0
3019,'1479245',1800,,434,1,,,0
3019,'1479264',1930,,453,1,,,0
3019,'1479265',2000,,454,1,,,0
3019,'1479266',2130,,455,1,,,0
3019,'1479271',2030,,460,1,,,0
3019,'1479272',2230,,461,1,,,0
3019,'1479275',1830,,464,1,,,0
3019,'1479278',900,,467,1,,,0
3019,'1479279',1100,,468,1,,,0
3019,'1479280',1300,,469,1,,,0
3019,'1479281',1500,,470,1,,,0
3019,'1479282',1700,,471,1,,,0
3019,'1479283',1900,,472,1,,,0
3019,'1482351',730,,477,1,,,0
3019,'1482352',800,,478,1,,,0
3019,'1482353',830,,479,1,,,0
3019,'1482354',930,,480,1,,,0
3019,'1482355',1000,,481,1,,,0
3019,'1482356',1030,,482,1,,,0
3019,'1482357',1130,,483,1,,,0
3019,'1482358',1200,,484,1,,,0
3019,'1482359',1230,,485,1,,,0
3019,'1482360',1330,,486,1,,,0
3019,'1482361',1400,,487,1,,,0
3019,'1482362',1430,,488,1,,,0
3019,'1482363',1530,,489,1,,,0
3019,'1482364',1600,,490,1,,,0
3019,'1482365',1630,,491,1,,,0
3019,'1482366',1730,,492,1,,,0
3019,'1482367',1800,,493,1,,,0
3019,'1482368',1900,,494,1,,,0
3019,'1482369',2000,,495,1,,,0
3019,'1482370',2100,,496,1,,,0
3019,'1482392',2200,,518,1,,,0
3019,'1482397',900,,523,1,,,0
3019,'1482398',1100,,524,1,,,0
3019,'1482399',1300,,525,1,,,0
3019,'1482400',1500,,526,1,,,0
3019,'1482401',1700,,527,1,,,0
3019,'1482402',1830,,528,1,,,0
3029,'1478924',628,,351,10,4,,0
3029,'1478925',728,,352,10,4,,0
3029,'1478926',758,,353,10,4,,0
3029,'1478927',828,,354,10,4,,0
3029,'1478928',858,,355,10,4,,0
3029,'1478929',928,,356,10,4,,0
3029,'1478930',958,,357,10,4,,0
3029,'1478931',1028,,358,10,4,,0
3029,'1478932',1058,,359,10,4,,0
3029,'1478933',1128,,360,10,4,,0
3029,'1478934',1158,,361,10,4,,0
3029,'1478935',1228,,362,10,4,,0
3029,'1478936',1258,,363,10,4,,0
3029,'1478937',1328,,364,10,4,,0
3029,'1478938',1358,,365,10,4,,0
3029,'1478939',1428,,366,10,4,,0
3029,'1478940',1458,,367,10,4,,0
3029,'1478941',1528,,368,10,4,,0
3029,'1478942',1558,,369,10,4,,0
3029,'1478943',1628,,370,10,4,,0
3029,'1478944',1658,,371,10,4,,0
3029,'1478945',1728,,372,10,4,,0
3029,'1478946',1758,,373,10,4,,0
3029,'1478947',1828,,374,10,4,,0
3029,'1478948',1858,,375,10,4,,0
3029,'1478949',1928,,376,10,4,,0
3029,'1478950',1958,,377,10,4,,0
3029,'1478951',2028,,378,10,4,,0
3029,'1478952',2158,,379,10,4,,0
3029,'1478953',2058,,380,10,4,,0
3029,'1478954',2228,,381,10,4,,0
3029,'1478988',658,,415,10,4,,0
3029,'1478989',2328,,416,10,4,,0
3029,'1479246',2059,,435,10,4,,0
3029,'1479247',627,,436,10,4,,0
3029,'1479248',727,,437,10,4,,0
3029,'1479249',829,,438,10,4,,0
3029,'1479250',859,,439,10,4,,0
3029,'1479251',959,,440,10,4,,0
3029,'1479252',1029,,441,10,4,,0
3029,'1479253',1159,,442,10,4,,0
3029,'1479254',1059,,443,10,4,,0
3029,'1479255',1229,,444,10,4,,0
3029,'1479256',1259,,445,10,4,,0
3029,'1479257',1359,,446,10,4,,0
3029,'1479258',1429,,447,10,4,,0
3029,'1479259',1459,,448,10,4,,0
3029,'1479260',1629,,449,10,4,,0
3029,'1479261',1659,,450,10,4,,0
3029,'1479262',1759,,451,10,4,,0
3029,'1479263',1829,,452,10,4,,0
3029,'1479267',1859,,456,10,4,,0
3029,'1479268',1959,,457,10,4,,0
3029,'1479269',2029,,458,10,4,,0
3029,'1479270',2157,,459,10,4,,0
3029,'1479273',2257,,462,10,4,,0
3029,'1479274',1559,,463,10,4,,0
3029,'1479276',1729,,465,10,4,,0
3029,'1479277',1929,,466,10,4,,0
3029,'1479284',929,,473,10,4,,0
3029,'1479285',1129,,474,10,4,,0
3029,'1479286',1329,,475,10,4,,0
3029,'1479287',1529,,476,10,4,,0
3029,'1482371',1928,,497,10,4,,0
3029,'1482372',1258,,498,10,4,,0
3029,'1482373',958,,499,10,4,,0
3029,'1482374',828,,500,10,4,,0
3029,'1482375',1158,,501,10,4,,0
3029,'1482376',1028,,502,10,4,,0
3029,'1482377',1658,,503,10,4,,0
3029,'1482378',1758,,504,10,4,,0
3029,'1482379',858,,505,10,4,,0
3029,'1482380',1058,,506,10,4,,0
3029,'1482381',1228,,507,10,4,,0
3029,'1482382',758,,508,10,4,,0
3029,'1482383',1428,,509,10,4,,0
3029,'1482384',1358,,510,10,4,,0
3029,'1482385',1458,,511,10,4,,0
3029,'1482386',1628,,512,10,4,,0
3029,'1482387',1558,,513,10,4,,0
3029,'1482388',2028,,514,10,4,,0
3029,'1482389',2128,,515,10,4,,0
3029,'1482390',1828,,516,10,4,,0
3029,'1482391',2228,,517,10,4,,0
3029,'1482393',1858,,519,10,4,,0
3029,'1482394',1728,,520,10,4,,0
3029,'1482395',1328,,521,10,4,,0
3029,'1482396',1528,,522,10,4,,0
3029,'1482403',928,,529,10,4,,0
3029,'1482404',1128,,530,10,4,,0
4019,'1478457',630,,554,1,,,0
4019,'1478458',700,,555,1,,,0
4019,'1478459',745,,556,1,,,0
4019,'1478460',900,,557,1,,,0
4019,'1478461',945,,558,1,,,0
4019,'1478462',1030,,559,1,,,0
4019,'1478463',1100,,560,1,,,0
4019,'1478464',1130,,561,1,,,0
4019,'1478465',1230,,562,1,,,0
4019,'1478466',1300,,563,1,,,0
4019,'1478467',1330,,564,1,,,0
4019,'1478468',1430,,565,1,,,0
4019,'1478469',1500,,566,1,,,0
4019,'1478470',1545,,567,1,,,0
4019,'1478471',1630,,568,1,,,0
4019,'1478472',1700,,569,1,,,0
4019,'1478473',1730,,570,1,,,0
4019,'1478474',1830,,571,1,,,0
4019,'1478475',1900,,572,1,,,0
4019,'1478476',1930,,573,1,,,0
4019,'1478477',2030,,574,1,,,0
4019,'1478478',2100,,575,1,,,0
4019,'1478479',2130,,576,1,,,0
4019,'1478480',2230,,577,1,,,0
4019,'1478483',2300,,580,1,,,0
4019,'1478487',1115,,584,1,,,0
4019,'1478488',1145,,585,1,,,0
4019,'1478489',1245,,586,1,,,0
4019,'1478491',715,,588,1,,,0
4019,'1478495',845,,592,1,,,0
4019,'1478496',800,,593,1,,,0
4019,'1478497',915,,594,1,,,0
4019,'1478498',930,,595,1,,,0
4019,'1478507',1315,,604,1,,,0
4019,'1478508',1530,,605,1,,,0
4019,'1478509',1645,,606,1,,,0
4019,'1478510',1345,,607,1,,,0
4019,'1478511',1445,,608,1,,,0
4019,'1478512',1515,,609,1,,,0
4019,'1478513',1715,,610,1,,,0
4019,'1478514',1045,,611,1,,,0
4019,'1478515',2200,,612,1,,,0
4019,'1478516',2000,,613,1,,,0
4019,'1478517',1415,,614,1,,,0
4019,'1478518',1615,,615,1,,,0
4019,'1478528',600,,625,1,,,0
4019,'1478529',1000,,626,1,,,0
4019,'1478530',1200,,627,1,,,0
4019,'1478531',1400,,628,1,,,0
4019,'1478532',1600,,629,1,,,0
4019,'1478533',1800,,630,1,,,0
4019,'1478540',815,,637,1,,,0
4019,'1478541',1015,,638,1,,,0
4019,'1478542',1215,,639,1,,,0
4019,'1478544',830,,641,1,,,0
4019,'1478545',730,,642,1,,,0
4019,'1479158',600,,644,1,,,0
4019,'1479159',630,,645,1,,,0
4019,'1479160',730,,646,1,,,0
4019,'1479161',800,,647,1,,,0
4019,'1479162',830,,648,1,,,0
4019,'1479163',930,,649,1,,,0
4019,'1479164',1000,,650,1,,,0
4019,'1479165',1030,,651,1,,,0
4019,'1479166',1130,,652,1,,,0
4019,'1479167',1200,,653,1,,,0
4019,'1479168',1230,,654,1,,,0
4019,'1479169',1330,,655,1,,,0
4019,'1479170',1400,,656,1,,,0
4019,'1479171',1430,,657,1,,,0
4019,'1479172',1530,,658,1,,,0
4019,'1479173',1600,,659,1,,,0
4019,'1479174',1630,,660,1,,,0
4019,'1479175',1730,,661,1,,,0
4019,'1479176',1800,,662,1,,,0
4019,'1479177',1830,,663,1,,,0
4019,'1479178',1930,,664,1,,,0
4019,'1479179',2000,,665,1,,,0
4019,'1479180',2030,,666,1,,,0
4019,'1479181',2130,,667,1,,,0
4019,'1479182',2200,,668,1,,,0
4019,'1479183',2230,,669,1,,,0
4019,'1479212',700,,698,1,,,0
4019,'1479213',900,,699,1,,,0
4019,'1479214',1100,,700,1,,,0
4019,'1479215',1300,,701,1,,,0
4019,'1479216',1500,,702,1,,,0
4019,'1479217',1700,,703,1,,,0
4019,'1479218',1900,,704,1,,,0
4019,'1479219',2100,,705,1,,,0
4019,'1479220',2300,,706,1,,,0
4019,'1482406',700,,715,1,,,0
4019,'1482407',730,,716,1,,,0
4019,'1482408',830,,717,1,,,0
4019,'1482409',900,,718,1,,,0
4019,'1482410',930,,719,1,,,0
4019,'1482411',1030,,720,1,,,0
4019,'1482412',1100,,721,1,,,0
4019,'1482413',1130,,722,1,,,0
4019,'1482414',1230,,723,1,,,0
4019,'1482415',1300,,724,1,,,0
4019,'1482416',1330,,725,1,,,0
4019,'1482417',1430,,726,1,,,0
4019,'1482418',1500,,727,1,,,0
4019,'1482419',1530,,728,1,,,0
4019,'1482420',1630,,729,1,,,0
4019,'1482421',1700,,730,1,,,0
4019,'1482422',1730,,731,1,,,0
4019,'1482423',1830,,732,1,,,0
4019,'1482424',1900,,733,1,,,0
4019,'1482425',1930,,734,1,,,0
4019,'1482426',2030,,735,1,,,0
4019,'1482427',2100,,736,1,,,0
4019,'1482449',2130,,758,1,,,0
4019,'1482450',2000,,759,1,,,0
4019,'1482451',1800,,760,1,,,0
4019,'1482460',800,,769,1,,,0
4019,'1482461',1000,,770,1,,,0
4019,'1482462',1200,,771,1,,,0
4019,'1482463',1400,,772,1,,,0
4019,'1482464',1600,,773,1,,,0
4019,'1482583',2200,,774,1,,,0
4029,'1478434',628,,531,10,4,,0
4029,'1478435',658,,532,10,4,,0
4029,'1478436',743,,533,10,4,,0
4029,'1478437',858,,534,10,4,,0
4029,'1478438',943,,535,10,4,,0
4029,'1478439',1028,,536,10,4,,0
4029,'1478440',1043,,537,10,4,,0
4029,'1478441',1143,,538,10,4,,0
4029,'1478442',1228,,539,10,4,,0
4029,'1478443',1243,,540,10,4,,0
4029,'1478444',1343,,541,10,4,,0
4029,'1478445',1428,,542,10,4,,0
4029,'1478446',1443,,543,10,4,,0
4029,'1478447',1543,,544,10,4,,0
4029,'1478448',1628,,545,10,4,,0
4029,'1478449',1643,,546,10,4,,0
4029,'1478450',1743,,547,10,4,,0
4029,'1478451',1828,,548,10,4,,0
4029,'1478452',1958,,549,10,4,,0
4029,'1478453',2028,,550,10,4,,0
4029,'1478454',2058,,551,10,4,,0
4029,'1478455',2158,,552,10,4,,0
4029,'1478456',2228,,553,10,4,,0
4029,'1478481',2258,,578,10,4,,0
4029,'1478482',1858,,579,10,4,,0
4029,'1478484',1313,,581,10,4,,0
4029,'1478485',1158,,582,10,4,,0
4029,'1478486',1258,,583,10,4,,0
4029,'1478490',713,,587,10,4,,0
4029,'1478492',958,,589,10,4,,0
4029,'1478493',913,,590,10,4,,0
4029,'1478494',843,,591,10,4,,0
4029,'1478499',1058,,596,10,4,,0
4029,'1478500',1113,,597,10,4,,0
4029,'1478501',1358,,598,10,4,,0
4029,'1478502',1458,,599,10,4,,0
4029,'1478503',1658,,600,10,4,,0
4029,'1478504',1713,,601,10,4,,0
4029,'1478505',1558,,602,10,4,,0
4029,'1478506',1513,,603,10,4,,0
4029,'1478519',728,,616,10,4,,0
4029,'1478520',928,,617,10,4,,0
4029,'1478521',1128,,618,10,4,,0
4029,'1478522',1328,,619,10,4,,0
4029,'1478523',1528,,620,10,4,,0
4029,'1478524',1728,,621,10,4,,0
4029,'1478525',1928,,622,10,4,,0
4029,'1478526',2128,,623,10,4,,0
4029,'1478527',2328,,624,10,4,,0
4029,'1478534',813,,631,10,4,,0
4029,'1478535',1013,,632,10,4,,0
4029,'1478536',1213,,633,10,4,,0
4029,'1478537',1413,,634,10,4,,0
4029,'1478538',1613,,635,10,4,,0
4029,'1478539',1758,,636,10,4,,0
4029,'1478543',828,,640,10,4,,0
4029,'1478546',758,,643,10,4,,0
4029,'1479184',628,,670,10,4,,0
4029,'1479185',658,,671,10,4,,0
4029,'1479186',828,,672,10,4,,0
4029,'1479187',758,,673,10,4,,0
4029,'1479188',858,,674,10,4,,0
4029,'1479189',958,,675,10,4,,0
4029,'1479190',1028,,676,10,4,,0
4029,'1479191',1158,,677,10,4,,0
4029,'1479192',1058,,678,10,4,,0
4029,'1479193',1258,,679,10,4,,0
4029,'1479194',1228,,680,10,4,,0
4029,'1479195',1358,,681,10,4,,0
4029,'1479196',1458,,682,10,4,,0
4029,'1479197',1428,,683,10,4,,0
4029,'1479198',1558,,684,10,4,,0
4029,'1479199',1658,,685,10,4,,0
4029,'1479200',1628,,686,10,4,,0
4029,'1479201',1758,,687,10,4,,0
4029,'1479202',2228,,688,10,4,,0
4029,'1479203',1828,,689,10,4,,0
4029,'1479204',1858,,690,10,4,,0
4029,'1479205',1958,,691,10,4,,0
4029,'1479206',2028,,692,10,4,,0
4029,'1479207',2058,,693,10,4,,0
4029,'1479208',2158,,694,10,4,,0
4029,'1479209',2258,,695,10,4,,0
4029,'1479210',2328,,696,10,4,,0
4029,'1479211',2128,,697,10,4,,0
4029,'1479221',728,,707,10,4,,0
4029,'1479222',928,,708,10,4,,0
4029,'1479223',1128,,709,10,4,,0
4029,'1479224',1328,,710,10,4,,0
4029,'1479225',1528,,711,10,4,,0
4029,'1479226',1728,,712,10,4,,0
4029,'1479227',1928,,713,10,4,,0
4029,'1482405',2128,,714,10,4,,0
4029,'1482428',728,,737,10,4,,0
4029,'1482429',828,,738,10,4,,0
4029,'1482430',858,,739,10,4,,0
4029,'1482431',928,,740,10,4,,0
4029,'1482432',1028,,741,10,4,,0
4029,'1482433',1058,,742,10,4,,0
4029,'1482434',1128,,743,10,4,,0
4029,'1482435',1228,,744,10,4,,0
4029,'1482436',1258,,745,10,4,,0
4029,'1482437',1328,,746,10,4,,0
4029,'1482438',1428,,747,10,4,,0
4029,'1482439',1458,,748,10,4,,0
4029,'1482440',1528,,749,10,4,,0
4029,'1482441',1628,,750,10,4,,0
4029,'1482442',1658,,751,10,4,,0
4029,'1482443',1728,,752,10,4,,0
4029,'1482444',1828,,753,10,4,,0
4029,'1482445',1858,,754,10,4,,0
4029,'1482446',1928,,755,10,4,,0
4029,'1482447',2028,,756,10,4,,0
4029,'1482448',2058,,757,10,4,,0
4029,'1482452',758,,761,10,4,,0
4029,'1482453',958,,762,10,4,,0
4029,'1482454',1158,,763,10,4,,0
4029,'1482455',1358,,764,10,4,,0
4029,'1482456',1558,,765,10,4,,0
4029,'1482457',1758,,766,10,4,,0
4029,'1482458',1958,,767,10,4,,0
4029,'1482459',2158,,768,10,4,,0
140000019,'1478707',2356,,1275,31,,,0
140000019,'1478990',2356,,1276,31,,,0
140000019,'1482582',2256,,1277,31,,,0
