1029,'1478644',600,,1,1,,,0
1029,'1478645',630,,2,1,,,0
1029,'1478646',700,,3,1,,,0
1029,'1478647',730,,4,1,,,0
1029,'1478648',800,,5,1,,,0
1029,'1478649',830,,6,1,,,0
1029,'1478650',900,,7,1,,,0
1029,'1478651',930,,8,1,,,0
1029,'1478652',1000,,9,1,,,0
1029,'1478653',1030,,10,1,,,0
1029,'1478654',1100,,11,1,,,0
1029,'1478655',1140,,12,1,,,0
1029,'1478656',1220,,13,1,,,0
1029,'1478657',1300,,14,1,,,0
1029,'1478658',1340,,15,1,,,0
1029,'1478659',1420,,16,1,,,0
1029,'1478660',1500,,17,1,,,0
1029,'1478661',1540,,18,1,,,0
1029,'1478662',1620,,19,1,,,0
1029,'1478663',1700,,20,1,,,0
1029,'1478664',1740,,21,1,,,0
1029,'1478665',1815,,22,1,,,0
1029,'1478666',1845,,23,1,,,0
1029,'1478667',1915,,24,1,,,0
1029,'1478668',1945,,25,1,,,0
1029,'1478669',2015,,26,1,,,0
1029,'1478670',2045,,27,1,,,0
1029,'1478671',2115,,28,1,,,0
1029,'1478672',2145,,29,1,,,0
1029,'1478673',2215,,30,1,,,0
1029,'1478674',2245,,31,1,,,0
1029,'1478706',2315,,63,1,,,0
1029,'1479336',615,,64,1,,,0
1029,'1479337',715,,65,1,,,0
1029,'1479340',815,,68,1,,,0
1029,'1479341',845,,69,1,,,0
1029,'1479342',915,,70,1,,,0
1029,'1479343',945,,71,1,,,0
1029,'1479344',1020,,72,1,,,0
1029,'1479345',1100,,73,1,,,0
1029,'1479353',1140,,81,1,,,0
1029,'1479354',1220,,82,1,,,0
1029,'1479355',1300,,83,1,,,0
1029,'1479356',2125,,84,1,,,0
1029,'1479357',1340,,85,1,,,0
1029,'1479358',1420,,86,1,,,0
1029,'1479359',1500,,87,1,,,0
1029,'1479361',1540,,89,1,,,0
1029,'1479362',1620,,90,1,,,0
1029,'1479363',1700,,91,1,,,0
1029,'1479364',1740,,92,1,,,0
1029,'1479365',1815,,93,1,,,0
1029,'1479377',2225,,105,1,,,0
1029,'1479378',1845,,106,1,,,0
1029,'1479379',1915,,107,1,,,0
1029,'1479380',1945,,108,1,,,0
1029,'1479381',2015,,109,1,,,0
1029,'1479382',2045,,110,1,,,0
1029,'1482285',715,,140,1,,,0
1029,'1482286',815,,141,1,,,0
1029,'1482287',845,,142,1,,,0
1029,'1482288',915,,143,1,,,0
1029,'1482289',945,,144,1,,,0
1029,'1482290',1015,,145,1,,,0
1029,'1482291',1045,,146,1,,,0
1029,'1482292',1120,,147,1,,,0
1029,'1482293',1200,,148,1,,,0
1029,'1482294',1240,,149,1,,,0
1029,'1482295',1320,,150,1,,,0
1029,'1482296',1400,,151,1,,,0
1029,'1482297',1440,,152,1,,,0
1029,'1482298',1520,,153,1,,,0
1029,'1482299',1600,,154,1,,,0
1029,'1482300',1640,,155,1,,,0
1029,'1482301',1715,,156,1,,,0
1029,'1482302',1745,,157,1,,,0
1029,'1482303',1815,,158,1,,,0
1029,'1482304',1845,,159,1,,,0
1029,'1482305',1915,,160,1,,,0
1029,'1482306',2015,,161,1,,,0
1029,'1482307',2115,,162,1,,,0
1029,'1482308',2215,,163,1,,,0
2019,'1478569',642,,186,16,4,,0
2019,'1478570',712,,187,16,4,,0
2019,'1478571',1438,,188,16,4,,0
2019,'1478572',758,,189,16,4,,0
2019,'1478573',1518,,190,16,4,,0
2019,'1478574',1118,,191,16,4,,0
2019,'1478575',958,,192,16,4,,0
2019,'1478576',1238,,193,16,4,,0
2019,'1478577',838,,194,16,4,,0
2019,'1478578',1158,,195,16,4,,0
2019,'1478579',1318,,196,16,4,,0
2019,'1478580',1038,,197,16,4,,0
2019,'1478581',1358,,198,16,4,,0
2019,'1478582',1558,,199,16,4,,0
2019,'1478583',1638,,200,16,4,,0
2019,'1478584',1758,,201,16,4,,0
2019,'1478585',1718,,202,16,4,,0
2019,'1478586',1918,,203,16,4,,0
2019,'1478587',1838,,204,16,4,,0
2019,'1478588',1958,,205,16,4,,0
2019,'1478589',2038,,206,16,4,,0
2019,'1478590',2112,,207,16,4,,0
2019,'1478591',2242,,208,16,4,,0
2019,'1478592',918,,209,16,4,,0
2019,'1478596',512,,213,16,4,,0
2019,'1478597',542,,214,16,4,,0
2019,'1478599',612,,216,16,4,,0
2019,'1478623',732,,240,16,4,,0
2019,'1478624',2058,,241,16,4,,0
2019,'1478625',818,,242,16,4,,0
2019,'1478626',858,,243,16,4,,0
2019,'1478627',938,,244,16,4,,0
2019,'1478628',1018,,245,16,4,,0
2019,'1478629',1058,,246,16,4,,0
2019,'1478630',1138,,247,16,4,,0
2019,'1478631',1218,,248,16,4,,0
2019,'1478632',1258,,249,16,4,,0
2019,'1478633',1338,,250,16,4,,0
2019,'1478634',1418,,251,16,4,,0
2019,'1478635',1458,,252,16,4,,0
2019,'1478636',1538,,253,16,4,,0
2019,'1478637',1618,,254,16,4,,0
2019,'1478638',1658,,255,16,4,,0
2019,'1478639',1738,,256,16,4,,0
2019,'1478640',1818,,257,16,4,,0
2019,'1478641',1858,,258,16,4,,0
2019,'1478642',1938,,259,16,4,,0
2019,'1478643',2018,,260,16,4,,0
2019,'1479288',642,,261,16,4,,0
2019,'1479289',742,,262,16,4,,0
2019,'1479292',812,,265,16,4,,0
2019,'1479293',854,,266,16,4,,0
2019,'1479294',934,,267,16,4,,0
2019,'1479295',1014,,268,16,4,,0
2019,'1479296',1054,,269,16,4,,0
2019,'1479297',1134,,270,16,4,,0
2019,'1479298',1214,,271,16,4,,0
2019,'1479306',1254,,279,16,4,,0
2019,'1479307',1334,,280,16,4,,0
2019,'1479308',1414,,281,16,4,,0
2019,'1479309',1454,,282,16,4,,0
2019,'1479310',1534,,283,16,4,,0
2019,'1479311',1614,,284,16,4,,0
2019,'1479312',1654,,285,16,4,,0
2019,'1479313',1734,,286,16,4,,0
2019,'1479314',1814,,287,16,4,,0
2019,'1479323',1934,,296,16,4,,0
2019,'1479326',2052,,299,16,4,,0
2019,'1479327',2152,,300,16,4,,0
2019,'1479331',2014,,304,16,4,,0
2019,'1479334',2252,,307,16,4,,0
2019,'1479335',1854,,308,16,4,,0
2019,'1482309',742,,309,16,4,,0
2019,'1482310',818,,310,16,4,,0
2019,'1482311',858,,311,16,4,,0
2019,'1482312',938,,312,16,4,,0
2019,'1482313',1018,,313,16,4,,0
2019,'1482314',1058,,314,16,4,,0
2019,'1482315',1138,,315,16,4,,0
2019,'1482316',1218,,316,16,4,,0
2019,'1482317',1258,,317,16,4,,0
2019,'1482318',1338,,318,16,4,,0
2019,'1482319',1418,,319,16,4,,0
2019,'1482320',1458,,320,16,4,,0
2019,'1482321',1538,,321,16,4,,0
2019,'1482322',1618,,322,16,4,,0
2019,'1482323',1658,,323,16,4,,0
2019,'1482324',1738,,324,16,4,,0
2019,'1482325',1818,,325,16,4,,0
2019,'1482326',1912,,326,16,4,,0
2019,'1482327',2012,,327,16,4,,0
2019,'1482328',2112,,328,16,4,,0
2019,'1482349',2212,,349,16,4,,0
2029,'1478547',645,,164,1,,,0
2029,'1478548',720,,165,1,,,0
2029,'1478549',800,,166,1,,,0
2029,'1478550',1000,,167,1,,,0
2029,'1478551',1040,,168,1,,,0
2029,'1478552',1120,,169,1,,,0
2029,'1478553',1200,,170,1,,,0
2029,'1478554',1240,,171,1,,,0
2029,'1478555',1320,,172,1,,,0
2029,'1478556',1400,,173,1,,,0
2029,'1478557',1440,,174,1,,,0
2029,'1478558',1520,,175,1,,,0
2029,'1478559',1600,,176,1,,,0
2029,'1478560',1640,,177,1,,,0
2029,'1478561',1720,,178,1,,,0
2029,'1478562',1800,,179,1,,,0
2029,'1478563',1840,,180,1,,,0
2029,'1478564',1920,,181,1,,,0
2029,'1478565',2000,,182,1,,,0
2029,'1478566',2040,,183,1,,,0
2029,'1478567',2115,,184,1,,,0
2029,'1478568',2245,,185,1,,,0
2029,'1478593',840,,210,1,,,0
2029,'1478594',920,,211,1,,,0
2029,'1478595',545,,212,1,,,0
2029,'1478598',515,,215,1,,,0
2029,'1478600',615,,217,1,,,0
2029,'1478601',700,,218,1,,,0
2029,'1478602',740,,219,1,,,0
2029,'1478603',820,,220,1,,,0
2029,'1478604',900,,221,1,,,0
2029,'1478605',940,,222,1,,,0
2029,'1478606',1020,,223,1,,,0
2029,'1478607',1100,,224,1,,,0
2029,'1478608',1140,,225,1,,,0
2029,'1478609',1220,,226,1,,,0
2029,'1478610',1300,,227,1,,,0
2029,'1478611',1340,,228,1,,,0
2029,'1478612',1420,,229,1,,,0
2029,'1478613',1500,,230,1,,,0
2029,'1478614',1540,,231,1,,,0
2029,'1478615',1620,,232,1,,,0
2029,'1478616',1700,,233,1,,,0
2029,'1478617',1740,,234,1,,,0
2029,'1478618',1820,,235,1,,,0
2029,'1478619',1900,,236,1,,,0
2029,'1478620',1940,,237,1,,,0
2029,'1478621',2020,,238,1,,,0
2029,'1478622',2100,,239,1,,,0
2029,'1479290',645,,263,1,,,0
2029,'1479291',745,,264,1,,,0
2029,'1479299',820,,272,1,,,0
2029,'1479300',900,,273,1,,,0
2029,'1479301',940,,274,1,,,0
2029,'1479302',1020,,275,1,,,0
2029,'1479303',1100,,276,1,,,0
2029,'1479304',1140,,277,1,,,0
2029,'1479305',1220,,278,1,,,0
2029,'1479315',1300,,288,1,,,0
2029,'1479316',1340,,289,1,,,0
2029,'1479317',1420,,290,1,,,0
2029,'1479318',1500,,291,1,,,0
2029,'1479319',1540,,292,1,,,0
2029,'1479320',1620,,293,1,,,0
2029,'1479321',1700,,294,1,,,0
2029,'1479322',1740,,295,1,,,0
2029,'1479324',1900,,297,1,,,0
2029,'1479325',1940,,298,1,,,0
2029,'1479328',2020,,301,1,,,0
2029,'1479329',2055,,302,1,,,0
2029,'1479330',1820,,303,1,,,0
2029,'1479332',2255,,305,1,,,0
2029,'1479333',2155,,306,1,,,0
2029,'1482329',745,,329,1,,,0
2029,'1482330',820,,330,1,,,0
2029,'1482331',900,,331,1,,,0
2029,'1482332',940,,332,1,,,0
2029,'1482333',1020,,333,1,,,0
2029,'1482334',1100,,334,1,,,0
2029,'1482335',1140,,335,1,,,0
2029,'1482336',1220,,336,1,,,0
2029,'1482337',1300,,337,1,,,0
2029,'1482338',1340,,338,1,,,0
2029,'1482339',1420,,339,1,,,0
2029,'1482340',1500,,340,1,,,0
2029,'1482341',1620,,341,1,,,0
2029,'1482342',1540,,342,1,,,0
2029,'1482343',1700,,343,1,,,0
2029,'1482344',1820,,344,1,,,0
2029,'1482345',1740,,345,1,,,0
2029,'1482346',2015,,346,1,,,0
2029,'1482347',1915,,347,1,,,0
2029,'1482348',2115,,348,1,,,0
2029,'1482350',2215,,350,1,,,0
