6019,'1478821',635,,806,10,,,0
6019,'1478822',735,,807,10,,,0
6019,'1478823',805,,808,10,,,0
6019,'1478824',835,,809,10,,,0
6019,'1478825',905,,810,10,,,0
6019,'1478826',935,,811,10,,,0
6019,'1478827',1005,,812,10,,,0
6019,'1478828',1035,,813,10,,,0
6019,'1478829',1105,,814,10,,,0
6019,'1478830',1135,,815,10,,,0
6019,'1478831',1205,,816,10,,,0
6019,'1478832',1235,,817,10,,,0
6019,'1478833',1305,,818,10,,,0
6019,'1478834',1335,,819,10,,,0
6019,'1478835',1405,,820,10,,,0
6019,'1478836',1435,,821,10,,,0
6019,'1478837',1505,,822,10,,,0
6019,'1478838',1535,,823,10,,,0
6019,'1478839',1605,,824,10,,,0
6019,'1478840',1635,,825,10,,,0
6019,'1478841',1705,,826,10,,,0
6019,'1478842',1735,,827,10,,,0
6019,'1478843',1805,,828,10,,,0
6019,'1478844',1835,,829,10,,,0
6019,'1478845',1905,,830,10,,,0
6019,'1478846',1935,,831,10,,,0
6019,'1478847',2005,,832,10,,,0
6019,'1478848',2035,,833,10,,,0
6019,'1478849',2105,,834,10,,,0
6019,'1478850',2205,,835,10,,,0
6019,'1478851',2305,,836,10,,,0
6019,'1478852',535,,837,10,,,0
6019,'1478853',705,,838,10,,,0
6019,'1478855',605,,840,10,,,0
6019,'1479065',605,,842,10,,,0
6019,'1479066',635,,843,10,,,0
6019,'1479067',705,,844,10,,,0
6019,'1479068',735,,845,10,,,0
6019,'1479069',805,,846,10,,,0
6019,'1479070',905,,847,10,,,0
6019,'1479071',1005,,848,10,,,0
6019,'1479072',1105,,849,10,,,0
6019,'1479073',1205,,850,10,,,0
6019,'1479074',1305,,851,10,,,0
6019,'1479075',1405,,852,10,,,0
6019,'1479076',1505,,853,10,,,0
6019,'1479077',1605,,854,10,,,0
6019,'1479078',1705,,855,10,,,0
6019,'1479079',1805,,856,10,,,0
6019,'1479080',1905,,857,10,,,0
6019,'1479081',2005,,858,10,,,0
6019,'1479082',2105,,859,10,,,0
6019,'1479083',2205,,860,10,,,0
6019,'1479103',2304,,880,10,,,0
6019,'1482491',705,,882,10,,,0
6019,'1482492',805,,883,10,,,0
6019,'1482493',905,,884,10,,,0
6019,'1482494',1005,,885,10,,,0
6019,'1482495',1105,,886,10,,,0
6019,'1482496',1205,,887,10,,,0
6019,'1482497',1305,,888,10,,,0
6019,'1482498',1405,,889,10,,,0
6019,'1482499',1505,,890,10,,,0
6019,'1482500',1605,,891,10,,,0
6019,'1482501',1705,,892,10,,,0
6019,'1482502',1805,,893,10,,,0
6019,'1482503',1905,,894,10,,,0
6019,'1482504',2005,,895,10,,,0
6019,'1482505',2105,,896,10,,,0
6019,'1482506',2204,,897,10,,,0
