4019,'1478457',641,,554,13,,,0
4019,'1478458',711,,555,13,,,0
4019,'1478459',756,,556,13,,,0
4019,'1478460',911,,557,13,,,0
4019,'1478461',956,,558,13,,,0
4019,'1478462',1041,,559,13,,,0
4019,'1478463',1111,,560,13,,,0
4019,'1478464',1141,,561,13,,,0
4019,'1478465',1241,,562,13,,,0
4019,'1478466',1311,,563,13,,,0
4019,'1478467',1341,,564,13,,,0
4019,'1478468',1441,,565,13,,,0
4019,'1478469',1511,,566,13,,,0
4019,'1478470',1556,,567,13,,,0
4019,'1478471',1641,,568,13,,,0
4019,'1478472',1711,,569,13,,,0
4019,'1478473',1741,,570,13,,,0
4019,'1478474',1841,,571,13,,,0
4019,'1478475',1911,,572,13,,,0
4019,'1478476',1941,,573,13,,,0
4019,'1478477',2041,,574,13,,,0
4019,'1478478',2111,,575,13,,,0
4019,'1478479',2141,,576,13,,,0
4019,'1478480',2241,,577,13,,,0
4019,'1478483',2311,,580,13,,,0
4019,'1478487',1126,,584,13,,,0
4019,'1478488',1156,,585,13,,,0
4019,'1478489',1256,,586,13,,,0
4019,'1478491',726,,588,13,,,0
4019,'1478495',856,,592,13,,,0
4019,'1478496',811,,593,13,,,0
4019,'1478497',926,,594,13,,,0
4019,'1478498',941,,595,13,,,0
4019,'1478507',1326,,604,13,,,0
4019,'1478508',1541,,605,13,,,0
4019,'1478509',1656,,606,13,,,0
4019,'1478510',1356,,607,13,,,0
4019,'1478511',1456,,608,13,,,0
4019,'1478512',1526,,609,13,,,0
4019,'1478513',1726,,610,13,,,0
4019,'1478514',1056,,611,13,,,0
4019,'1478515',2211,,612,13,,,0
4019,'1478516',2011,,613,13,,,0
4019,'1478517',1426,,614,13,,,0
4019,'1478518',1626,,615,13,,,0
4019,'1478528',611,,625,13,,,0
4019,'1478529',1011,,626,13,,,0
4019,'1478530',1211,,627,13,,,0
4019,'1478531',1411,,628,13,,,0
4019,'1478532',1611,,629,13,,,0
4019,'1478533',1811,,630,13,,,0
4019,'1478540',826,,637,13,,,0
4019,'1478541',1026,,638,13,,,0
4019,'1478542',1226,,639,13,,,0
4019,'1478544',841,,641,13,,,0
4019,'1478545',741,,642,13,,,0
4019,'1479158',611,,644,13,,,0
4019,'1479159',641,,645,13,,,0
4019,'1479160',741,,646,13,,,0
4019,'1479161',811,,647,13,,,0
4019,'1479162',841,,648,13,,,0
4019,'1479163',941,,649,13,,,0
4019,'1479164',1011,,650,13,,,0
4019,'1479165',1041,,651,13,,,0
4019,'1479166',1141,,652,13,,,0
4019,'1479167',1211,,653,13,,,0
4019,'1479168',1241,,654,13,,,0
4019,'1479169',1341,,655,13,,,0
4019,'1479170',1411,,656,13,,,0
4019,'1479171',1441,,657,13,,,0
4019,'1479172',1541,,658,13,,,0
4019,'1479173',1611,,659,13,,,0
4019,'1479174',1641,,660,13,,,0
4019,'1479175',1741,,661,13,,,0
4019,'1479176',1811,,662,13,,,0
4019,'1479177',1841,,663,13,,,0
4019,'1479178',1941,,664,13,,,0
4019,'1479179',2011,,665,13,,,0
4019,'1479180',2041,,666,13,,,0
4019,'1479181',2141,,667,13,,,0
4019,'1479182',2211,,668,13,,,0
4019,'1479183',2241,,669,13,,,0
4019,'1479212',711,,698,13,,,0
4019,'1479213',911,,699,13,,,0
4019,'1479214',1111,,700,13,,,0
4019,'1479215',1311,,701,13,,,0
4019,'1479216',1511,,702,13,,,0
4019,'1479217',1711,,703,13,,,0
4019,'1479218',1911,,704,13,,,0
4019,'1479219',2111,,705,13,,,0
4019,'1479220',2311,,706,13,,,0
4019,'1482406',711,,715,13,,,0
4019,'1482407',741,,716,13,,,0
4019,'1482408',841,,717,13,,,0
4019,'1482409',911,,718,13,,,0
4019,'1482410',941,,719,13,,,0
4019,'1482411',1041,,720,13,,,0
4019,'1482412',1111,,721,13,,,0
4019,'1482413',1141,,722,13,,,0
4019,'1482414',1241,,723,13,,,0
4019,'1482415',1311,,724,13,,,0
4019,'1482416',1341,,725,13,,,0
4019,'1482417',1441,,726,13,,,0
4019,'1482418',1511,,727,13,,,0
4019,'1482419',1541,,728,13,,,0
4019,'1482420',1641,,729,13,,,0
4019,'1482421',1711,,730,13,,,0
4019,'1482422',1741,,731,13,,,0
4019,'1482423',1841,,732,13,,,0
4019,'1482424',1911,,733,13,,,0
4019,'1482425',1941,,734,13,,,0
4019,'1482426',2041,,735,13,,,0
4019,'1482427',2111,,736,13,,,0
4019,'1482449',2141,,758,13,,,0
4019,'1482450',2011,,759,13,,,0
4019,'1482451',1811,,760,13,,,0
4019,'1482460',811,,769,13,,,0
4019,'1482461',1011,,770,13,,,0
4019,'1482462',1211,,771,13,,,0
4019,'1482463',1411,,772,13,,,0
4019,'1482464',1611,,773,13,,,0
4019,'1482583',2211,,774,13,,,0
140000019,'1478707',2408,,1275,46,,,0
140000019,'1478990',2408,,1276,46,,,0
140000019,'1482582',2308,,1277,46,,,0
