6019,'1478821',631,,806,4,,,0
6019,'1478822',731,,807,4,,,0
6019,'1478823',801,,808,4,,,0
6019,'1478824',831,,809,4,,,0
6019,'1478825',901,,810,4,,,0
6019,'1478826',931,,811,4,,,0
6019,'1478827',1001,,812,4,,,0
6019,'1478828',1031,,813,4,,,0
6019,'1478829',1101,,814,4,,,0
6019,'1478830',1131,,815,4,,,0
6019,'1478831',1201,,816,4,,,0
6019,'1478832',1231,,817,4,,,0
6019,'1478833',1301,,818,4,,,0
6019,'1478834',1331,,819,4,,,0
6019,'1478835',1401,,820,4,,,0
6019,'1478836',1431,,821,4,,,0
6019,'1478837',1501,,822,4,,,0
6019,'1478838',1531,,823,4,,,0
6019,'1478839',1601,,824,4,,,0
6019,'1478840',1631,,825,4,,,0
6019,'1478841',1701,,826,4,,,0
6019,'1478842',1731,,827,4,,,0
6019,'1478843',1801,,828,4,,,0
6019,'1478844',1831,,829,4,,,0
6019,'1478845',1901,,830,4,,,0
6019,'1478846',1931,,831,4,,,0
6019,'1478847',2001,,832,4,,,0
6019,'1478848',2031,,833,4,,,0
6019,'1478849',2101,,834,4,,,0
6019,'1478850',2201,,835,4,,,0
6019,'1478851',2301,,836,4,,,0
6019,'1478852',531,,837,4,,,0
6019,'1478853',701,,838,4,,,0
6019,'1478855',601,,840,4,,,0
6019,'1479065',601,,842,4,,,0
6019,'1479066',631,,843,4,,,0
6019,'1479067',701,,844,4,,,0
6019,'1479068',731,,845,4,,,0
6019,'1479069',801,,846,4,,,0
6019,'1479070',901,,847,4,,,0
6019,'1479071',1001,,848,4,,,0
6019,'1479072',1101,,849,4,,,0
6019,'1479073',1201,,850,4,,,0
6019,'1479074',1301,,851,4,,,0
6019,'1479075',1401,,852,4,,,0
6019,'1479076',1501,,853,4,,,0
6019,'1479077',1601,,854,4,,,0
6019,'1479078',1701,,855,4,,,0
6019,'1479079',1801,,856,4,,,0
6019,'1479080',1901,,857,4,,,0
6019,'1479081',2001,,858,4,,,0
6019,'1479082',2101,,859,4,,,0
6019,'1479083',2201,,860,4,,,0
6019,'1479103',2301,,880,4,,,0
6019,'1482491',701,,882,4,,,0
6019,'1482492',801,,883,4,,,0
6019,'1482493',901,,884,4,,,0
6019,'1482494',1001,,885,4,,,0
6019,'1482495',1101,,886,4,,,0
6019,'1482496',1201,,887,4,,,0
6019,'1482497',1301,,888,4,,,0
6019,'1482498',1401,,889,4,,,0
6019,'1482499',1501,,890,4,,,0
6019,'1482500',1601,,891,4,,,0
6019,'1482501',1701,,892,4,,,0
6019,'1482502',1801,,893,4,,,0
6019,'1482503',1901,,894,4,,,0
6019,'1482504',2001,,895,4,,,0
6019,'1482505',2101,,896,4,,,0
6019,'1482506',2201,,897,4,,,0
