2029,'1478547',650,,164,6,,,0
2029,'1478548',728,,165,6,,,0
2029,'1478549',808,,166,6,,,0
2029,'1478550',1008,,167,6,,,0
2029,'1478551',1048,,168,6,,,0
2029,'1478552',1128,,169,6,,,0
2029,'1478553',1208,,170,6,,,0
2029,'1478554',1248,,171,6,,,0
2029,'1478555',1328,,172,6,,,0
2029,'1478556',1408,,173,6,,,0
2029,'1478557',1448,,174,6,,,0
2029,'1478558',1528,,175,6,,,0
2029,'1478559',1608,,176,6,,,0
2029,'1478560',1648,,177,6,,,0
2029,'1478561',1728,,178,6,,,0
2029,'1478562',1808,,179,6,,,0
2029,'1478563',1848,,180,6,,,0
2029,'1478564',1928,,181,6,,,0
2029,'1478565',2008,,182,6,,,0
2029,'1478566',2048,,183,6,,,0
2029,'1478567',2120,,184,6,,,0
2029,'1478568',2250,,185,6,,,0
2029,'1478593',848,,210,6,,,0
2029,'1478594',928,,211,6,,,0
2029,'1478595',550,,212,6,,,0
2029,'1478598',520,,215,6,,,0
2029,'1478600',620,,217,6,,,0
2029,'1478601',705,,218,6,,,0
2029,'1478602',748,,219,6,,,0
2029,'1478603',828,,220,6,,,0
2029,'1478604',908,,221,6,,,0
2029,'1478605',948,,222,6,,,0
2029,'1478606',1028,,223,6,,,0
2029,'1478607',1108,,224,6,,,0
2029,'1478608',1148,,225,6,,,0
2029,'1478609',1228,,226,6,,,0
2029,'1478610',1308,,227,6,,,0
2029,'1478611',1348,,228,6,,,0
2029,'1478612',1428,,229,6,,,0
2029,'1478613',1508,,230,6,,,0
2029,'1478614',1548,,231,6,,,0
2029,'1478615',1628,,232,6,,,0
2029,'1478616',1708,,233,6,,,0
2029,'1478617',1748,,234,6,,,0
2029,'1478618',1828,,235,6,,,0
2029,'1478619',1908,,236,6,,,0
2029,'1478620',1948,,237,6,,,0
2029,'1478621',2028,,238,6,,,0
2029,'1478622',2108,,239,6,,,0
2029,'1479290',650,,263,6,,,0
2029,'1479291',750,,264,6,,,0
2029,'1479299',826,,272,6,,,0
2029,'1479300',906,,273,6,,,0
2029,'1479301',946,,274,6,,,0
2029,'1479302',1026,,275,6,,,0
2029,'1479303',1106,,276,6,,,0
2029,'1479304',1146,,277,6,,,0
2029,'1479305',1226,,278,6,,,0
2029,'1479315',1306,,288,6,,,0
2029,'1479316',1346,,289,6,,,0
2029,'1479317',1426,,290,6,,,0
2029,'1479318',1506,,291,6,,,0
2029,'1479319',1546,,292,6,,,0
2029,'1479320',1626,,293,6,,,0
2029,'1479321',1706,,294,6,,,0
2029,'1479322',1746,,295,6,,,0
2029,'1479324',1906,,297,6,,,0
2029,'1479325',1946,,298,6,,,0
2029,'1479328',2026,,301,6,,,0
2029,'1479329',2100,,302,6,,,0
2029,'1479330',1826,,303,6,,,0
2029,'1479332',2300,,305,6,,,0
2029,'1479333',2200,,306,6,,,0
2029,'1482329',750,,329,6,,,0
2029,'1482330',828,,330,6,,,0
2029,'1482331',908,,331,6,,,0
2029,'1482332',948,,332,6,,,0
2029,'1482333',1028,,333,6,,,0
2029,'1482334',1108,,334,6,,,0
2029,'1482335',1148,,335,6,,,0
2029,'1482336',1228,,336,6,,,0
2029,'1482337',1308,,337,6,,,0
2029,'1482338',1348,,338,6,,,0
2029,'1482339',1428,,339,6,,,0
2029,'1482340',1508,,340,6,,,0
2029,'1482341',1628,,341,6,,,0
2029,'1482342',1548,,342,6,,,0
2029,'1482343',1708,,343,6,,,0
2029,'1482344',1828,,344,6,,,0
2029,'1482345',1748,,345,6,,,0
2029,'1482346',2020,,346,6,,,0
2029,'1482347',1920,,347,6,,,0
2029,'1482348',2120,,348,6,,,0
2029,'1482350',2220,,350,6,,,0
