10005019,'1478891',625,,1129,22,,,0
10005019,'1478892',725,,1130,22,,,0
10005019,'1478893',755,,1131,22,,,0
10005019,'1478894',825,,1132,22,,,0
10005019,'1478895',855,,1133,22,,,0
10005019,'1478896',925,,1134,22,,,0
10005019,'1478897',955,,1135,22,,,0
10005019,'1478898',1025,,1136,22,,,0
10005019,'1478899',1055,,1137,22,,,0
10005019,'1478900',1125,,1138,22,,,0
10005019,'1478901',1155,,1139,22,,,0
10005019,'1478902',1225,,1140,22,,,0
10005019,'1478903',1255,,1141,22,,,0
10005019,'1478904',1325,,1142,22,,,0
10005019,'1478905',1355,,1143,22,,,0
10005019,'1478906',1425,,1144,22,,,0
10005019,'1478907',1455,,1145,22,,,0
10005019,'1478908',1525,,1146,22,,,0
10005019,'1478909',1555,,1147,22,,,0
10005019,'1478910',1625,,1148,22,,,0
10005019,'1478911',1655,,1149,22,,,0
10005019,'1478912',1725,,1150,22,,,0
10005019,'1478913',1755,,1151,22,,,0
10005019,'1478914',1825,,1152,22,,,0
10005019,'1478915',1855,,1153,22,,,0
10005019,'1478916',1925,,1154,22,,,0
10005019,'1478917',1955,,1155,22,,,0
10005019,'1478918',2025,,1156,22,,,0
10005019,'1478919',2055,,1157,22,,,0
10005019,'1478920',2125,,1158,22,,,0
10005019,'1478921',2325,,1159,22,,,0
10005019,'1478922',2225,,1160,22,,,0
10005019,'1478923',655,,1161,22,,,0
10005019,'1479129',622,,1162,22,,,0
10005019,'1479130',722,,1163,22,,,0
10005019,'1479131',825,,1164,22,,,0
10005019,'1479132',855,,1165,22,,,0
10005019,'1479133',925,,1166,22,,,0
10005019,'1479134',955,,1167,22,,,0
10005019,'1479135',1025,,1168,22,,,0
10005019,'1479136',1055,,1169,22,,,0
10005019,'1479137',1125,,1170,22,,,0
10005019,'1479138',1155,,1171,22,,,0
10005019,'1479139',1225,,1172,22,,,0
10005019,'1479140',1255,,1173,22,,,0
10005019,'1479141',1325,,1174,22,,,0
10005019,'1479142',1355,,1175,22,,,0
10005019,'1479143',1425,,1176,22,,,0
10005019,'1479144',1455,,1177,22,,,0
10005019,'1479145',1525,,1178,22,,,0
10005019,'1479146',1555,,1179,22,,,0
10005019,'1479147',1625,,1180,22,,,0
10005019,'1479148',1655,,1181,22,,,0
10005019,'1479149',1725,,1182,22,,,0
10005019,'1479150',1755,,1183,22,,,0
10005019,'1479151',1825,,1184,22,,,0
10005019,'1479152',1855,,1185,22,,,0
10005019,'1479153',1925,,1186,22,,,0
10005019,'1479154',2025,,1187,22,,,0
10005019,'1479155',2125,,1188,22,,,0
10005019,'1479156',2225,,1189,22,,,0
10005019,'1479157',2325,,1190,22,,,0
10005019,'1482465',725,,1191,22,,,0
10005019,'1482466',825,,1192,22,,,0
10005019,'1482467',925,,1193,22,,,0
10005019,'1482468',1025,,1194,22,,,0
10005019,'1482469',1125,,1195,22,,,0
10005019,'1482470',1225,,1196,22,,,0
10005019,'1482471',1325,,1197,22,,,0
10005019,'1482472',1425,,1198,22,,,0
10005019,'1482473',1525,,1199,22,,,0
10005019,'1482474',1625,,1200,22,,,0
10005019,'1482475',1725,,1201,22,,,0
10005019,'1482476',1825,,1202,22,,,0
10005019,'1482477',1855,,1203,22,,,0
10005019,'1482478',1955,,1204,22,,,0
10005019,'1482479',2055,,1205,22,,,0
10005019,'1482480',2155,,1206,22,,,0
