8019,'1478708',645,,1050,22,,,0
8019,'1478709',715,,1051,22,,,0
8019,'1478710',745,,1052,22,,,0
8019,'1478711',815,,1053,22,,,0
8019,'1478712',845,,1054,22,,,0
8019,'1478713',915,,1055,22,,,0
8019,'1478714',945,,1056,22,,,0
8019,'1478715',1017,,1057,22,,,0
8019,'1478716',1047,,1058,22,,,0
8019,'1478717',1117,,1059,22,,,0
8019,'1478718',1147,,1060,22,,,0
8019,'1478719',1217,,1061,22,,,0
8019,'1478720',1247,,1062,22,,,0
8019,'1478721',1317,,1063,22,,,0
8019,'1478722',1347,,1064,22,,,0
8019,'1478723',1417,,1065,22,,,0
8019,'1478724',1447,,1066,22,,,0
8019,'1478725',1517,,1067,22,,,0
8019,'1478726',1547,,1068,22,,,0
8019,'1478727',1617,,1069,22,,,0
8019,'1478728',1647,,1070,22,,,0
8019,'1478729',1717,,1071,22,,,0
8019,'1478730',1745,,1072,22,,,0
8019,'1478731',1815,,1073,22,,,0
8019,'1478732',1845,,1074,22,,,0
8019,'1478733',1945,,1075,22,,,0
8019,'1478734',2045,,1076,22,,,0
8019,'1478735',2145,,1077,22,,,0
8019,'1478736',2245,,1078,22,,,0
8019,'1478991',1447,,1079,22,,,0
8019,'1478992',1347,,1080,22,,,0
8019,'1478993',1517,,1081,22,,,0
8019,'1478994',1617,,1082,22,,,0
8019,'1478995',1717,,1083,22,,,0
8019,'1478996',1815,,1084,22,,,0
8019,'1478997',1915,,1085,22,,,0
8019,'1478998',2045,,1086,22,,,0
8019,'1478999',2215,,1087,22,,,0
8019,'1479000',1547,,1088,22,,,0
8019,'1479001',1745,,1089,22,,,0
8019,'1479002',1647,,1090,22,,,0
8019,'1479003',1845,,1091,22,,,0
8019,'1479004',2115,,1092,22,,,0
8019,'1479005',1945,,1093,22,,,0
8019,'1479006',1417,,1094,22,,,0
8019,'1479007',645,,1095,22,,,0
8019,'1479008',745,,1096,22,,,0
8019,'1479009',845,,1097,22,,,0
8019,'1479010',915,,1098,22,,,0
8019,'1479011',945,,1099,22,,,0
8019,'1479012',1017,,1100,22,,,0
8019,'1479013',1047,,1101,22,,,0
8019,'1479014',1117,,1102,22,,,0
8019,'1479015',1147,,1103,22,,,0
8019,'1479016',1217,,1104,22,,,0
8019,'1479017',1247,,1105,22,,,0
8019,'1479018',1317,,1106,22,,,0
8019,'1482560',745,,1107,22,,,0
8019,'1482561',845,,1108,22,,,0
8019,'1482562',945,,1109,22,,,0
8019,'1482563',1047,,1110,22,,,0
8019,'1482564',1247,,1111,22,,,0
8019,'1482565',1317,,1112,22,,,0
8019,'1482566',1347,,1113,22,,,0
8019,'1482567',1417,,1114,22,,,0
8019,'1482568',1447,,1115,22,,,0
8019,'1482569',1517,,1116,22,,,0
8019,'1482570',1547,,1117,22,,,0
8019,'1482571',1617,,1118,22,,,0
8019,'1482572',1647,,1119,22,,,0
8019,'1482573',1717,,1120,22,,,0
8019,'1482574',1745,,1121,22,,,0
8019,'1482575',1815,,1122,22,,,0
8019,'1482576',1845,,1123,22,,,0
8019,'1482577',1945,,1124,22,,,0
8019,'1482578',2045,,1125,22,,,0
8019,'1482579',2145,,1126,22,,,0
8019,'1482580',1146,,1127,22,,,0
8019,'1482581',1217,,1128,22,,,0
