6019,'1478821',630,,806,2,,,0
6019,'1478822',730,,807,2,,,0
6019,'1478823',800,,808,2,,,0
6019,'1478824',830,,809,2,,,0
6019,'1478825',900,,810,2,,,0
6019,'1478826',930,,811,2,,,0
6019,'1478827',1000,,812,2,,,0
6019,'1478828',1030,,813,2,,,0
6019,'1478829',1100,,814,2,,,0
6019,'1478830',1130,,815,2,,,0
6019,'1478831',1200,,816,2,,,0
6019,'1478832',1230,,817,2,,,0
6019,'1478833',1300,,818,2,,,0
6019,'1478834',1330,,819,2,,,0
6019,'1478835',1400,,820,2,,,0
6019,'1478836',1430,,821,2,,,0
6019,'1478837',1500,,822,2,,,0
6019,'1478838',1530,,823,2,,,0
6019,'1478839',1600,,824,2,,,0
6019,'1478840',1630,,825,2,,,0
6019,'1478841',1700,,826,2,,,0
6019,'1478842',1730,,827,2,,,0
6019,'1478843',1800,,828,2,,,0
6019,'1478844',1830,,829,2,,,0
6019,'1478845',1900,,830,2,,,0
6019,'1478846',1930,,831,2,,,0
6019,'1478847',2000,,832,2,,,0
6019,'1478848',2030,,833,2,,,0
6019,'1478849',2100,,834,2,,,0
6019,'1478850',2200,,835,2,,,0
6019,'1478851',2300,,836,2,,,0
6019,'1478852',530,,837,2,,,0
6019,'1478853',700,,838,2,,,0
6019,'1478855',600,,840,2,,,0
6019,'1479065',600,,842,2,,,0
6019,'1479066',630,,843,2,,,0
6019,'1479067',700,,844,2,,,0
6019,'1479068',730,,845,2,,,0
6019,'1479069',800,,846,2,,,0
6019,'1479070',900,,847,2,,,0
6019,'1479071',1000,,848,2,,,0
6019,'1479072',1100,,849,2,,,0
6019,'1479073',1200,,850,2,,,0
6019,'1479074',1300,,851,2,,,0
6019,'1479075',1400,,852,2,,,0
6019,'1479076',1500,,853,2,,,0
6019,'1479077',1600,,854,2,,,0
6019,'1479078',1700,,855,2,,,0
6019,'1479079',1800,,856,2,,,0
6019,'1479080',1900,,857,2,,,0
6019,'1479081',2000,,858,2,,,0
6019,'1479082',2100,,859,2,,,0
6019,'1479083',2200,,860,2,,,0
6019,'1479103',2300,,880,2,,,0
6019,'1482491',700,,882,2,,,0
6019,'1482492',800,,883,2,,,0
6019,'1482493',900,,884,2,,,0
6019,'1482494',1000,,885,2,,,0
6019,'1482495',1100,,886,2,,,0
6019,'1482496',1200,,887,2,,,0
6019,'1482497',1300,,888,2,,,0
6019,'1482498',1400,,889,2,,,0
6019,'1482499',1500,,890,2,,,0
6019,'1482500',1600,,891,2,,,0
6019,'1482501',1700,,892,2,,,0
6019,'1482502',1800,,893,2,,,0
6019,'1482503',1900,,894,2,,,0
6019,'1482504',2000,,895,2,,,0
6019,'1482505',2100,,896,2,,,0
6019,'1482506',2200,,897,2,,,0
