2019,'1478569',637,,186,10,,,0
2019,'1478570',707,,187,10,,,0
2019,'1478571',1431,,188,10,,,0
2019,'1478572',751,,189,10,,,0
2019,'1478573',1511,,190,10,,,0
2019,'1478574',1111,,191,10,,,0
2019,'1478575',951,,192,10,,,0
2019,'1478576',1231,,193,10,,,0
2019,'1478577',831,,194,10,,,0
2019,'1478578',1151,,195,10,,,0
2019,'1478579',1311,,196,10,,,0
2019,'1478580',1031,,197,10,,,0
2019,'1478581',1351,,198,10,,,0
2019,'1478582',1551,,199,10,,,0
2019,'1478583',1631,,200,10,,,0
2019,'1478584',1751,,201,10,,,0
2019,'1478585',1711,,202,10,,,0
2019,'1478586',1911,,203,10,,,0
2019,'1478587',1831,,204,10,,,0
2019,'1478588',1951,,205,10,,,0
2019,'1478589',2031,,206,10,,,0
2019,'1478590',2107,,207,10,,,0
2019,'1478591',2237,,208,10,,,0
2019,'1478592',911,,209,10,,,0
2019,'1478596',507,,213,10,,,0
2019,'1478597',537,,214,10,,,0
2019,'1478599',607,,216,10,,,0
2019,'1478623',727,,240,10,,,0
2019,'1478624',2051,,241,10,,,0
2019,'1478625',811,,242,10,,,0
2019,'1478626',851,,243,10,,,0
2019,'1478627',931,,244,10,,,0
2019,'1478628',1011,,245,10,,,0
2019,'1478629',1051,,246,10,,,0
2019,'1478630',1131,,247,10,,,0
2019,'1478631',1211,,248,10,,,0
2019,'1478632',1251,,249,10,,,0
2019,'1478633',1331,,250,10,,,0
2019,'1478634',1411,,251,10,,,0
2019,'1478635',1451,,252,10,,,0
2019,'1478636',1531,,253,10,,,0
2019,'1478637',1611,,254,10,,,0
2019,'1478638',1651,,255,10,,,0
2019,'1478639',1731,,256,10,,,0
2019,'1478640',1811,,257,10,,,0
2019,'1478641',1851,,258,10,,,0
2019,'1478642',1931,,259,10,,,0
2019,'1478643',2011,,260,10,,,0
2019,'1479288',637,,261,10,,,0
2019,'1479289',737,,262,10,,,0
2019,'1479292',807,,265,10,,,0
2019,'1479293',848,,266,10,,,0
2019,'1479294',928,,267,10,,,0
2019,'1479295',1008,,268,10,,,0
2019,'1479296',1048,,269,10,,,0
2019,'1479297',1128,,270,10,,,0
2019,'1479298',1208,,271,10,,,0
2019,'1479306',1248,,279,10,,,0
2019,'1479307',1328,,280,10,,,0
2019,'1479308',1408,,281,10,,,0
2019,'1479309',1448,,282,10,,,0
2019,'1479310',1528,,283,10,,,0
2019,'1479311',1608,,284,10,,,0
2019,'1479312',1648,,285,10,,,0
2019,'1479313',1728,,286,10,,,0
2019,'1479314',1808,,287,10,,,0
2019,'1479323',1928,,296,10,,,0
2019,'1479326',2047,,299,10,,,0
2019,'1479327',2147,,300,10,,,0
2019,'1479331',2008,,304,10,,,0
2019,'1479334',2247,,307,10,,,0
2019,'1479335',1848,,308,10,,,0
2019,'1482309',737,,309,10,,,0
2019,'1482310',811,,310,10,,,0
2019,'1482311',851,,311,10,,,0
2019,'1482312',931,,312,10,,,0
2019,'1482313',1011,,313,10,,,0
2019,'1482314',1051,,314,10,,,0
2019,'1482315',1131,,315,10,,,0
2019,'1482316',1211,,316,10,,,0
2019,'1482317',1251,,317,10,,,0
2019,'1482318',1331,,318,10,,,0
2019,'1482319',1411,,319,10,,,0
2019,'1482320',1451,,320,10,,,0
2019,'1482321',1531,,321,10,,,0
2019,'1482322',1611,,322,10,,,0
2019,'1482323',1651,,323,10,,,0
2019,'1482324',1731,,324,10,,,0
2019,'1482325',1811,,325,10,,,0
2019,'1482326',1907,,326,10,,,0
2019,'1482327',2007,,327,10,,,0
2019,'1482328',2107,,328,10,,,0
2019,'1482349',2207,,349,10,,,0
