6029,'1478790',623,,775,29,,,0
6029,'1478791',723,,776,29,,,0
6029,'1478792',753,,777,29,,,0
6029,'1478793',823,,778,29,,,0
6029,'1478794',853,,779,29,,,0
6029,'1478795',923,,780,29,,,0
6029,'1478796',953,,781,29,,,0
6029,'1478797',1023,,782,29,,,0
6029,'1478798',1053,,783,29,,,0
6029,'1478799',1123,,784,29,,,0
6029,'1478800',1153,,785,29,,,0
6029,'1478801',1223,,786,29,,,0
6029,'1478802',1253,,787,29,,,0
6029,'1478803',1323,,788,29,,,0
6029,'1478804',1353,,789,29,,,0
6029,'1478805',1423,,790,29,,,0
6029,'1478806',1453,,791,29,,,0
6029,'1478807',1523,,792,29,,,0
6029,'1478808',1553,,793,29,,,0
6029,'1478809',1623,,794,29,,,0
6029,'1478810',1653,,795,29,,,0
6029,'1478811',1723,,796,29,,,0
6029,'1478812',1753,,797,29,,,0
6029,'1478813',1823,,798,29,,,0
6029,'1478814',1853,,799,29,,,0
6029,'1478815',1923,,800,29,,,0
6029,'1478816',1953,,801,29,,,0
6029,'1478817',2023,,802,29,,,0
6029,'1478818',2053,,803,29,,,0
6029,'1478819',2153,,804,29,,,0
6029,'1478820',2253,,805,29,,,0
6029,'1478854',553,,839,29,,,0
6029,'1478856',653,,841,29,,,0
6029,'1479084',653,,861,29,,,0
6029,'1479085',723,,862,29,,,0
6029,'1479086',753,,863,29,,,0
6029,'1479087',853,,864,29,,,0
6029,'1479088',953,,865,29,,,0
6029,'1479089',1053,,866,29,,,0
6029,'1479090',1153,,867,29,,,0
6029,'1479091',1253,,868,29,,,0
6029,'1479092',1353,,869,29,,,0
6029,'1479093',1453,,870,29,,,0
6029,'1479094',1553,,871,29,,,0
6029,'1479095',1653,,872,29,,,0
6029,'1479096',1753,,873,29,,,0
6029,'1479097',1853,,874,29,,,0
6029,'1479098',1953,,875,29,,,0
6029,'1479099',2053,,876,29,,,0
6029,'1479100',2153,,877,29,,,0
6029,'1479101',2253,,878,29,,,0
6029,'1479102',623,,879,29,,,0
6029,'1479104',823,,881,29,,,0
6029,'1482507',753,,898,29,,,0
6029,'1482508',853,,899,29,,,0
6029,'1482509',953,,900,29,,,0
6029,'1482510',1153,,901,29,,,0
6029,'1482511',1053,,902,29,,,0
6029,'1482512',1353,,903,29,,,0
6029,'1482513',1253,,904,29,,,0
6029,'1482514',1453,,905,29,,,0
6029,'1482515',1553,,906,29,,,0
6029,'1482516',1653,,907,29,,,0
6029,'1482517',1753,,908,29,,,0
6029,'1482518',1853,,909,29,,,0
6029,'1482519',1953,,910,29,,,0
6029,'1482520',2053,,911,29,,,0
6029,'1482521',2153,,912,29,,,0
140000019,'1478707',2353,,1275,29,,,0
140000019,'1478990',2353,,1276,29,,,0
140000019,'1482582',2253,,1277,29,,,0
