4019,'1478457',642,,554,14,4,,0
4019,'1478458',712,,555,14,4,,0
4019,'1478459',757,,556,14,4,,0
4019,'1478460',912,,557,14,4,,0
4019,'1478461',957,,558,14,4,,0
4019,'1478462',1042,,559,14,4,,0
4019,'1478463',1112,,560,14,4,,0
4019,'1478464',1142,,561,14,4,,0
4019,'1478465',1242,,562,14,4,,0
4019,'1478466',1312,,563,14,4,,0
4019,'1478467',1342,,564,14,4,,0
4019,'1478468',1442,,565,14,4,,0
4019,'1478469',1512,,566,14,4,,0
4019,'1478470',1557,,567,14,4,,0
4019,'1478471',1642,,568,14,4,,0
4019,'1478472',1712,,569,14,4,,0
4019,'1478473',1742,,570,14,4,,0
4019,'1478474',1842,,571,14,4,,0
4019,'1478475',1912,,572,14,4,,0
4019,'1478476',1942,,573,14,4,,0
4019,'1478477',2042,,574,14,4,,0
4019,'1478478',2112,,575,14,4,,0
4019,'1478479',2142,,576,14,4,,0
4019,'1478480',2242,,577,14,4,,0
4019,'1478483',2312,,580,14,4,,0
4019,'1478487',1127,,584,14,4,,0
4019,'1478488',1157,,585,14,4,,0
4019,'1478489',1257,,586,14,4,,0
4019,'1478491',727,,588,14,4,,0
4019,'1478495',857,,592,14,4,,0
4019,'1478496',812,,593,14,4,,0
4019,'1478497',927,,594,14,4,,0
4019,'1478498',942,,595,14,4,,0
4019,'1478507',1327,,604,14,4,,0
4019,'1478508',1542,,605,14,4,,0
4019,'1478509',1657,,606,14,4,,0
4019,'1478510',1357,,607,14,4,,0
4019,'1478511',1457,,608,14,4,,0
4019,'1478512',1527,,609,14,4,,0
4019,'1478513',1727,,610,14,4,,0
4019,'1478514',1057,,611,14,4,,0
4019,'1478515',2212,,612,14,4,,0
4019,'1478516',2012,,613,14,4,,0
4019,'1478517',1427,,614,14,4,,0
4019,'1478518',1627,,615,14,4,,0
4019,'1478528',612,,625,14,4,,0
4019,'1478529',1012,,626,14,4,,0
4019,'1478530',1212,,627,14,4,,0
4019,'1478531',1412,,628,14,4,,0
4019,'1478532',1612,,629,14,4,,0
4019,'1478533',1812,,630,14,4,,0
4019,'1478540',827,,637,14,4,,0
4019,'1478541',1027,,638,14,4,,0
4019,'1478542',1227,,639,14,4,,0
4019,'1478544',842,,641,14,4,,0
4019,'1478545',742,,642,14,4,,0
4019,'1479158',612,,644,14,4,,0
4019,'1479159',642,,645,14,4,,0
4019,'1479160',742,,646,14,4,,0
4019,'1479161',812,,647,14,4,,0
4019,'1479162',842,,648,14,4,,0
4019,'1479163',942,,649,14,4,,0
4019,'1479164',1012,,650,14,4,,0
4019,'1479165',1042,,651,14,4,,0
4019,'1479166',1142,,652,14,4,,0
4019,'1479167',1212,,653,14,4,,0
4019,'1479168',1242,,654,14,4,,0
4019,'1479169',1342,,655,14,4,,0
4019,'1479170',1412,,656,14,4,,0
4019,'1479171',1442,,657,14,4,,0
4019,'1479172',1542,,658,14,4,,0
4019,'1479173',1612,,659,14,4,,0
4019,'1479174',1642,,660,14,4,,0
4019,'1479175',1742,,661,14,4,,0
4019,'1479176',1812,,662,14,4,,0
4019,'1479177',1842,,663,14,4,,0
4019,'1479178',1942,,664,14,4,,0
4019,'1479179',2012,,665,14,4,,0
4019,'1479180',2042,,666,14,4,,0
4019,'1479181',2142,,667,14,4,,0
4019,'1479182',2212,,668,14,4,,0
4019,'1479183',2242,,669,14,4,,0
4019,'1479212',712,,698,14,4,,0
4019,'1479213',912,,699,14,4,,0
4019,'1479214',1112,,700,14,4,,0
4019,'1479215',1312,,701,14,4,,0
4019,'1479216',1512,,702,14,4,,0
4019,'1479217',1712,,703,14,4,,0
4019,'1479218',1912,,704,14,4,,0
4019,'1479219',2112,,705,14,4,,0
4019,'1479220',2312,,706,14,4,,0
4019,'1482406',712,,715,14,4,,0
4019,'1482407',742,,716,14,4,,0
4019,'1482408',842,,717,14,4,,0
4019,'1482409',912,,718,14,4,,0
4019,'1482410',942,,719,14,4,,0
4019,'1482411',1042,,720,14,4,,0
4019,'1482412',1112,,721,14,4,,0
4019,'1482413',1142,,722,14,4,,0
4019,'1482414',1242,,723,14,4,,0
4019,'1482415',1312,,724,14,4,,0
4019,'1482416',1342,,725,14,4,,0
4019,'1482417',1442,,726,14,4,,0
4019,'1482418',1512,,727,14,4,,0
4019,'1482419',1542,,728,14,4,,0
4019,'1482420',1642,,729,14,4,,0
4019,'1482421',1712,,730,14,4,,0
4019,'1482422',1742,,731,14,4,,0
4019,'1482423',1842,,732,14,4,,0
4019,'1482424',1912,,733,14,4,,0
4019,'1482425',1942,,734,14,4,,0
4019,'1482426',2042,,735,14,4,,0
4019,'1482427',2112,,736,14,4,,0
4019,'1482449',2142,,758,14,4,,0
4019,'1482450',2012,,759,14,4,,0
4019,'1482451',1812,,760,14,4,,0
4019,'1482460',812,,769,14,4,,0
4019,'1482461',1012,,770,14,4,,0
4019,'1482462',1212,,771,14,4,,0
4019,'1482463',1412,,772,14,4,,0
4019,'1482464',1612,,773,14,4,,0
4019,'1482583',2212,,774,14,4,,0
4029,'1478434',615,,531,1,,,0
4029,'1478435',645,,532,1,,,0
4029,'1478436',730,,533,1,,,0
4029,'1478437',845,,534,1,,,0
4029,'1478438',930,,535,1,,,0
4029,'1478439',1015,,536,1,,,0
4029,'1478440',1030,,537,1,,,0
4029,'1478441',1130,,538,1,,,0
4029,'1478442',1215,,539,1,,,0
4029,'1478443',1230,,540,1,,,0
4029,'1478444',1330,,541,1,,,0
4029,'1478445',1415,,542,1,,,0
4029,'1478446',1430,,543,1,,,0
4029,'1478447',1530,,544,1,,,0
4029,'1478448',1615,,545,1,,,0
4029,'1478449',1630,,546,1,,,0
4029,'1478450',1730,,547,1,,,0
4029,'1478451',1815,,548,1,,,0
4029,'1478452',1945,,549,1,,,0
4029,'1478453',2015,,550,1,,,0
4029,'1478454',2045,,551,1,,,0
4029,'1478455',2145,,552,1,,,0
4029,'1478456',2215,,553,1,,,0
4029,'1478481',2245,,578,1,,,0
4029,'1478482',1845,,579,1,,,0
4029,'1478484',1300,,581,1,,,0
4029,'1478485',1145,,582,1,,,0
4029,'1478486',1245,,583,1,,,0
4029,'1478490',700,,587,1,,,0
4029,'1478492',945,,589,1,,,0
4029,'1478493',900,,590,1,,,0
4029,'1478494',830,,591,1,,,0
4029,'1478499',1045,,596,1,,,0
4029,'1478500',1100,,597,1,,,0
4029,'1478501',1345,,598,1,,,0
4029,'1478502',1445,,599,1,,,0
4029,'1478503',1645,,600,1,,,0
4029,'1478504',1700,,601,1,,,0
4029,'1478505',1545,,602,1,,,0
4029,'1478506',1500,,603,1,,,0
4029,'1478519',715,,616,1,,,0
4029,'1478520',915,,617,1,,,0
4029,'1478521',1115,,618,1,,,0
4029,'1478522',1315,,619,1,,,0
4029,'1478523',1515,,620,1,,,0
4029,'1478524',1715,,621,1,,,0
4029,'1478525',1915,,622,1,,,0
4029,'1478526',2115,,623,1,,,0
4029,'1478527',2315,,624,1,,,0
4029,'1478534',800,,631,1,,,0
4029,'1478535',1000,,632,1,,,0
4029,'1478536',1200,,633,1,,,0
4029,'1478537',1400,,634,1,,,0
4029,'1478538',1600,,635,1,,,0
4029,'1478539',1745,,636,1,,,0
4029,'1478543',815,,640,1,,,0
4029,'1478546',745,,643,1,,,0
4029,'1479184',615,,670,1,,,0
4029,'1479185',645,,671,1,,,0
4029,'1479186',815,,672,1,,,0
4029,'1479187',745,,673,1,,,0
4029,'1479188',845,,674,1,,,0
4029,'1479189',945,,675,1,,,0
4029,'1479190',1015,,676,1,,,0
4029,'1479191',1145,,677,1,,,0
4029,'1479192',1045,,678,1,,,0
4029,'1479193',1245,,679,1,,,0
4029,'1479194',1215,,680,1,,,0
4029,'1479195',1345,,681,1,,,0
4029,'1479196',1445,,682,1,,,0
4029,'1479197',1415,,683,1,,,0
4029,'1479198',1545,,684,1,,,0
4029,'1479199',1645,,685,1,,,0
4029,'1479200',1615,,686,1,,,0
4029,'1479201',1745,,687,1,,,0
4029,'1479202',2215,,688,1,,,0
4029,'1479203',1815,,689,1,,,0
4029,'1479204',1845,,690,1,,,0
4029,'1479205',1945,,691,1,,,0
4029,'1479206',2015,,692,1,,,0
4029,'1479207',2045,,693,1,,,0
4029,'1479208',2145,,694,1,,,0
4029,'1479209',2245,,695,1,,,0
4029,'1479210',2315,,696,1,,,0
4029,'1479211',2115,,697,1,,,0
4029,'1479221',715,,707,1,,,0
4029,'1479222',915,,708,1,,,0
4029,'1479223',1115,,709,1,,,0
4029,'1479224',1315,,710,1,,,0
4029,'1479225',1515,,711,1,,,0
4029,'1479226',1715,,712,1,,,0
4029,'1479227',1915,,713,1,,,0
4029,'1482405',2115,,714,1,,,0
4029,'1482428',715,,737,1,,,0
4029,'1482429',815,,738,1,,,0
4029,'1482430',845,,739,1,,,0
4029,'1482431',915,,740,1,,,0
4029,'1482432',1015,,741,1,,,0
4029,'1482433',1045,,742,1,,,0
4029,'1482434',1115,,743,1,,,0
4029,'1482435',1215,,744,1,,,0
4029,'1482436',1245,,745,1,,,0
4029,'1482437',1315,,746,1,,,0
4029,'1482438',1415,,747,1,,,0
4029,'1482439',1445,,748,1,,,0
4029,'1482440',1515,,749,1,,,0
4029,'1482441',1615,,750,1,,,0
4029,'1482442',1645,,751,1,,,0
4029,'1482443',1715,,752,1,,,0
4029,'1482444',1815,,753,1,,,0
4029,'1482445',1845,,754,1,,,0
4029,'1482446',1915,,755,1,,,0
4029,'1482447',2015,,756,1,,,0
4029,'1482448',2045,,757,1,,,0
4029,'1482452',745,,761,1,,,0
4029,'1482453',945,,762,1,,,0
4029,'1482454',1145,,763,1,,,0
4029,'1482455',1345,,764,1,,,0
4029,'1482456',1545,,765,1,,,0
4029,'1482457',1745,,766,1,,,0
4029,'1482458',1945,,767,1,,,0
4029,'1482459',2145,,768,1,,,0
