1029,'1478644',611,,1,9,,,0
1029,'1478645',641,,2,9,,,0
1029,'1478646',711,,3,9,,,0
1029,'1478647',741,,4,9,,,0
1029,'1478648',811,,5,9,,,0
1029,'1478649',841,,6,9,,,0
1029,'1478650',911,,7,9,,,0
1029,'1478651',941,,8,9,,,0
1029,'1478652',1011,,9,9,,,0
1029,'1478653',1041,,10,9,,,0
1029,'1478654',1115,,11,9,,,0
1029,'1478655',1155,,12,9,,,0
1029,'1478656',1235,,13,9,,,0
1029,'1478657',1315,,14,9,,,0
1029,'1478658',1355,,15,9,,,0
1029,'1478659',1435,,16,9,,,0
1029,'1478660',1515,,17,9,,,0
1029,'1478661',1555,,18,9,,,0
1029,'1478662',1635,,19,9,,,0
1029,'1478663',1715,,20,9,,,0
1029,'1478664',1755,,21,9,,,0
1029,'1478665',1826,,22,9,,,0
1029,'1478666',1856,,23,9,,,0
1029,'1478667',1926,,24,9,,,0
1029,'1478668',1956,,25,9,,,0
1029,'1478669',2026,,26,9,,,0
1029,'1478670',2056,,27,9,,,0
1029,'1478671',2126,,28,9,,,0
1029,'1478672',2156,,29,9,,,0
1029,'1478673',2226,,30,9,,,0
1029,'1478674',2256,,31,9,,,0
1029,'1478706',2326,,63,9,,,0
1029,'1479336',626,,64,9,,,0
1029,'1479337',726,,65,9,,,0
1029,'1479340',826,,68,9,,,0
1029,'1479341',856,,69,9,,,0
1029,'1479342',926,,70,9,,,0
1029,'1479343',956,,71,9,,,0
1029,'1479344',1035,,72,9,,,0
1029,'1479345',1115,,73,9,,,0
1029,'1479353',1155,,81,9,,,0
1029,'1479354',1235,,82,9,,,0
1029,'1479355',1315,,83,9,,,0
1029,'1479356',2136,,84,9,,,0
1029,'1479357',1355,,85,9,,,0
1029,'1479358',1435,,86,9,,,0
1029,'1479359',1515,,87,9,,,0
1029,'1479361',1555,,89,9,,,0
1029,'1479362',1635,,90,9,,,0
1029,'1479363',1715,,91,9,,,0
1029,'1479364',1755,,92,9,,,0
1029,'1479365',1826,,93,9,,,0
1029,'1479377',2236,,105,9,,,0
1029,'1479378',1856,,106,9,,,0
1029,'1479379',1926,,107,9,,,0
1029,'1479380',1956,,108,9,,,0
1029,'1479381',2026,,109,9,,,0
1029,'1479382',2056,,110,9,,,0
1029,'1482285',726,,140,9,,,0
1029,'1482286',826,,141,9,,,0
1029,'1482287',856,,142,9,,,0
1029,'1482288',926,,143,9,,,0
1029,'1482289',956,,144,9,,,0
1029,'1482290',1026,,145,9,,,0
1029,'1482291',1056,,146,9,,,0
1029,'1482292',1135,,147,9,,,0
1029,'1482293',1215,,148,9,,,0
1029,'1482294',1255,,149,9,,,0
1029,'1482295',1335,,150,9,,,0
1029,'1482296',1415,,151,9,,,0
1029,'1482297',1455,,152,9,,,0
1029,'1482298',1535,,153,9,,,0
1029,'1482299',1615,,154,9,,,0
1029,'1482300',1655,,155,9,,,0
1029,'1482301',1726,,156,9,,,0
1029,'1482302',1756,,157,9,,,0
1029,'1482303',1826,,158,9,,,0
1029,'1482304',1856,,159,9,,,0
1029,'1482305',1926,,160,9,,,0
1029,'1482306',2026,,161,9,,,0
1029,'1482307',2126,,162,9,,,0
1029,'1482308',2226,,163,9,,,0
7019,'1478737',625,,913,10,,,0
7019,'1478738',655,,914,10,,,0
7019,'1478739',755,,915,10,,,0
7019,'1478740',825,,916,10,,,0
7019,'1478741',855,,917,10,,,0
7019,'1478742',955,,918,10,,,0
7019,'1478743',1034,,919,10,,,0
7019,'1478744',1114,,920,10,,,0
7019,'1478745',1154,,921,10,,,0
7019,'1478746',1234,,922,10,,,0
7019,'1478747',1314,,923,10,,,0
7019,'1478748',1354,,924,10,,,0
7019,'1478749',1514,,925,10,,,0
7019,'1478750',1554,,926,10,,,0
7019,'1478751',1634,,927,10,,,0
7019,'1478752',1714,,928,10,,,0
7019,'1478753',1825,,929,10,,,0
7019,'1478754',2025,,930,10,,,0
7019,'1478760',2225,,936,10,,,0
7019,'1478776',1925,,952,10,,,0
7019,'1478778',1754,,954,10,,,0
7019,'1478779',1434,,955,10,,,0
7019,'1478783',2125,,959,10,,,0
7019,'1478784',725,,960,10,,,0
7019,'1478786',1855,,962,10,,,0
7019,'1478789',925,,965,10,,,0
7019,'1479039',655,,986,10,,,0
7019,'1479040',755,,987,10,,,0
7019,'1479041',855,,988,10,,,0
7019,'1479042',925,,989,10,,,0
7019,'1479043',955,,990,10,,,0
7019,'1479044',1034,,991,10,,,0
7019,'1479045',1114,,992,10,,,0
7019,'1479046',1154,,993,10,,,0
7019,'1479047',1234,,994,10,,,0
7019,'1479048',1314,,995,10,,,0
7019,'1479049',1354,,996,10,,,0
7019,'1479050',1514,,997,10,,,0
7019,'1479051',1554,,998,10,,,0
7019,'1479052',1634,,999,10,,,0
7019,'1479053',1714,,1000,10,,,0
7019,'1479054',1825,,1001,10,,,0
7019,'1479055',1855,,1002,10,,,0
7019,'1479056',1955,,1003,10,,,0
7019,'1479057',2055,,1004,10,,,0
7019,'1479058',2155,,1005,10,,,0
7019,'1479059',2255,,1006,10,,,0
7019,'1479063',1434,,1010,10,,,0
7019,'1479064',1754,,1011,10,,,0
7019,'1482537',725,,1027,10,,,0
7019,'1482538',825,,1028,10,,,0
7019,'1482539',1234,,1029,10,,,0
7019,'1482540',1314,,1030,10,,,0
7019,'1482541',925,,1031,10,,,0
7019,'1482542',1514,,1032,10,,,0
7019,'1482543',1434,,1033,10,,,0
7019,'1482544',1354,,1034,10,,,0
7019,'1482545',1554,,1035,10,,,0
7019,'1482546',1634,,1036,10,,,0
7019,'1482547',1754,,1037,10,,,0
7019,'1482548',1825,,1038,10,,,0
7019,'1482549',1855,,1039,10,,,0
7019,'1482550',1955,,1040,10,,,0
7019,'1482551',2155,,1041,10,,,0
7019,'1482553',1025,,1043,10,,,0
7019,'1482554',1125,,1044,10,,,0
7019,'1482556',2055,,1046,10,,,0
7019,'1482558',1714,,1048,10,,,0
