1019,'1478675',2202,,32,2,,,0
1019,'1478676',617,,33,2,,,0
1019,'1478677',647,,34,2,,,0
1019,'1478678',717,,35,2,,,0
1019,'1478679',747,,36,2,,,0
1019,'1478680',817,,37,2,,,0
1019,'1478681',847,,38,2,,,0
1019,'1478682',917,,39,2,,,0
1019,'1478683',947,,40,2,,,0
1019,'1478684',1017,,41,2,,,0
1019,'1478685',1047,,42,2,,,0
1019,'1478686',1123,,43,2,,,0
1019,'1478687',1203,,44,2,,,0
1019,'1478688',1243,,45,2,,,0
1019,'1478689',1323,,46,2,,,0
1019,'1478690',1403,,47,2,,,0
1019,'1478691',1443,,48,2,,,0
1019,'1478692',1523,,49,2,,,0
1019,'1478693',1603,,50,2,,,0
1019,'1478694',1643,,51,2,,,0
1019,'1478695',1723,,52,2,,,0
1019,'1478696',1802,,53,2,,,0
1019,'1478697',1832,,54,2,,,0
1019,'1478698',1902,,55,2,,,0
1019,'1478699',1932,,56,2,,,0
1019,'1478700',2002,,57,2,,,0
1019,'1478701',2032,,58,2,,,0
1019,'1478702',2102,,59,2,,,0
1019,'1478703',2132,,60,2,,,0
1019,'1478704',2232,,61,2,,,0
1019,'1478705',2302,,62,2,,,0
1019,'1479338',602,,66,2,,,0
1019,'1479339',702,,67,2,,,0
1019,'1479346',802,,74,2,,,0
1019,'1479347',832,,75,2,,,0
1019,'1479348',902,,76,2,,,0
1019,'1479349',932,,77,2,,,0
1019,'1479350',1003,,78,2,,,0
1019,'1479351',1043,,79,2,,,0
1019,'1479352',1123,,80,2,,,0
1019,'1479360',1802,,88,2,,,0
1019,'1479366',1203,,94,2,,,0
1019,'1479367',1243,,95,2,,,0
1019,'1479368',1723,,96,2,,,0
1019,'1479369',1323,,97,2,,,0
1019,'1479370',1403,,98,2,,,0
1019,'1479371',1443,,99,2,,,0
1019,'1479372',1523,,100,2,,,0
1019,'1479373',1643,,101,2,,,0
1019,'1479374',1603,,102,2,,,0
1019,'1479375',2212,,103,2,,,0
1019,'1479376',2112,,104,2,,,0
1019,'1479383',1832,,111,2,,,0
1019,'1479384',1902,,112,2,,,0
1019,'1479385',1932,,113,2,,,0
1019,'1479386',2002,,114,2,,,0
1019,'1479387',2032,,115,2,,,0
1019,'1482261',702,,116,2,,,0
1019,'1482262',802,,117,2,,,0
1019,'1482263',832,,118,2,,,0
1019,'1482264',902,,119,2,,,0
1019,'1482265',932,,120,2,,,0
1019,'1482266',1002,,121,2,,,0
1019,'1482267',1032,,122,2,,,0
1019,'1482268',1103,,123,2,,,0
1019,'1482269',1143,,124,2,,,0
1019,'1482270',1223,,125,2,,,0
1019,'1482271',1303,,126,2,,,0
1019,'1482272',1343,,127,2,,,0
1019,'1482273',1423,,128,2,,,0
1019,'1482274',1503,,129,2,,,0
1019,'1482275',1543,,130,2,,,0
1019,'1482276',1623,,131,2,,,0
1019,'1482277',1702,,132,2,,,0
1019,'1482278',1732,,133,2,,,0
1019,'1482279',1802,,134,2,,,0
1019,'1482280',1832,,135,2,,,0
1019,'1482281',1902,,136,2,,,0
1019,'1482282',2002,,137,2,,,0
1019,'1482283',2102,,138,2,,,0
1019,'1482284',2202,,139,2,,,0
7029,'1478755',732,,931,2,,,0
7029,'1478756',832,,932,2,,,0
7029,'1478757',1202,,933,2,,,0
7029,'1478758',802,,934,2,,,0
7029,'1478759',602,,935,2,,,0
7029,'1478761',1522,,937,2,,,0
7029,'1478762',1442,,938,2,,,0
7029,'1478763',1602,,939,2,,,0
7029,'1478764',1642,,940,2,,,0
7029,'1478765',1802,,941,2,,,0
7029,'1478766',1322,,942,2,,,0
7029,'1478767',1242,,943,2,,,0
7029,'1478768',1122,,944,2,,,0
7029,'1478769',932,,945,2,,,0
7029,'1478770',1042,,946,2,,,0
7029,'1478771',1002,,947,2,,,0
7029,'1478772',1902,,948,2,,,0
7029,'1478773',2002,,949,2,,,0
7029,'1478774',2102,,950,2,,,0
7029,'1478775',2202,,951,2,,,0
7029,'1478777',632,,953,2,,,0
7029,'1478780',702,,956,2,,,0
7029,'1478781',1402,,957,2,,,0
7029,'1478782',1722,,958,2,,,0
7029,'1478785',2302,,961,2,,,0
7029,'1478787',902,,963,2,,,0
7029,'1478788',1832,,964,2,,,0
7029,'1479019',632,,966,2,,,0
7029,'1479020',732,,967,2,,,0
7029,'1479021',832,,968,2,,,0
7029,'1479022',902,,969,2,,,0
7029,'1479023',932,,970,2,,,0
7029,'1479024',1002,,971,2,,,0
7029,'1479025',1122,,972,2,,,0
7029,'1479026',1202,,973,2,,,0
7029,'1479027',1242,,974,2,,,0
7029,'1479028',1322,,975,2,,,0
7029,'1479029',1442,,976,2,,,0
7029,'1479030',1522,,977,2,,,0
7029,'1479031',1602,,978,2,,,0
7029,'1479032',1642,,979,2,,,0
7029,'1479033',1802,,980,2,,,0
7029,'1479034',1832,,981,2,,,0
7029,'1479035',1932,,982,2,,,0
7029,'1479036',2032,,983,2,,,0
7029,'1479037',2132,,984,2,,,0
7029,'1479038',2232,,985,2,,,0
7029,'1479060',1042,,1007,2,,,0
7029,'1479061',1402,,1008,2,,,0
7029,'1479062',1722,,1009,2,,,0
7029,'1482522',702,,1012,2,,,0
7029,'1482523',802,,1013,2,,,0
7029,'1482524',902,,1014,2,,,0
7029,'1482525',1202,,1015,2,,,0
7029,'1482526',1242,,1016,2,,,0
7029,'1482527',1322,,1017,2,,,0
7029,'1482528',1402,,1018,2,,,0
7029,'1482529',1442,,1019,2,,,0
7029,'1482530',1522,,1020,2,,,0
7029,'1482531',1602,,1021,2,,,0
7029,'1482532',1722,,1022,2,,,0
7029,'1482533',1802,,1023,2,,,0
7029,'1482534',1832,,1024,2,,,0
7029,'1482535',1932,,1025,2,,,0
7029,'1482536',2132,,1026,2,,,0
7029,'1482552',1002,,1042,2,,,0
7029,'1482555',2032,,1045,2,,,0
7029,'1482557',1102,,1047,2,,,0
7029,'1482559',1642,,1049,2,,,0
