10005019,'1478891',603,,1129,3,,,0
10005019,'1478892',703,,1130,3,,,0
10005019,'1478893',733,,1131,3,,,0
10005019,'1478894',803,,1132,3,,,0
10005019,'1478895',833,,1133,3,,,0
10005019,'1478896',903,,1134,3,,,0
10005019,'1478897',933,,1135,3,,,0
10005019,'1478898',1003,,1136,3,,,0
10005019,'1478899',1033,,1137,3,,,0
10005019,'1478900',1103,,1138,3,,,0
10005019,'1478901',1133,,1139,3,,,0
10005019,'1478902',1203,,1140,3,,,0
10005019,'1478903',1233,,1141,3,,,0
10005019,'1478904',1303,,1142,3,,,0
10005019,'1478905',1333,,1143,3,,,0
10005019,'1478906',1403,,1144,3,,,0
10005019,'1478907',1433,,1145,3,,,0
10005019,'1478908',1503,,1146,3,,,0
10005019,'1478909',1533,,1147,3,,,0
10005019,'1478910',1603,,1148,3,,,0
10005019,'1478911',1633,,1149,3,,,0
10005019,'1478912',1703,,1150,3,,,0
10005019,'1478913',1733,,1151,3,,,0
10005019,'1478914',1803,,1152,3,,,0
10005019,'1478915',1833,,1153,3,,,0
10005019,'1478916',1903,,1154,3,,,0
10005019,'1478917',1933,,1155,3,,,0
10005019,'1478918',2003,,1156,3,,,0
10005019,'1478919',2033,,1157,3,,,0
10005019,'1478920',2103,,1158,3,,,0
10005019,'1478921',2303,,1159,3,,,0
10005019,'1478922',2203,,1160,3,,,0
10005019,'1478923',633,,1161,3,,,0
10005019,'1479129',603,,1162,3,,,0
10005019,'1479130',703,,1163,3,,,0
10005019,'1479131',803,,1164,3,,,0
10005019,'1479132',833,,1165,3,,,0
10005019,'1479133',903,,1166,3,,,0
10005019,'1479134',933,,1167,3,,,0
10005019,'1479135',1003,,1168,3,,,0
10005019,'1479136',1033,,1169,3,,,0
10005019,'1479137',1103,,1170,3,,,0
10005019,'1479138',1133,,1171,3,,,0
10005019,'1479139',1203,,1172,3,,,0
10005019,'1479140',1233,,1173,3,,,0
10005019,'1479141',1303,,1174,3,,,0
10005019,'1479142',1333,,1175,3,,,0
10005019,'1479143',1403,,1176,3,,,0
10005019,'1479144',1433,,1177,3,,,0
10005019,'1479145',1503,,1178,3,,,0
10005019,'1479146',1533,,1179,3,,,0
10005019,'1479147',1603,,1180,3,,,0
10005019,'1479148',1633,,1181,3,,,0
10005019,'1479149',1703,,1182,3,,,0
10005019,'1479150',1733,,1183,3,,,0
10005019,'1479151',1803,,1184,3,,,0
10005019,'1479152',1833,,1185,3,,,0
10005019,'1479153',1903,,1186,3,,,0
10005019,'1479154',2003,,1187,3,,,0
10005019,'1479155',2103,,1188,3,,,0
10005019,'1479156',2203,,1189,3,,,0
10005019,'1479157',2303,,1190,3,,,0
10005019,'1482465',703,,1191,3,,,0
10005019,'1482466',803,,1192,3,,,0
10005019,'1482467',903,,1193,3,,,0
10005019,'1482468',1003,,1194,3,,,0
10005019,'1482469',1103,,1195,3,,,0
10005019,'1482470',1203,,1196,3,,,0
10005019,'1482471',1303,,1197,3,,,0
10005019,'1482472',1403,,1198,3,,,0
10005019,'1482473',1503,,1199,3,,,0
10005019,'1482474',1603,,1200,3,,,0
10005019,'1482475',1703,,1201,3,,,0
10005019,'1482476',1803,,1202,3,,,0
10005019,'1482477',1833,,1203,3,,,0
10005019,'1482478',1933,,1204,3,,,0
10005019,'1482479',2033,,1205,3,,,0
10005019,'1482480',2133,,1206,3,,,0
