20005019,'1478857',647,,1207,18,,,0
20005019,'1478858',717,,1208,18,,,0
20005019,'1478859',747,,1209,18,,,0
20005019,'1478860',817,,1210,18,,,0
20005019,'1478861',847,,1211,18,,,0
20005019,'1478862',917,,1212,18,,,0
20005019,'1478863',947,,1213,18,,,0
20005019,'1478864',1017,,1214,18,,,0
20005019,'1478865',1047,,1215,18,,,0
20005019,'1478866',1117,,1216,18,,,0
20005019,'1478867',1147,,1217,18,,,0
20005019,'1478868',1217,,1218,18,,,0
20005019,'1478869',1247,,1219,18,,,0
20005019,'1478870',1317,,1220,18,,,0
20005019,'1478871',1347,,1221,18,,,0
20005019,'1478872',1417,,1222,18,,,0
20005019,'1478873',1447,,1223,18,,,0
20005019,'1478874',1517,,1224,18,,,0
20005019,'1478875',1547,,1225,18,,,0
20005019,'1478876',1617,,1226,18,,,0
20005019,'1478877',1647,,1227,18,,,0
20005019,'1478878',1717,,1228,18,,,0
20005019,'1478879',1747,,1229,18,,,0
20005019,'1478880',1817,,1230,18,,,0
20005019,'1478881',1847,,1231,18,,,0
20005019,'1478882',1917,,1232,18,,,0
20005019,'1478883',1947,,1233,18,,,0
20005019,'1478884',2017,,1234,18,,,0
20005019,'1478885',2147,,1235,18,,,0
20005019,'1478886',2247,,1236,18,,,0
20005019,'1478887',2047,,1237,18,,,0
20005019,'1478888',517,,1238,18,,,0
20005019,'1478889',547,,1239,18,,,0
20005019,'1478890',617,,1240,18,,,0
20005019,'1479105',817,,1241,18,,,0
20005019,'1479106',847,,1242,18,,,0
20005019,'1479107',917,,1243,18,,,0
20005019,'1479108',947,,1244,18,,,0
20005019,'1479109',1017,,1245,18,,,0
20005019,'1479110',1047,,1246,18,,,0
20005019,'1479111',1117,,1247,18,,,0
20005019,'1479112',1147,,1248,18,,,0
20005019,'1479113',1217,,1249,18,,,0
20005019,'1479114',1247,,1250,18,,,0
20005019,'1479115',1317,,1251,18,,,0
20005019,'1479116',1347,,1252,18,,,0
20005019,'1479117',1417,,1253,18,,,0
20005019,'1479118',1447,,1254,18,,,0
20005019,'1479119',1517,,1255,18,,,0
20005019,'1479120',1547,,1256,18,,,0
20005019,'1479121',1617,,1257,18,,,0
20005019,'1479122',1647,,1258,18,,,0
20005019,'1479123',1717,,1259,18,,,0
20005019,'1479124',1747,,1260,18,,,0
20005019,'1479125',1817,,1261,18,,,0
20005019,'1479126',1847,,1262,18,,,0
20005019,'1479127',1917,,1263,18,,,0
20005019,'1479128',2017,,1264,18,,,0
20005019,'1482481',847,,1265,18,,,0
20005019,'1482482',947,,1266,18,,,0
20005019,'1482483',1047,,1267,18,,,0
20005019,'1482484',1147,,1268,18,,,0
20005019,'1482485',1247,,1269,18,,,0
20005019,'1482486',1347,,1270,18,,,0
20005019,'1482487',1447,,1271,18,,,0
20005019,'1482488',1547,,1272,18,,,0
20005019,'1482489',1647,,1273,18,,,0
20005019,'1482490',1747,,1274,18,,,0
