3019,'1478955',607,,382,6,,,0
3019,'1478956',737,,383,6,,,0
3019,'1478957',837,,384,6,,,0
3019,'1478958',907,,385,6,,,0
3019,'1478959',807,,386,6,,,0
3019,'1478960',1007,,387,6,,,0
3019,'1478961',937,,388,6,,,0
3019,'1478962',1037,,389,6,,,0
3019,'1478963',1507,,390,6,,,0
3019,'1478964',1237,,391,6,,,0
3019,'1478965',1307,,392,6,,,0
3019,'1478966',1137,,393,6,,,0
3019,'1478967',1337,,394,6,,,0
3019,'1478968',1407,,395,6,,,0
3019,'1478969',1437,,396,6,,,0
3019,'1478970',1207,,397,6,,,0
3019,'1478971',1107,,398,6,,,0
3019,'1478972',1637,,399,6,,,0
3019,'1478973',1537,,400,6,,,0
3019,'1478974',1607,,401,6,,,0
3019,'1478975',1737,,402,6,,,0
3019,'1478976',1807,,403,6,,,0
3019,'1478977',1837,,404,6,,,0
3019,'1478978',1707,,405,6,,,0
3019,'1478979',1907,,406,6,,,0
3019,'1478980',1937,,407,6,,,0
3019,'1478981',2007,,408,6,,,0
3019,'1478982',2037,,409,6,,,0
3019,'1478983',2137,,410,6,,,0
3019,'1478984',2207,,411,6,,,0
3019,'1478985',707,,412,6,,,0
3019,'1478986',2307,,413,6,,,0
3019,'1478987',637,,414,6,,,0
3019,'1479228',606,,417,6,,,0
3019,'1479229',706,,418,6,,,0
3019,'1479230',806,,419,6,,,0
3019,'1479231',836,,420,6,,,0
3019,'1479232',936,,421,6,,,0
3019,'1479233',1006,,422,6,,,0
3019,'1479234',1036,,423,6,,,0
3019,'1479235',1136,,424,6,,,0
3019,'1479236',1206,,425,6,,,0
3019,'1479237',1236,,426,6,,,0
3019,'1479238',1336,,427,6,,,0
3019,'1479239',1406,,428,6,,,0
3019,'1479240',1436,,429,6,,,0
3019,'1479241',1536,,430,6,,,0
3019,'1479242',1606,,431,6,,,0
3019,'1479243',1636,,432,6,,,0
3019,'1479244',1736,,433,6,,,0
3019,'1479245',1806,,434,6,,,0
3019,'1479264',1936,,453,6,,,0
3019,'1479265',2006,,454,6,,,0
3019,'1479266',2136,,455,6,,,0
3019,'1479271',2036,,460,6,,,0
3019,'1479272',2236,,461,6,,,0
3019,'1479275',1836,,464,6,,,0
3019,'1479278',906,,467,6,,,0
3019,'1479279',1106,,468,6,,,0
3019,'1479280',1306,,469,6,,,0
3019,'1479281',1506,,470,6,,,0
3019,'1479282',1706,,471,6,,,0
3019,'1479283',1906,,472,6,,,0
3019,'1482351',737,,477,6,,,0
3019,'1482352',807,,478,6,,,0
3019,'1482353',837,,479,6,,,0
3019,'1482354',937,,480,6,,,0
3019,'1482355',1007,,481,6,,,0
3019,'1482356',1037,,482,6,,,0
3019,'1482357',1137,,483,6,,,0
3019,'1482358',1207,,484,6,,,0
3019,'1482359',1237,,485,6,,,0
3019,'1482360',1337,,486,6,,,0
3019,'1482361',1407,,487,6,,,0
3019,'1482362',1437,,488,6,,,0
3019,'1482363',1537,,489,6,,,0
3019,'1482364',1607,,490,6,,,0
3019,'1482365',1637,,491,6,,,0
3019,'1482366',1737,,492,6,,,0
3019,'1482367',1807,,493,6,,,0
3019,'1482368',1907,,494,6,,,0
3019,'1482369',2007,,495,6,,,0
3019,'1482370',2107,,496,6,,,0
3019,'1482392',2207,,518,6,,,0
3019,'1482397',907,,523,6,,,0
3019,'1482398',1107,,524,6,,,0
3019,'1482399',1307,,525,6,,,0
3019,'1482400',1507,,526,6,,,0
3019,'1482401',1707,,527,6,,,0
3019,'1482402',1837,,528,6,,,0
