20005019,'1478857',655,,1207,26,,,0
20005019,'1478858',725,,1208,26,,,0
20005019,'1478859',755,,1209,26,,,0
20005019,'1478860',825,,1210,26,,,0
20005019,'1478861',855,,1211,26,,,0
20005019,'1478862',925,,1212,26,,,0
20005019,'1478863',955,,1213,26,,,0
20005019,'1478864',1025,,1214,26,,,0
20005019,'1478865',1055,,1215,26,,,0
20005019,'1478866',1125,,1216,26,,,0
20005019,'1478867',1155,,1217,26,,,0
20005019,'1478868',1225,,1218,26,,,0
20005019,'1478869',1255,,1219,26,,,0
20005019,'1478870',1325,,1220,26,,,0
20005019,'1478871',1355,,1221,26,,,0
20005019,'1478872',1425,,1222,26,,,0
20005019,'1478873',1455,,1223,26,,,0
20005019,'1478874',1525,,1224,26,,,0
20005019,'1478875',1555,,1225,26,,,0
20005019,'1478876',1625,,1226,26,,,0
20005019,'1478877',1655,,1227,26,,,0
20005019,'1478878',1725,,1228,26,,,0
20005019,'1478879',1755,,1229,26,,,0
20005019,'1478880',1825,,1230,26,,,0
20005019,'1478881',1855,,1231,26,,,0
20005019,'1478882',1925,,1232,26,,,0
20005019,'1478883',1955,,1233,26,,,0
20005019,'1478884',2025,,1234,26,,,0
20005019,'1478885',2155,,1235,26,,,0
20005019,'1478886',2255,,1236,26,,,0
20005019,'1478887',2055,,1237,26,,,0
20005019,'1478888',525,,1238,26,,,0
20005019,'1478889',555,,1239,26,,,0
20005019,'1478890',625,,1240,26,,,0
20005019,'1479105',825,,1241,26,,,0
20005019,'1479106',855,,1242,26,,,0
20005019,'1479107',925,,1243,26,,,0
20005019,'1479108',955,,1244,26,,,0
20005019,'1479109',1025,,1245,26,,,0
20005019,'1479110',1055,,1246,26,,,0
20005019,'1479111',1125,,1247,26,,,0
20005019,'1479112',1155,,1248,26,,,0
20005019,'1479113',1225,,1249,26,,,0
20005019,'1479114',1255,,1250,26,,,0
20005019,'1479115',1325,,1251,26,,,0
20005019,'1479116',1355,,1252,26,,,0
20005019,'1479117',1425,,1253,26,,,0
20005019,'1479118',1455,,1254,26,,,0
20005019,'1479119',1525,,1255,26,,,0
20005019,'1479120',1555,,1256,26,,,0
20005019,'1479121',1625,,1257,26,,,0
20005019,'1479122',1655,,1258,26,,,0
20005019,'1479123',1725,,1259,26,,,0
20005019,'1479124',1755,,1260,26,,,0
20005019,'1479125',1825,,1261,26,,,0
20005019,'1479126',1855,,1262,26,,,0
20005019,'1479127',1925,,1263,26,,,0
20005019,'1479128',2025,,1264,26,,,0
20005019,'1482481',855,,1265,26,,,0
20005019,'1482482',955,,1266,26,,,0
20005019,'1482483',1055,,1267,26,,,0
20005019,'1482484',1155,,1268,26,,,0
20005019,'1482485',1255,,1269,26,,,0
20005019,'1482486',1355,,1270,26,,,0
20005019,'1482487',1455,,1271,26,,,0
20005019,'1482488',1555,,1272,26,,,0
20005019,'1482489',1655,,1273,26,,,0
20005019,'1482490',1755,,1274,26,,,0
