2029,'1478547',653,,164,8,,,0
2029,'1478548',732,,165,8,,,0
2029,'1478549',812,,166,8,,,0
2029,'1478550',1012,,167,8,,,0
2029,'1478551',1052,,168,8,,,0
2029,'1478552',1132,,169,8,,,0
2029,'1478553',1212,,170,8,,,0
2029,'1478554',1252,,171,8,,,0
2029,'1478555',1332,,172,8,,,0
2029,'1478556',1412,,173,8,,,0
2029,'1478557',1452,,174,8,,,0
2029,'1478558',1532,,175,8,,,0
2029,'1478559',1612,,176,8,,,0
2029,'1478560',1652,,177,8,,,0
2029,'1478561',1732,,178,8,,,0
2029,'1478562',1812,,179,8,,,0
2029,'1478563',1852,,180,8,,,0
2029,'1478564',1932,,181,8,,,0
2029,'1478565',2012,,182,8,,,0
2029,'1478566',2052,,183,8,,,0
2029,'1478567',2123,,184,8,,,0
2029,'1478568',2253,,185,8,,,0
2029,'1478593',852,,210,8,,,0
2029,'1478594',932,,211,8,,,0
2029,'1478595',553,,212,8,,,0
2029,'1478598',523,,215,8,,,0
2029,'1478600',623,,217,8,,,0
2029,'1478601',708,,218,8,,,0
2029,'1478602',752,,219,8,,,0
2029,'1478603',832,,220,8,,,0
2029,'1478604',912,,221,8,,,0
2029,'1478605',952,,222,8,,,0
2029,'1478606',1032,,223,8,,,0
2029,'1478607',1112,,224,8,,,0
2029,'1478608',1152,,225,8,,,0
2029,'1478609',1232,,226,8,,,0
2029,'1478610',1312,,227,8,,,0
2029,'1478611',1352,,228,8,,,0
2029,'1478612',1432,,229,8,,,0
2029,'1478613',1512,,230,8,,,0
2029,'1478614',1552,,231,8,,,0
2029,'1478615',1632,,232,8,,,0
2029,'1478616',1712,,233,8,,,0
2029,'1478617',1752,,234,8,,,0
2029,'1478618',1832,,235,8,,,0
2029,'1478619',1912,,236,8,,,0
2029,'1478620',1952,,237,8,,,0
2029,'1478621',2032,,238,8,,,0
2029,'1478622',2112,,239,8,,,0
2029,'1479290',653,,263,8,,,0
2029,'1479291',753,,264,8,,,0
2029,'1479299',829,,272,8,,,0
2029,'1479300',909,,273,8,,,0
2029,'1479301',949,,274,8,,,0
2029,'1479302',1029,,275,8,,,0
2029,'1479303',1109,,276,8,,,0
2029,'1479304',1149,,277,8,,,0
2029,'1479305',1229,,278,8,,,0
2029,'1479315',1309,,288,8,,,0
2029,'1479316',1349,,289,8,,,0
2029,'1479317',1429,,290,8,,,0
2029,'1479318',1509,,291,8,,,0
2029,'1479319',1549,,292,8,,,0
2029,'1479320',1629,,293,8,,,0
2029,'1479321',1709,,294,8,,,0
2029,'1479322',1749,,295,8,,,0
2029,'1479324',1909,,297,8,,,0
2029,'1479325',1949,,298,8,,,0
2029,'1479328',2029,,301,8,,,0
2029,'1479329',2103,,302,8,,,0
2029,'1479330',1829,,303,8,,,0
2029,'1479332',2303,,305,8,,,0
2029,'1479333',2203,,306,8,,,0
2029,'1482329',753,,329,8,,,0
2029,'1482330',832,,330,8,,,0
2029,'1482331',912,,331,8,,,0
2029,'1482332',952,,332,8,,,0
2029,'1482333',1032,,333,8,,,0
2029,'1482334',1112,,334,8,,,0
2029,'1482335',1152,,335,8,,,0
2029,'1482336',1232,,336,8,,,0
2029,'1482337',1312,,337,8,,,0
2029,'1482338',1352,,338,8,,,0
2029,'1482339',1432,,339,8,,,0
2029,'1482340',1512,,340,8,,,0
2029,'1482341',1632,,341,8,,,0
2029,'1482342',1552,,342,8,,,0
2029,'1482343',1712,,343,8,,,0
2029,'1482344',1832,,344,8,,,0
2029,'1482345',1752,,345,8,,,0
2029,'1482346',2023,,346,8,,,0
2029,'1482347',1923,,347,8,,,0
2029,'1482348',2123,,348,8,,,0
2029,'1482350',2223,,350,8,,,0
