6019,'1478821',639,,806,15,,,0
6019,'1478822',739,,807,15,,,0
6019,'1478823',809,,808,15,,,0
6019,'1478824',839,,809,15,,,0
6019,'1478825',909,,810,15,,,0
6019,'1478826',939,,811,15,,,0
6019,'1478827',1009,,812,15,,,0
6019,'1478828',1039,,813,15,,,0
6019,'1478829',1109,,814,15,,,0
6019,'1478830',1139,,815,15,,,0
6019,'1478831',1209,,816,15,,,0
6019,'1478832',1239,,817,15,,,0
6019,'1478833',1309,,818,15,,,0
6019,'1478834',1339,,819,15,,,0
6019,'1478835',1409,,820,15,,,0
6019,'1478836',1439,,821,15,,,0
6019,'1478837',1509,,822,15,,,0
6019,'1478838',1539,,823,15,,,0
6019,'1478839',1609,,824,15,,,0
6019,'1478840',1639,,825,15,,,0
6019,'1478841',1709,,826,15,,,0
6019,'1478842',1739,,827,15,,,0
6019,'1478843',1809,,828,15,,,0
6019,'1478844',1839,,829,15,,,0
6019,'1478845',1909,,830,15,,,0
6019,'1478846',1939,,831,15,,,0
6019,'1478847',2009,,832,15,,,0
6019,'1478848',2039,,833,15,,,0
6019,'1478849',2109,,834,15,,,0
6019,'1478850',2209,,835,15,,,0
6019,'1478851',2309,,836,15,,,0
6019,'1478852',539,,837,15,,,0
6019,'1478853',709,,838,15,,,0
6019,'1478855',609,,840,15,,,0
6019,'1479065',609,,842,15,,,0
6019,'1479066',639,,843,15,,,0
6019,'1479067',709,,844,15,,,0
6019,'1479068',739,,845,15,,,0
6019,'1479069',809,,846,15,,,0
6019,'1479070',909,,847,15,,,0
6019,'1479071',1009,,848,15,,,0
6019,'1479072',1109,,849,15,,,0
6019,'1479073',1209,,850,15,,,0
6019,'1479074',1309,,851,15,,,0
6019,'1479075',1409,,852,15,,,0
6019,'1479076',1509,,853,15,,,0
6019,'1479077',1609,,854,15,,,0
6019,'1479078',1709,,855,15,,,0
6019,'1479079',1809,,856,15,,,0
6019,'1479080',1909,,857,15,,,0
6019,'1479081',2009,,858,15,,,0
6019,'1479082',2109,,859,15,,,0
6019,'1479083',2209,,860,15,,,0
6019,'1479103',2307,,880,15,,,0
6019,'1482491',709,,882,15,,,0
6019,'1482492',809,,883,15,,,0
6019,'1482493',909,,884,15,,,0
6019,'1482494',1009,,885,15,,,0
6019,'1482495',1109,,886,15,,,0
6019,'1482496',1209,,887,15,,,0
6019,'1482497',1309,,888,15,,,0
6019,'1482498',1409,,889,15,,,0
6019,'1482499',1509,,890,15,,,0
6019,'1482500',1609,,891,15,,,0
6019,'1482501',1709,,892,15,,,0
6019,'1482502',1809,,893,15,,,0
6019,'1482503',1909,,894,15,,,0
6019,'1482504',2009,,895,15,,,0
6019,'1482505',2109,,896,15,,,0
6019,'1482506',2207,,897,15,,,0
