7019,'1478737',622,,913,7,,,0
7019,'1478738',652,,914,7,,,0
7019,'1478739',752,,915,7,,,0
7019,'1478740',822,,916,7,,,0
7019,'1478741',852,,917,7,,,0
7019,'1478742',952,,918,7,,,0
7019,'1478743',1031,,919,7,,,0
7019,'1478744',1111,,920,7,,,0
7019,'1478745',1151,,921,7,,,0
7019,'1478746',1231,,922,7,,,0
7019,'1478747',1311,,923,7,,,0
7019,'1478748',1351,,924,7,,,0
7019,'1478749',1511,,925,7,,,0
7019,'1478750',1551,,926,7,,,0
7019,'1478751',1631,,927,7,,,0
7019,'1478752',1711,,928,7,,,0
7019,'1478753',1822,,929,7,,,0
7019,'1478754',2022,,930,7,,,0
7019,'1478760',2222,,936,7,,,0
7019,'1478776',1922,,952,7,,,0
7019,'1478778',1751,,954,7,,,0
7019,'1478779',1431,,955,7,,,0
7019,'1478783',2122,,959,7,,,0
7019,'1478784',722,,960,7,,,0
7019,'1478786',1852,,962,7,,,0
7019,'1478789',922,,965,7,,,0
7019,'1479039',652,,986,7,,,0
7019,'1479040',752,,987,7,,,0
7019,'1479041',852,,988,7,,,0
7019,'1479042',922,,989,7,,,0
7019,'1479043',952,,990,7,,,0
7019,'1479044',1031,,991,7,,,0
7019,'1479045',1111,,992,7,,,0
7019,'1479046',1151,,993,7,,,0
7019,'1479047',1231,,994,7,,,0
7019,'1479048',1311,,995,7,,,0
7019,'1479049',1351,,996,7,,,0
7019,'1479050',1511,,997,7,,,0
7019,'1479051',1551,,998,7,,,0
7019,'1479052',1631,,999,7,,,0
7019,'1479053',1711,,1000,7,,,0
7019,'1479054',1822,,1001,7,,,0
7019,'1479055',1852,,1002,7,,,0
7019,'1479056',1952,,1003,7,,,0
7019,'1479057',2052,,1004,7,,,0
7019,'1479058',2152,,1005,7,,,0
7019,'1479059',2252,,1006,7,,,0
7019,'1479063',1431,,1010,7,,,0
7019,'1479064',1751,,1011,7,,,0
7019,'1482537',722,,1027,7,,,0
7019,'1482538',822,,1028,7,,,0
7019,'1482539',1231,,1029,7,,,0
7019,'1482540',1311,,1030,7,,,0
7019,'1482541',922,,1031,7,,,0
7019,'1482542',1511,,1032,7,,,0
7019,'1482543',1431,,1033,7,,,0
7019,'1482544',1351,,1034,7,,,0
7019,'1482545',1551,,1035,7,,,0
7019,'1482546',1631,,1036,7,,,0
7019,'1482547',1751,,1037,7,,,0
7019,'1482548',1822,,1038,7,,,0
7019,'1482549',1852,,1039,7,,,0
7019,'1482550',1952,,1040,7,,,0
7019,'1482551',2152,,1041,7,,,0
7019,'1482553',1022,,1043,7,,,0
7019,'1482554',1122,,1044,7,,,0
7019,'1482556',2052,,1046,7,,,0
7019,'1482558',1711,,1048,7,,,0
