2019,'1478569',632,,186,4,,,0
2019,'1478570',702,,187,4,,,0
2019,'1478571',1424,,188,4,,,0
2019,'1478572',744,,189,4,,,0
2019,'1478573',1504,,190,4,,,0
2019,'1478574',1104,,191,4,,,0
2019,'1478575',944,,192,4,,,0
2019,'1478576',1224,,193,4,,,0
2019,'1478577',824,,194,4,,,0
2019,'1478578',1144,,195,4,,,0
2019,'1478579',1304,,196,4,,,0
2019,'1478580',1024,,197,4,,,0
2019,'1478581',1344,,198,4,,,0
2019,'1478582',1544,,199,4,,,0
2019,'1478583',1624,,200,4,,,0
2019,'1478584',1744,,201,4,,,0
2019,'1478585',1704,,202,4,,,0
2019,'1478586',1904,,203,4,,,0
2019,'1478587',1824,,204,4,,,0
2019,'1478588',1944,,205,4,,,0
2019,'1478589',2024,,206,4,,,0
2019,'1478590',2102,,207,4,,,0
2019,'1478591',2232,,208,4,,,0
2019,'1478592',904,,209,4,,,0
2019,'1478596',502,,213,4,,,0
2019,'1478597',532,,214,4,,,0
2019,'1478599',602,,216,4,,,0
2019,'1478623',722,,240,4,,,0
2019,'1478624',2044,,241,4,,,0
2019,'1478625',804,,242,4,,,0
2019,'1478626',844,,243,4,,,0
2019,'1478627',924,,244,4,,,0
2019,'1478628',1004,,245,4,,,0
2019,'1478629',1044,,246,4,,,0
2019,'1478630',1124,,247,4,,,0
2019,'1478631',1204,,248,4,,,0
2019,'1478632',1244,,249,4,,,0
2019,'1478633',1324,,250,4,,,0
2019,'1478634',1404,,251,4,,,0
2019,'1478635',1444,,252,4,,,0
2019,'1478636',1524,,253,4,,,0
2019,'1478637',1604,,254,4,,,0
2019,'1478638',1644,,255,4,,,0
2019,'1478639',1724,,256,4,,,0
2019,'1478640',1804,,257,4,,,0
2019,'1478641',1844,,258,4,,,0
2019,'1478642',1924,,259,4,,,0
2019,'1478643',2004,,260,4,,,0
2019,'1479288',632,,261,4,,,0
2019,'1479289',732,,262,4,,,0
2019,'1479292',802,,265,4,,,0
2019,'1479293',842,,266,4,,,0
2019,'1479294',922,,267,4,,,0
2019,'1479295',1002,,268,4,,,0
2019,'1479296',1042,,269,4,,,0
2019,'1479297',1122,,270,4,,,0
2019,'1479298',1202,,271,4,,,0
2019,'1479306',1242,,279,4,,,0
2019,'1479307',1322,,280,4,,,0
2019,'1479308',1402,,281,4,,,0
2019,'1479309',1442,,282,4,,,0
2019,'1479310',1522,,283,4,,,0
2019,'1479311',1602,,284,4,,,0
2019,'1479312',1642,,285,4,,,0
2019,'1479313',1722,,286,4,,,0
2019,'1479314',1802,,287,4,,,0
2019,'1479323',1922,,296,4,,,0
2019,'1479326',2042,,299,4,,,0
2019,'1479327',2142,,300,4,,,0
2019,'1479331',2002,,304,4,,,0
2019,'1479334',2242,,307,4,,,0
2019,'1479335',1842,,308,4,,,0
2019,'1482309',732,,309,4,,,0
2019,'1482310',804,,310,4,,,0
2019,'1482311',844,,311,4,,,0
2019,'1482312',924,,312,4,,,0
2019,'1482313',1004,,313,4,,,0
2019,'1482314',1044,,314,4,,,0
2019,'1482315',1124,,315,4,,,0
2019,'1482316',1204,,316,4,,,0
2019,'1482317',1244,,317,4,,,0
2019,'1482318',1324,,318,4,,,0
2019,'1482319',1404,,319,4,,,0
2019,'1482320',1444,,320,4,,,0
2019,'1482321',1524,,321,4,,,0
2019,'1482322',1604,,322,4,,,0
2019,'1482323',1644,,323,4,,,0
2019,'1482324',1724,,324,4,,,0
2019,'1482325',1804,,325,4,,,0
2019,'1482326',1902,,326,4,,,0
2019,'1482327',2002,,327,4,,,0
2019,'1482328',2102,,328,4,,,0
2019,'1482349',2202,,349,4,,,0
8019,'1478708',632,,1050,4,,,0
8019,'1478709',702,,1051,4,,,0
8019,'1478710',732,,1052,4,,,0
8019,'1478711',802,,1053,4,,,0
8019,'1478712',832,,1054,4,,,0
8019,'1478713',902,,1055,4,,,0
8019,'1478714',932,,1056,4,,,0
8019,'1478715',1002,,1057,4,,,0
8019,'1478716',1032,,1058,4,,,0
8019,'1478717',1102,,1059,4,,,0
8019,'1478718',1132,,1060,4,,,0
8019,'1478719',1202,,1061,4,,,0
8019,'1478720',1232,,1062,4,,,0
8019,'1478721',1302,,1063,4,,,0
8019,'1478722',1332,,1064,4,,,0
8019,'1478723',1402,,1065,4,,,0
8019,'1478724',1432,,1066,4,,,0
8019,'1478725',1502,,1067,4,,,0
8019,'1478726',1532,,1068,4,,,0
8019,'1478727',1602,,1069,4,,,0
8019,'1478728',1632,,1070,4,,,0
8019,'1478729',1702,,1071,4,,,0
8019,'1478730',1732,,1072,4,,,0
8019,'1478731',1802,,1073,4,,,0
8019,'1478732',1832,,1074,4,,,0
8019,'1478733',1932,,1075,4,,,0
8019,'1478734',2032,,1076,4,,,0
8019,'1478735',2132,,1077,4,,,0
8019,'1478736',2232,,1078,4,,,0
8019,'1478991',1432,,1079,4,,,0
8019,'1478992',1332,,1080,4,,,0
8019,'1478993',1502,,1081,4,,,0
8019,'1478994',1602,,1082,4,,,0
8019,'1478995',1702,,1083,4,,,0
8019,'1478996',1802,,1084,4,,,0
8019,'1478997',1902,,1085,4,,,0
8019,'1478998',2032,,1086,4,,,0
8019,'1478999',2202,,1087,4,,,0
8019,'1479000',1532,,1088,4,,,0
8019,'1479001',1732,,1089,4,,,0
8019,'1479002',1632,,1090,4,,,0
8019,'1479003',1832,,1091,4,,,0
8019,'1479004',2102,,1092,4,,,0
8019,'1479005',1932,,1093,4,,,0
8019,'1479006',1402,,1094,4,,,0
8019,'1479007',632,,1095,4,,,0
8019,'1479008',732,,1096,4,,,0
8019,'1479009',832,,1097,4,,,0
8019,'1479010',902,,1098,4,,,0
8019,'1479011',932,,1099,4,,,0
8019,'1479012',1002,,1100,4,,,0
8019,'1479013',1032,,1101,4,,,0
8019,'1479014',1102,,1102,4,,,0
8019,'1479015',1132,,1103,4,,,0
8019,'1479016',1202,,1104,4,,,0
8019,'1479017',1232,,1105,4,,,0
8019,'1479018',1302,,1106,4,,,0
8019,'1482560',732,,1107,4,,,0
8019,'1482561',832,,1108,4,,,0
8019,'1482562',932,,1109,4,,,0
8019,'1482563',1032,,1110,4,,,0
8019,'1482564',1232,,1111,4,,,0
8019,'1482565',1302,,1112,4,,,0
8019,'1482566',1332,,1113,4,,,0
8019,'1482567',1402,,1114,4,,,0
8019,'1482568',1432,,1115,4,,,0
8019,'1482569',1502,,1116,4,,,0
8019,'1482570',1532,,1117,4,,,0
8019,'1482571',1602,,1118,4,,,0
8019,'1482572',1632,,1119,4,,,0
8019,'1482573',1702,,1120,4,,,0
8019,'1482574',1732,,1121,4,,,0
8019,'1482575',1802,,1122,4,,,0
8019,'1482576',1832,,1123,4,,,0
8019,'1482577',1932,,1124,4,,,0
8019,'1482578',2032,,1125,4,,,0
8019,'1482579',2132,,1126,4,,,0
8019,'1482580',1132,,1127,4,,,0
8019,'1482581',1202,,1128,4,,,0
140000019,'1478707',2357,,1275,33,,,0
140000019,'1478990',2357,,1276,33,,,0
140000019,'1482582',2257,,1277,33,,,0
