1029,'1478644',610,,1,8,,,0
1029,'1478645',640,,2,8,,,0
1029,'1478646',710,,3,8,,,0
1029,'1478647',740,,4,8,,,0
1029,'1478648',810,,5,8,,,0
1029,'1478649',840,,6,8,,,0
1029,'1478650',910,,7,8,,,0
1029,'1478651',940,,8,8,,,0
1029,'1478652',1010,,9,8,,,0
1029,'1478653',1040,,10,8,,,0
1029,'1478654',1113,,11,8,,,0
1029,'1478655',1153,,12,8,,,0
1029,'1478656',1233,,13,8,,,0
1029,'1478657',1313,,14,8,,,0
1029,'1478658',1353,,15,8,,,0
1029,'1478659',1433,,16,8,,,0
1029,'1478660',1513,,17,8,,,0
1029,'1478661',1553,,18,8,,,0
1029,'1478662',1633,,19,8,,,0
1029,'1478663',1713,,20,8,,,0
1029,'1478664',1753,,21,8,,,0
1029,'1478665',1825,,22,8,,,0
1029,'1478666',1855,,23,8,,,0
1029,'1478667',1925,,24,8,,,0
1029,'1478668',1955,,25,8,,,0
1029,'1478669',2025,,26,8,,,0
1029,'1478670',2055,,27,8,,,0
1029,'1478671',2125,,28,8,,,0
1029,'1478672',2155,,29,8,,,0
1029,'1478673',2225,,30,8,,,0
1029,'1478674',2255,,31,8,,,0
1029,'1478706',2325,,63,8,,,0
1029,'1479336',625,,64,8,,,0
1029,'1479337',725,,65,8,,,0
1029,'1479340',825,,68,8,,,0
1029,'1479341',855,,69,8,,,0
1029,'1479342',925,,70,8,,,0
1029,'1479343',955,,71,8,,,0
1029,'1479344',1033,,72,8,,,0
1029,'1479345',1113,,73,8,,,0
1029,'1479353',1153,,81,8,,,0
1029,'1479354',1233,,82,8,,,0
1029,'1479355',1313,,83,8,,,0
1029,'1479356',2135,,84,8,,,0
1029,'1479357',1353,,85,8,,,0
1029,'1479358',1433,,86,8,,,0
1029,'1479359',1513,,87,8,,,0
1029,'1479361',1553,,89,8,,,0
1029,'1479362',1633,,90,8,,,0
1029,'1479363',1713,,91,8,,,0
1029,'1479364',1753,,92,8,,,0
1029,'1479365',1825,,93,8,,,0
1029,'1479377',2235,,105,8,,,0
1029,'1479378',1855,,106,8,,,0
1029,'1479379',1925,,107,8,,,0
1029,'1479380',1955,,108,8,,,0
1029,'1479381',2025,,109,8,,,0
1029,'1479382',2055,,110,8,,,0
1029,'1482285',725,,140,8,,,0
1029,'1482286',825,,141,8,,,0
1029,'1482287',855,,142,8,,,0
1029,'1482288',925,,143,8,,,0
1029,'1482289',955,,144,8,,,0
1029,'1482290',1025,,145,8,,,0
1029,'1482291',1055,,146,8,,,0
1029,'1482292',1133,,147,8,,,0
1029,'1482293',1213,,148,8,,,0
1029,'1482294',1253,,149,8,,,0
1029,'1482295',1333,,150,8,,,0
1029,'1482296',1413,,151,8,,,0
1029,'1482297',1453,,152,8,,,0
1029,'1482298',1533,,153,8,,,0
1029,'1482299',1613,,154,8,,,0
1029,'1482300',1653,,155,8,,,0
1029,'1482301',1725,,156,8,,,0
1029,'1482302',1755,,157,8,,,0
1029,'1482303',1825,,158,8,,,0
1029,'1482304',1855,,159,8,,,0
1029,'1482305',1925,,160,8,,,0
1029,'1482306',2025,,161,8,,,0
1029,'1482307',2125,,162,8,,,0
1029,'1482308',2225,,163,8,,,0
