7029,'1478755',733,,931,3,,,0
7029,'1478756',833,,932,3,,,0
7029,'1478757',1204,,933,3,,,0
7029,'1478758',803,,934,3,,,0
7029,'1478759',603,,935,3,,,0
7029,'1478761',1524,,937,3,,,0
7029,'1478762',1444,,938,3,,,0
7029,'1478763',1604,,939,3,,,0
7029,'1478764',1644,,940,3,,,0
7029,'1478765',1803,,941,3,,,0
7029,'1478766',1324,,942,3,,,0
7029,'1478767',1244,,943,3,,,0
7029,'1478768',1124,,944,3,,,0
7029,'1478769',933,,945,3,,,0
7029,'1478770',1044,,946,3,,,0
7029,'1478771',1004,,947,3,,,0
7029,'1478772',1903,,948,3,,,0
7029,'1478773',2003,,949,3,,,0
7029,'1478774',2103,,950,3,,,0
7029,'1478775',2203,,951,3,,,0
7029,'1478777',633,,953,3,,,0
7029,'1478780',703,,956,3,,,0
7029,'1478781',1404,,957,3,,,0
7029,'1478782',1724,,958,3,,,0
7029,'1478785',2303,,961,3,,,0
7029,'1478787',903,,963,3,,,0
7029,'1478788',1833,,964,3,,,0
7029,'1479019',633,,966,3,,,0
7029,'1479020',733,,967,3,,,0
7029,'1479021',833,,968,3,,,0
7029,'1479022',903,,969,3,,,0
7029,'1479023',933,,970,3,,,0
7029,'1479024',1004,,971,3,,,0
7029,'1479025',1124,,972,3,,,0
7029,'1479026',1204,,973,3,,,0
7029,'1479027',1244,,974,3,,,0
7029,'1479028',1324,,975,3,,,0
7029,'1479029',1444,,976,3,,,0
7029,'1479030',1524,,977,3,,,0
7029,'1479031',1604,,978,3,,,0
7029,'1479032',1644,,979,3,,,0
7029,'1479033',1803,,980,3,,,0
7029,'1479034',1833,,981,3,,,0
7029,'1479035',1933,,982,3,,,0
7029,'1479036',2033,,983,3,,,0
7029,'1479037',2133,,984,3,,,0
7029,'1479038',2233,,985,3,,,0
7029,'1479060',1044,,1007,3,,,0
7029,'1479061',1404,,1008,3,,,0
7029,'1479062',1724,,1009,3,,,0
7029,'1482522',703,,1012,3,,,0
7029,'1482523',803,,1013,3,,,0
7029,'1482524',903,,1014,3,,,0
7029,'1482525',1204,,1015,3,,,0
7029,'1482526',1244,,1016,3,,,0
7029,'1482527',1324,,1017,3,,,0
7029,'1482528',1404,,1018,3,,,0
7029,'1482529',1444,,1019,3,,,0
7029,'1482530',1524,,1020,3,,,0
7029,'1482531',1604,,1021,3,,,0
7029,'1482532',1724,,1022,3,,,0
7029,'1482533',1803,,1023,3,,,0
7029,'1482534',1833,,1024,3,,,0
7029,'1482535',1933,,1025,3,,,0
7029,'1482536',2133,,1026,3,,,0
7029,'1482552',1003,,1042,3,,,0
7029,'1482555',2033,,1045,3,,,0
7029,'1482557',1103,,1047,3,,,0
7029,'1482559',1644,,1049,3,,,0
