6019,'1478821',630,,806,1,,,0
6019,'1478822',730,,807,1,,,0
6019,'1478823',800,,808,1,,,0
6019,'1478824',830,,809,1,,,0
6019,'1478825',900,,810,1,,,0
6019,'1478826',930,,811,1,,,0
6019,'1478827',1000,,812,1,,,0
6019,'1478828',1030,,813,1,,,0
6019,'1478829',1100,,814,1,,,0
6019,'1478830',1130,,815,1,,,0
6019,'1478831',1200,,816,1,,,0
6019,'1478832',1230,,817,1,,,0
6019,'1478833',1300,,818,1,,,0
6019,'1478834',1330,,819,1,,,0
6019,'1478835',1400,,820,1,,,0
6019,'1478836',1430,,821,1,,,0
6019,'1478837',1500,,822,1,,,0
6019,'1478838',1530,,823,1,,,0
6019,'1478839',1600,,824,1,,,0
6019,'1478840',1630,,825,1,,,0
6019,'1478841',1700,,826,1,,,0
6019,'1478842',1730,,827,1,,,0
6019,'1478843',1800,,828,1,,,0
6019,'1478844',1830,,829,1,,,0
6019,'1478845',1900,,830,1,,,0
6019,'1478846',1930,,831,1,,,0
6019,'1478847',2000,,832,1,,,0
6019,'1478848',2030,,833,1,,,0
6019,'1478849',2100,,834,1,,,0
6019,'1478850',2200,,835,1,,,0
6019,'1478851',2300,,836,1,,,0
6019,'1478852',530,,837,1,,,0
6019,'1478853',700,,838,1,,,0
6019,'1478855',600,,840,1,,,0
6019,'1479065',600,,842,1,,,0
6019,'1479066',630,,843,1,,,0
6019,'1479067',700,,844,1,,,0
6019,'1479068',730,,845,1,,,0
6019,'1479069',800,,846,1,,,0
6019,'1479070',900,,847,1,,,0
6019,'1479071',1000,,848,1,,,0
6019,'1479072',1100,,849,1,,,0
6019,'1479073',1200,,850,1,,,0
6019,'1479074',1300,,851,1,,,0
6019,'1479075',1400,,852,1,,,0
6019,'1479076',1500,,853,1,,,0
6019,'1479077',1600,,854,1,,,0
6019,'1479078',1700,,855,1,,,0
6019,'1479079',1800,,856,1,,,0
6019,'1479080',1900,,857,1,,,0
6019,'1479081',2000,,858,1,,,0
6019,'1479082',2100,,859,1,,,0
6019,'1479083',2200,,860,1,,,0
6019,'1479103',2300,,880,1,,,0
6019,'1482491',700,,882,1,,,0
6019,'1482492',800,,883,1,,,0
6019,'1482493',900,,884,1,,,0
6019,'1482494',1000,,885,1,,,0
6019,'1482495',1100,,886,1,,,0
6019,'1482496',1200,,887,1,,,0
6019,'1482497',1300,,888,1,,,0
6019,'1482498',1400,,889,1,,,0
6019,'1482499',1500,,890,1,,,0
6019,'1482500',1600,,891,1,,,0
6019,'1482501',1700,,892,1,,,0
6019,'1482502',1800,,893,1,,,0
6019,'1482503',1900,,894,1,,,0
6019,'1482504',2000,,895,1,,,0
6019,'1482505',2100,,896,1,,,0
6019,'1482506',2200,,897,1,,,0
6029,'1478790',627,,775,31,4,,0
6029,'1478791',727,,776,31,4,,0
6029,'1478792',757,,777,31,4,,0
6029,'1478793',827,,778,31,4,,0
6029,'1478794',857,,779,31,4,,0
6029,'1478795',927,,780,31,4,,0
6029,'1478796',957,,781,31,4,,0
6029,'1478797',1027,,782,31,4,,0
6029,'1478798',1057,,783,31,4,,0
6029,'1478799',1127,,784,31,4,,0
6029,'1478800',1157,,785,31,4,,0
6029,'1478801',1227,,786,31,4,,0
6029,'1478802',1257,,787,31,4,,0
6029,'1478803',1327,,788,31,4,,0
6029,'1478804',1357,,789,31,4,,0
6029,'1478805',1427,,790,31,4,,0
6029,'1478806',1457,,791,31,4,,0
6029,'1478807',1527,,792,31,4,,0
6029,'1478808',1557,,793,31,4,,0
6029,'1478809',1627,,794,31,4,,0
6029,'1478810',1657,,795,31,4,,0
6029,'1478811',1727,,796,31,4,,0
6029,'1478812',1757,,797,31,4,,0
6029,'1478813',1827,,798,31,4,,0
6029,'1478814',1857,,799,31,4,,0
6029,'1478815',1927,,800,31,4,,0
6029,'1478816',1957,,801,31,4,,0
6029,'1478817',2027,,802,31,4,,0
6029,'1478818',2057,,803,31,4,,0
6029,'1478819',2157,,804,31,4,,0
6029,'1478820',2257,,805,31,4,,0
6029,'1478854',557,,839,31,4,,0
6029,'1478856',657,,841,31,4,,0
6029,'1479084',657,,861,31,4,,0
6029,'1479085',727,,862,31,4,,0
6029,'1479086',757,,863,31,4,,0
6029,'1479087',857,,864,31,4,,0
6029,'1479088',957,,865,31,4,,0
6029,'1479089',1057,,866,31,4,,0
6029,'1479090',1157,,867,31,4,,0
6029,'1479091',1257,,868,31,4,,0
6029,'1479092',1357,,869,31,4,,0
6029,'1479093',1457,,870,31,4,,0
6029,'1479094',1557,,871,31,4,,0
6029,'1479095',1657,,872,31,4,,0
6029,'1479096',1757,,873,31,4,,0
6029,'1479097',1857,,874,31,4,,0
6029,'1479098',1957,,875,31,4,,0
6029,'1479099',2057,,876,31,4,,0
6029,'1479100',2157,,877,31,4,,0
6029,'1479101',2257,,878,31,4,,0
6029,'1479102',627,,879,31,4,,0
6029,'1479104',827,,881,31,4,,0
6029,'1482507',757,,898,31,4,,0
6029,'1482508',857,,899,31,4,,0
6029,'1482509',957,,900,31,4,,0
6029,'1482510',1157,,901,31,4,,0
6029,'1482511',1057,,902,31,4,,0
6029,'1482512',1357,,903,31,4,,0
6029,'1482513',1257,,904,31,4,,0
6029,'1482514',1457,,905,31,4,,0
6029,'1482515',1557,,906,31,4,,0
6029,'1482516',1657,,907,31,4,,0
6029,'1482517',1757,,908,31,4,,0
6029,'1482518',1857,,909,31,4,,0
6029,'1482519',1957,,910,31,4,,0
6029,'1482520',2057,,911,31,4,,0
6029,'1482521',2157,,912,31,4,,0
7019,'1478737',627,,913,12,4,,0
7019,'1478738',657,,914,12,4,,0
7019,'1478739',757,,915,12,4,,0
7019,'1478740',827,,916,12,4,,0
7019,'1478741',857,,917,12,4,,0
7019,'1478742',957,,918,12,4,,0
7019,'1478743',1037,,919,12,4,,0
7019,'1478744',1117,,920,12,4,,0
7019,'1478745',1157,,921,12,4,,0
7019,'1478746',1237,,922,12,4,,0
7019,'1478747',1317,,923,12,4,,0
7019,'1478748',1357,,924,12,4,,0
7019,'1478749',1517,,925,12,4,,0
7019,'1478750',1557,,926,12,4,,0
7019,'1478751',1637,,927,12,4,,0
7019,'1478752',1717,,928,12,4,,0
7019,'1478753',1827,,929,12,4,,0
7019,'1478754',2027,,930,12,4,,0
7019,'1478760',2227,,936,12,4,,0
7019,'1478776',1927,,952,12,4,,0
7019,'1478778',1757,,954,12,4,,0
7019,'1478779',1437,,955,12,4,,0
7019,'1478783',2127,,959,12,4,,0
7019,'1478784',727,,960,12,4,,0
7019,'1478786',1857,,962,12,4,,0
7019,'1478789',927,,965,12,4,,0
7019,'1479039',657,,986,12,4,,0
7019,'1479040',757,,987,12,4,,0
7019,'1479041',857,,988,12,4,,0
7019,'1479042',927,,989,12,4,,0
7019,'1479043',957,,990,12,4,,0
7019,'1479044',1037,,991,12,4,,0
7019,'1479045',1117,,992,12,4,,0
7019,'1479046',1157,,993,12,4,,0
7019,'1479047',1237,,994,12,4,,0
7019,'1479048',1317,,995,12,4,,0
7019,'1479049',1357,,996,12,4,,0
7019,'1479050',1517,,997,12,4,,0
7019,'1479051',1557,,998,12,4,,0
7019,'1479052',1637,,999,12,4,,0
7019,'1479053',1717,,1000,12,4,,0
7019,'1479054',1827,,1001,12,4,,0
7019,'1479055',1857,,1002,12,4,,0
7019,'1479056',1957,,1003,12,4,,0
7019,'1479057',2057,,1004,12,4,,0
7019,'1479058',2157,,1005,12,4,,0
7019,'1479059',2257,,1006,12,4,,0
7019,'1479063',1437,,1010,12,4,,0
7019,'1479064',1757,,1011,12,4,,0
7019,'1482537',727,,1027,12,4,,0
7019,'1482538',827,,1028,12,4,,0
7019,'1482539',1237,,1029,12,4,,0
7019,'1482540',1317,,1030,12,4,,0
7019,'1482541',927,,1031,12,4,,0
7019,'1482542',1517,,1032,12,4,,0
7019,'1482543',1437,,1033,12,4,,0
7019,'1482544',1357,,1034,12,4,,0
7019,'1482545',1557,,1035,12,4,,0
7019,'1482546',1637,,1036,12,4,,0
7019,'1482547',1757,,1037,12,4,,0
7019,'1482548',1827,,1038,12,4,,0
7019,'1482549',1857,,1039,12,4,,0
7019,'1482550',1957,,1040,12,4,,0
7019,'1482551',2157,,1041,12,4,,0
7019,'1482553',1027,,1043,12,4,,0
7019,'1482554',1127,,1044,12,4,,0
7019,'1482556',2057,,1046,12,4,,0
7019,'1482558',1717,,1048,12,4,,0
7029,'1478755',730,,931,1,,,0
7029,'1478756',830,,932,1,,,0
7029,'1478757',1200,,933,1,,,0
7029,'1478758',800,,934,1,,,0
7029,'1478759',600,,935,1,,,0
7029,'1478761',1520,,937,1,,,0
7029,'1478762',1440,,938,1,,,0
7029,'1478763',1600,,939,1,,,0
7029,'1478764',1640,,940,1,,,0
7029,'1478765',1800,,941,1,,,0
7029,'1478766',1320,,942,1,,,0
7029,'1478767',1240,,943,1,,,0
7029,'1478768',1120,,944,1,,,0
7029,'1478769',930,,945,1,,,0
7029,'1478770',1040,,946,1,,,0
7029,'1478771',1000,,947,1,,,0
7029,'1478772',1900,,948,1,,,0
7029,'1478773',2000,,949,1,,,0
7029,'1478774',2100,,950,1,,,0
7029,'1478775',2200,,951,1,,,0
7029,'1478777',630,,953,1,,,0
7029,'1478780',700,,956,1,,,0
7029,'1478781',1400,,957,1,,,0
7029,'1478782',1720,,958,1,,,0
7029,'1478785',2300,,961,1,,,0
7029,'1478787',900,,963,1,,,0
7029,'1478788',1830,,964,1,,,0
7029,'1479019',630,,966,1,,,0
7029,'1479020',730,,967,1,,,0
7029,'1479021',830,,968,1,,,0
7029,'1479022',900,,969,1,,,0
7029,'1479023',930,,970,1,,,0
7029,'1479024',1000,,971,1,,,0
7029,'1479025',1120,,972,1,,,0
7029,'1479026',1200,,973,1,,,0
7029,'1479027',1240,,974,1,,,0
7029,'1479028',1320,,975,1,,,0
7029,'1479029',1440,,976,1,,,0
7029,'1479030',1520,,977,1,,,0
7029,'1479031',1600,,978,1,,,0
7029,'1479032',1640,,979,1,,,0
7029,'1479033',1800,,980,1,,,0
7029,'1479034',1830,,981,1,,,0
7029,'1479035',1930,,982,1,,,0
7029,'1479036',2030,,983,1,,,0
7029,'1479037',2130,,984,1,,,0
7029,'1479038',2230,,985,1,,,0
7029,'1479060',1040,,1007,1,,,0
7029,'1479061',1400,,1008,1,,,0
7029,'1479062',1720,,1009,1,,,0
7029,'1482522',700,,1012,1,,,0
7029,'1482523',800,,1013,1,,,0
7029,'1482524',900,,1014,1,,,0
7029,'1482525',1200,,1015,1,,,0
7029,'1482526',1240,,1016,1,,,0
7029,'1482527',1320,,1017,1,,,0
7029,'1482528',1400,,1018,1,,,0
7029,'1482529',1440,,1019,1,,,0
7029,'1482530',1520,,1020,1,,,0
7029,'1482531',1600,,1021,1,,,0
7029,'1482532',1720,,1022,1,,,0
7029,'1482533',1800,,1023,1,,,0
7029,'1482534',1830,,1024,1,,,0
7029,'1482535',1930,,1025,1,,,0
7029,'1482536',2130,,1026,1,,,0
7029,'1482552',1000,,1042,1,,,0
7029,'1482555',2030,,1045,1,,,0
7029,'1482557',1100,,1047,1,,,0
7029,'1482559',1640,,1049,1,,,0
