7029,'1478755',740,,931,11,,,0
7029,'1478756',840,,932,11,,,0
7029,'1478757',1214,,933,11,,,0
7029,'1478758',810,,934,11,,,0
7029,'1478759',610,,935,11,,,0
7029,'1478761',1534,,937,11,,,0
7029,'1478762',1454,,938,11,,,0
7029,'1478763',1614,,939,11,,,0
7029,'1478764',1654,,940,11,,,0
7029,'1478765',1810,,941,11,,,0
7029,'1478766',1334,,942,11,,,0
7029,'1478767',1254,,943,11,,,0
7029,'1478768',1134,,944,11,,,0
7029,'1478769',940,,945,11,,,0
7029,'1478770',1054,,946,11,,,0
7029,'1478771',1014,,947,11,,,0
7029,'1478772',1910,,948,11,,,0
7029,'1478773',2010,,949,11,,,0
7029,'1478774',2110,,950,11,,,0
7029,'1478775',2210,,951,11,,,0
7029,'1478777',640,,953,11,,,0
7029,'1478780',710,,956,11,,,0
7029,'1478781',1414,,957,11,,,0
7029,'1478782',1734,,958,11,,,0
7029,'1478785',2310,,961,11,,,0
7029,'1478787',910,,963,11,,,0
7029,'1478788',1840,,964,11,,,0
7029,'1479019',640,,966,11,,,0
7029,'1479020',740,,967,11,,,0
7029,'1479021',840,,968,11,,,0
7029,'1479022',910,,969,11,,,0
7029,'1479023',940,,970,11,,,0
7029,'1479024',1014,,971,11,,,0
7029,'1479025',1134,,972,11,,,0
7029,'1479026',1214,,973,11,,,0
7029,'1479027',1254,,974,11,,,0
7029,'1479028',1334,,975,11,,,0
7029,'1479029',1454,,976,11,,,0
7029,'1479030',1534,,977,11,,,0
7029,'1479031',1614,,978,11,,,0
7029,'1479032',1654,,979,11,,,0
7029,'1479033',1810,,980,11,,,0
7029,'1479034',1840,,981,11,,,0
7029,'1479035',1940,,982,11,,,0
7029,'1479036',2040,,983,11,,,0
7029,'1479037',2140,,984,11,,,0
7029,'1479038',2240,,985,11,,,0
7029,'1479060',1054,,1007,11,,,0
7029,'1479061',1414,,1008,11,,,0
7029,'1479062',1734,,1009,11,,,0
7029,'1482522',710,,1012,11,,,0
7029,'1482523',810,,1013,11,,,0
7029,'1482524',910,,1014,11,,,0
7029,'1482525',1214,,1015,11,,,0
7029,'1482526',1254,,1016,11,,,0
7029,'1482527',1334,,1017,11,,,0
7029,'1482528',1414,,1018,11,,,0
7029,'1482529',1454,,1019,11,,,0
7029,'1482530',1534,,1020,11,,,0
7029,'1482531',1614,,1021,11,,,0
7029,'1482532',1734,,1022,11,,,0
7029,'1482533',1810,,1023,11,,,0
7029,'1482534',1840,,1024,11,,,0
7029,'1482535',1940,,1025,11,,,0
7029,'1482536',2140,,1026,11,,,0
7029,'1482552',1010,,1042,11,,,0
7029,'1482555',2040,,1045,11,,,0
7029,'1482557',1110,,1047,11,,,0
7029,'1482559',1654,,1049,11,,,0
