8019,'1478708',636,,1050,8,,,0
8019,'1478709',706,,1051,8,,,0
8019,'1478710',736,,1052,8,,,0
8019,'1478711',806,,1053,8,,,0
8019,'1478712',836,,1054,8,,,0
8019,'1478713',906,,1055,8,,,0
8019,'1478714',936,,1056,8,,,0
8019,'1478715',1006,,1057,8,,,0
8019,'1478716',1036,,1058,8,,,0
8019,'1478717',1106,,1059,8,,,0
8019,'1478718',1136,,1060,8,,,0
8019,'1478719',1206,,1061,8,,,0
8019,'1478720',1236,,1062,8,,,0
8019,'1478721',1306,,1063,8,,,0
8019,'1478722',1336,,1064,8,,,0
8019,'1478723',1406,,1065,8,,,0
8019,'1478724',1436,,1066,8,,,0
8019,'1478725',1506,,1067,8,,,0
8019,'1478726',1536,,1068,8,,,0
8019,'1478727',1606,,1069,8,,,0
8019,'1478728',1636,,1070,8,,,0
8019,'1478729',1706,,1071,8,,,0
8019,'1478730',1736,,1072,8,,,0
8019,'1478731',1806,,1073,8,,,0
8019,'1478732',1836,,1074,8,,,0
8019,'1478733',1936,,1075,8,,,0
8019,'1478734',2036,,1076,8,,,0
8019,'1478735',2136,,1077,8,,,0
8019,'1478736',2236,,1078,8,,,0
8019,'1478991',1436,,1079,8,,,0
8019,'1478992',1336,,1080,8,,,0
8019,'1478993',1506,,1081,8,,,0
8019,'1478994',1606,,1082,8,,,0
8019,'1478995',1706,,1083,8,,,0
8019,'1478996',1806,,1084,8,,,0
8019,'1478997',1906,,1085,8,,,0
8019,'1478998',2036,,1086,8,,,0
8019,'1478999',2206,,1087,8,,,0
8019,'1479000',1536,,1088,8,,,0
8019,'1479001',1736,,1089,8,,,0
8019,'1479002',1636,,1090,8,,,0
8019,'1479003',1836,,1091,8,,,0
8019,'1479004',2106,,1092,8,,,0
8019,'1479005',1936,,1093,8,,,0
8019,'1479006',1406,,1094,8,,,0
8019,'1479007',636,,1095,8,,,0
8019,'1479008',736,,1096,8,,,0
8019,'1479009',836,,1097,8,,,0
8019,'1479010',906,,1098,8,,,0
8019,'1479011',936,,1099,8,,,0
8019,'1479012',1006,,1100,8,,,0
8019,'1479013',1036,,1101,8,,,0
8019,'1479014',1106,,1102,8,,,0
8019,'1479015',1136,,1103,8,,,0
8019,'1479016',1206,,1104,8,,,0
8019,'1479017',1236,,1105,8,,,0
8019,'1479018',1306,,1106,8,,,0
8019,'1482560',736,,1107,8,,,0
8019,'1482561',836,,1108,8,,,0
8019,'1482562',936,,1109,8,,,0
8019,'1482563',1036,,1110,8,,,0
8019,'1482564',1236,,1111,8,,,0
8019,'1482565',1306,,1112,8,,,0
8019,'1482566',1336,,1113,8,,,0
8019,'1482567',1406,,1114,8,,,0
8019,'1482568',1436,,1115,8,,,0
8019,'1482569',1506,,1116,8,,,0
8019,'1482570',1536,,1117,8,,,0
8019,'1482571',1606,,1118,8,,,0
8019,'1482572',1636,,1119,8,,,0
8019,'1482573',1706,,1120,8,,,0
8019,'1482574',1736,,1121,8,,,0
8019,'1482575',1806,,1122,8,,,0
8019,'1482576',1836,,1123,8,,,0
8019,'1482577',1936,,1124,8,,,0
8019,'1482578',2036,,1125,8,,,0
8019,'1482579',2136,,1126,8,,,0
8019,'1482580',1136,,1127,8,,,0
8019,'1482581',1206,,1128,8,,,0
