10005019,'1478891',602,,1129,2,,,0
10005019,'1478892',702,,1130,2,,,0
10005019,'1478893',732,,1131,2,,,0
10005019,'1478894',802,,1132,2,,,0
10005019,'1478895',832,,1133,2,,,0
10005019,'1478896',902,,1134,2,,,0
10005019,'1478897',932,,1135,2,,,0
10005019,'1478898',1002,,1136,2,,,0
10005019,'1478899',1032,,1137,2,,,0
10005019,'1478900',1102,,1138,2,,,0
10005019,'1478901',1132,,1139,2,,,0
10005019,'1478902',1202,,1140,2,,,0
10005019,'1478903',1232,,1141,2,,,0
10005019,'1478904',1302,,1142,2,,,0
10005019,'1478905',1332,,1143,2,,,0
10005019,'1478906',1402,,1144,2,,,0
10005019,'1478907',1432,,1145,2,,,0
10005019,'1478908',1502,,1146,2,,,0
10005019,'1478909',1532,,1147,2,,,0
10005019,'1478910',1602,,1148,2,,,0
10005019,'1478911',1632,,1149,2,,,0
10005019,'1478912',1702,,1150,2,,,0
10005019,'1478913',1732,,1151,2,,,0
10005019,'1478914',1802,,1152,2,,,0
10005019,'1478915',1832,,1153,2,,,0
10005019,'1478916',1902,,1154,2,,,0
10005019,'1478917',1932,,1155,2,,,0
10005019,'1478918',2002,,1156,2,,,0
10005019,'1478919',2032,,1157,2,,,0
10005019,'1478920',2102,,1158,2,,,0
10005019,'1478921',2302,,1159,2,,,0
10005019,'1478922',2202,,1160,2,,,0
10005019,'1478923',632,,1161,2,,,0
10005019,'1479129',602,,1162,2,,,0
10005019,'1479130',702,,1163,2,,,0
10005019,'1479131',802,,1164,2,,,0
10005019,'1479132',832,,1165,2,,,0
10005019,'1479133',902,,1166,2,,,0
10005019,'1479134',932,,1167,2,,,0
10005019,'1479135',1002,,1168,2,,,0
10005019,'1479136',1032,,1169,2,,,0
10005019,'1479137',1102,,1170,2,,,0
10005019,'1479138',1132,,1171,2,,,0
10005019,'1479139',1202,,1172,2,,,0
10005019,'1479140',1232,,1173,2,,,0
10005019,'1479141',1302,,1174,2,,,0
10005019,'1479142',1332,,1175,2,,,0
10005019,'1479143',1402,,1176,2,,,0
10005019,'1479144',1432,,1177,2,,,0
10005019,'1479145',1502,,1178,2,,,0
10005019,'1479146',1532,,1179,2,,,0
10005019,'1479147',1602,,1180,2,,,0
10005019,'1479148',1632,,1181,2,,,0
10005019,'1479149',1702,,1182,2,,,0
10005019,'1479150',1732,,1183,2,,,0
10005019,'1479151',1802,,1184,2,,,0
10005019,'1479152',1832,,1185,2,,,0
10005019,'1479153',1902,,1186,2,,,0
10005019,'1479154',2002,,1187,2,,,0
10005019,'1479155',2102,,1188,2,,,0
10005019,'1479156',2202,,1189,2,,,0
10005019,'1479157',2302,,1190,2,,,0
10005019,'1482465',702,,1191,2,,,0
10005019,'1482466',802,,1192,2,,,0
10005019,'1482467',902,,1193,2,,,0
10005019,'1482468',1002,,1194,2,,,0
10005019,'1482469',1102,,1195,2,,,0
10005019,'1482470',1202,,1196,2,,,0
10005019,'1482471',1302,,1197,2,,,0
10005019,'1482472',1402,,1198,2,,,0
10005019,'1482473',1502,,1199,2,,,0
10005019,'1482474',1602,,1200,2,,,0
10005019,'1482475',1702,,1201,2,,,0
10005019,'1482476',1802,,1202,2,,,0
10005019,'1482477',1832,,1203,2,,,0
10005019,'1482478',1932,,1204,2,,,0
10005019,'1482479',2032,,1205,2,,,0
10005019,'1482480',2132,,1206,2,,,0
