1029,'1478644',613,,1,11,4,,0
1029,'1478645',643,,2,11,4,,0
1029,'1478646',713,,3,11,4,,0
1029,'1478647',743,,4,11,4,,0
1029,'1478648',813,,5,11,4,,0
1029,'1478649',843,,6,11,4,,0
1029,'1478650',913,,7,11,4,,0
1029,'1478651',943,,8,11,4,,0
1029,'1478652',1013,,9,11,4,,0
1029,'1478653',1043,,10,11,4,,0
1029,'1478654',1118,,11,11,4,,0
1029,'1478655',1158,,12,11,4,,0
1029,'1478656',1238,,13,11,4,,0
1029,'1478657',1318,,14,11,4,,0
1029,'1478658',1358,,15,11,4,,0
1029,'1478659',1438,,16,11,4,,0
1029,'1478660',1518,,17,11,4,,0
1029,'1478661',1558,,18,11,4,,0
1029,'1478662',1638,,19,11,4,,0
1029,'1478663',1718,,20,11,4,,0
1029,'1478664',1758,,21,11,4,,0
1029,'1478665',1828,,22,11,4,,0
1029,'1478666',1858,,23,11,4,,0
1029,'1478667',1928,,24,11,4,,0
1029,'1478668',1958,,25,11,4,,0
1029,'1478669',2028,,26,11,4,,0
1029,'1478670',2058,,27,11,4,,0
1029,'1478671',2128,,28,11,4,,0
1029,'1478672',2158,,29,11,4,,0
1029,'1478673',2228,,30,11,4,,0
1029,'1478674',2258,,31,11,4,,0
1029,'1478706',2328,,63,11,4,,0
1029,'1479336',628,,64,11,4,,0
1029,'1479337',728,,65,11,4,,0
1029,'1479340',828,,68,11,4,,0
1029,'1479341',858,,69,11,4,,0
1029,'1479342',928,,70,11,4,,0
1029,'1479343',958,,71,11,4,,0
1029,'1479344',1038,,72,11,4,,0
1029,'1479345',1118,,73,11,4,,0
1029,'1479353',1158,,81,11,4,,0
1029,'1479354',1238,,82,11,4,,0
1029,'1479355',1318,,83,11,4,,0
1029,'1479356',2138,,84,11,4,,0
1029,'1479357',1358,,85,11,4,,0
1029,'1479358',1438,,86,11,4,,0
1029,'1479359',1518,,87,11,4,,0
1029,'1479361',1558,,89,11,4,,0
1029,'1479362',1638,,90,11,4,,0
1029,'1479363',1718,,91,11,4,,0
1029,'1479364',1758,,92,11,4,,0
1029,'1479365',1828,,93,11,4,,0
1029,'1479377',2238,,105,11,4,,0
1029,'1479378',1858,,106,11,4,,0
1029,'1479379',1928,,107,11,4,,0
1029,'1479380',1958,,108,11,4,,0
1029,'1479381',2028,,109,11,4,,0
1029,'1479382',2058,,110,11,4,,0
1029,'1482285',728,,140,11,4,,0
1029,'1482286',828,,141,11,4,,0
1029,'1482287',858,,142,11,4,,0
1029,'1482288',928,,143,11,4,,0
1029,'1482289',958,,144,11,4,,0
1029,'1482290',1028,,145,11,4,,0
1029,'1482291',1058,,146,11,4,,0
1029,'1482292',1138,,147,11,4,,0
1029,'1482293',1218,,148,11,4,,0
1029,'1482294',1258,,149,11,4,,0
1029,'1482295',1338,,150,11,4,,0
1029,'1482296',1418,,151,11,4,,0
1029,'1482297',1458,,152,11,4,,0
1029,'1482298',1538,,153,11,4,,0
1029,'1482299',1618,,154,11,4,,0
1029,'1482300',1658,,155,11,4,,0
1029,'1482301',1728,,156,11,4,,0
1029,'1482302',1758,,157,11,4,,0
1029,'1482303',1828,,158,11,4,,0
1029,'1482304',1858,,159,11,4,,0
1029,'1482305',1928,,160,11,4,,0
1029,'1482306',2028,,161,11,4,,0
1029,'1482307',2128,,162,11,4,,0
1029,'1482308',2228,,163,11,4,,0
2019,'1478569',630,,186,1,,,0
2019,'1478570',700,,187,1,,,0
2019,'1478571',1420,,188,1,,,0
2019,'1478572',740,,189,1,,,0
2019,'1478573',1500,,190,1,,,0
2019,'1478574',1100,,191,1,,,0
2019,'1478575',940,,192,1,,,0
2019,'1478576',1220,,193,1,,,0
2019,'1478577',820,,194,1,,,0
2019,'1478578',1140,,195,1,,,0
2019,'1478579',1300,,196,1,,,0
2019,'1478580',1020,,197,1,,,0
2019,'1478581',1340,,198,1,,,0
2019,'1478582',1540,,199,1,,,0
2019,'1478583',1620,,200,1,,,0
2019,'1478584',1740,,201,1,,,0
2019,'1478585',1700,,202,1,,,0
2019,'1478586',1900,,203,1,,,0
2019,'1478587',1820,,204,1,,,0
2019,'1478588',1940,,205,1,,,0
2019,'1478589',2020,,206,1,,,0
2019,'1478590',2100,,207,1,,,0
2019,'1478591',2230,,208,1,,,0
2019,'1478592',900,,209,1,,,0
2019,'1478596',500,,213,1,,,0
2019,'1478597',530,,214,1,,,0
2019,'1478599',600,,216,1,,,0
2019,'1478623',720,,240,1,,,0
2019,'1478624',2040,,241,1,,,0
2019,'1478625',800,,242,1,,,0
2019,'1478626',840,,243,1,,,0
2019,'1478627',920,,244,1,,,0
2019,'1478628',1000,,245,1,,,0
2019,'1478629',1040,,246,1,,,0
2019,'1478630',1120,,247,1,,,0
2019,'1478631',1200,,248,1,,,0
2019,'1478632',1240,,249,1,,,0
2019,'1478633',1320,,250,1,,,0
2019,'1478634',1400,,251,1,,,0
2019,'1478635',1440,,252,1,,,0
2019,'1478636',1520,,253,1,,,0
2019,'1478637',1600,,254,1,,,0
2019,'1478638',1640,,255,1,,,0
2019,'1478639',1720,,256,1,,,0
2019,'1478640',1800,,257,1,,,0
2019,'1478641',1840,,258,1,,,0
2019,'1478642',1920,,259,1,,,0
2019,'1478643',2000,,260,1,,,0
2019,'1479288',630,,261,1,,,0
2019,'1479289',730,,262,1,,,0
2019,'1479292',800,,265,1,,,0
2019,'1479293',840,,266,1,,,0
2019,'1479294',920,,267,1,,,0
2019,'1479295',1000,,268,1,,,0
2019,'1479296',1040,,269,1,,,0
2019,'1479297',1120,,270,1,,,0
2019,'1479298',1200,,271,1,,,0
2019,'1479306',1240,,279,1,,,0
2019,'1479307',1320,,280,1,,,0
2019,'1479308',1400,,281,1,,,0
2019,'1479309',1440,,282,1,,,0
2019,'1479310',1520,,283,1,,,0
2019,'1479311',1600,,284,1,,,0
2019,'1479312',1640,,285,1,,,0
2019,'1479313',1720,,286,1,,,0
2019,'1479314',1800,,287,1,,,0
2019,'1479323',1920,,296,1,,,0
2019,'1479326',2040,,299,1,,,0
2019,'1479327',2140,,300,1,,,0
2019,'1479331',2000,,304,1,,,0
2019,'1479334',2240,,307,1,,,0
2019,'1479335',1840,,308,1,,,0
2019,'1482309',730,,309,1,,,0
2019,'1482310',800,,310,1,,,0
2019,'1482311',840,,311,1,,,0
2019,'1482312',920,,312,1,,,0
2019,'1482313',1000,,313,1,,,0
2019,'1482314',1040,,314,1,,,0
2019,'1482315',1120,,315,1,,,0
2019,'1482316',1200,,316,1,,,0
2019,'1482317',1240,,317,1,,,0
2019,'1482318',1320,,318,1,,,0
2019,'1482319',1400,,319,1,,,0
2019,'1482320',1440,,320,1,,,0
2019,'1482321',1520,,321,1,,,0
2019,'1482322',1600,,322,1,,,0
2019,'1482323',1640,,323,1,,,0
2019,'1482324',1720,,324,1,,,0
2019,'1482325',1800,,325,1,,,0
2019,'1482326',1900,,326,1,,,0
2019,'1482327',2000,,327,1,,,0
2019,'1482328',2100,,328,1,,,0
2019,'1482349',2200,,349,1,,,0
2029,'1478547',657,,164,15,4,,0
2029,'1478548',738,,165,15,4,,0
2029,'1478549',818,,166,15,4,,0
2029,'1478550',1018,,167,15,4,,0
2029,'1478551',1058,,168,15,4,,0
2029,'1478552',1138,,169,15,4,,0
2029,'1478553',1218,,170,15,4,,0
2029,'1478554',1258,,171,15,4,,0
2029,'1478555',1338,,172,15,4,,0
2029,'1478556',1418,,173,15,4,,0
2029,'1478557',1458,,174,15,4,,0
2029,'1478558',1538,,175,15,4,,0
2029,'1478559',1618,,176,15,4,,0
2029,'1478560',1658,,177,15,4,,0
2029,'1478561',1738,,178,15,4,,0
2029,'1478562',1818,,179,15,4,,0
2029,'1478563',1858,,180,15,4,,0
2029,'1478564',1938,,181,15,4,,0
2029,'1478565',2018,,182,15,4,,0
2029,'1478566',2058,,183,15,4,,0
2029,'1478567',2127,,184,15,4,,0
2029,'1478568',2257,,185,15,4,,0
2029,'1478593',858,,210,15,4,,0
2029,'1478594',938,,211,15,4,,0
2029,'1478595',557,,212,15,4,,0
2029,'1478598',527,,215,15,4,,0
2029,'1478600',627,,217,15,4,,0
2029,'1478601',712,,218,15,4,,0
2029,'1478602',758,,219,15,4,,0
2029,'1478603',838,,220,15,4,,0
2029,'1478604',918,,221,15,4,,0
2029,'1478605',958,,222,15,4,,0
2029,'1478606',1038,,223,15,4,,0
2029,'1478607',1118,,224,15,4,,0
2029,'1478608',1158,,225,15,4,,0
2029,'1478609',1238,,226,15,4,,0
2029,'1478610',1318,,227,15,4,,0
2029,'1478611',1358,,228,15,4,,0
2029,'1478612',1438,,229,15,4,,0
2029,'1478613',1518,,230,15,4,,0
2029,'1478614',1558,,231,15,4,,0
2029,'1478615',1638,,232,15,4,,0
2029,'1478616',1718,,233,15,4,,0
2029,'1478617',1758,,234,15,4,,0
2029,'1478618',1838,,235,15,4,,0
2029,'1478619',1918,,236,15,4,,0
2029,'1478620',1958,,237,15,4,,0
2029,'1478621',2038,,238,15,4,,0
2029,'1478622',2118,,239,15,4,,0
2029,'1479290',657,,263,15,4,,0
2029,'1479291',757,,264,15,4,,0
2029,'1479299',834,,272,15,4,,0
2029,'1479300',914,,273,15,4,,0
2029,'1479301',954,,274,15,4,,0
2029,'1479302',1034,,275,15,4,,0
2029,'1479303',1114,,276,15,4,,0
2029,'1479304',1154,,277,15,4,,0
2029,'1479305',1234,,278,15,4,,0
2029,'1479315',1314,,288,15,4,,0
2029,'1479316',1354,,289,15,4,,0
2029,'1479317',1434,,290,15,4,,0
2029,'1479318',1514,,291,15,4,,0
2029,'1479319',1554,,292,15,4,,0
2029,'1479320',1634,,293,15,4,,0
2029,'1479321',1714,,294,15,4,,0
2029,'1479322',1754,,295,15,4,,0
2029,'1479324',1914,,297,15,4,,0
2029,'1479325',1954,,298,15,4,,0
2029,'1479328',2034,,301,15,4,,0
2029,'1479329',2107,,302,15,4,,0
2029,'1479330',1834,,303,15,4,,0
2029,'1479332',2307,,305,15,4,,0
2029,'1479333',2207,,306,15,4,,0
2029,'1482329',757,,329,15,4,,0
2029,'1482330',838,,330,15,4,,0
2029,'1482331',918,,331,15,4,,0
2029,'1482332',958,,332,15,4,,0
2029,'1482333',1038,,333,15,4,,0
2029,'1482334',1118,,334,15,4,,0
2029,'1482335',1158,,335,15,4,,0
2029,'1482336',1238,,336,15,4,,0
2029,'1482337',1318,,337,15,4,,0
2029,'1482338',1358,,338,15,4,,0
2029,'1482339',1438,,339,15,4,,0
2029,'1482340',1518,,340,15,4,,0
2029,'1482341',1638,,341,15,4,,0
2029,'1482342',1558,,342,15,4,,0
2029,'1482343',1718,,343,15,4,,0
2029,'1482344',1838,,344,15,4,,0
2029,'1482345',1758,,345,15,4,,0
2029,'1482346',2027,,346,15,4,,0
2029,'1482347',1927,,347,15,4,,0
2029,'1482348',2127,,348,15,4,,0
2029,'1482350',2227,,350,15,4,,0
