6019,'1478821',649,,806,25,,,0
6019,'1478822',749,,807,25,,,0
6019,'1478823',819,,808,25,,,0
6019,'1478824',849,,809,25,,,0
6019,'1478825',919,,810,25,,,0
6019,'1478826',949,,811,25,,,0
6019,'1478827',1019,,812,25,,,0
6019,'1478828',1049,,813,25,,,0
6019,'1478829',1119,,814,25,,,0
6019,'1478830',1149,,815,25,,,0
6019,'1478831',1219,,816,25,,,0
6019,'1478832',1249,,817,25,,,0
6019,'1478833',1319,,818,25,,,0
6019,'1478834',1349,,819,25,,,0
6019,'1478835',1419,,820,25,,,0
6019,'1478836',1449,,821,25,,,0
6019,'1478837',1519,,822,25,,,0
6019,'1478838',1549,,823,25,,,0
6019,'1478839',1619,,824,25,,,0
6019,'1478840',1649,,825,25,,,0
6019,'1478841',1719,,826,25,,,0
6019,'1478842',1749,,827,25,,,0
6019,'1478843',1819,,828,25,,,0
6019,'1478844',1849,,829,25,,,0
6019,'1478845',1919,,830,25,,,0
6019,'1478846',1949,,831,25,,,0
6019,'1478847',2019,,832,25,,,0
6019,'1478848',2049,,833,25,,,0
6019,'1478849',2119,,834,25,,,0
6019,'1478850',2219,,835,25,,,0
6019,'1478851',2319,,836,25,,,0
6019,'1478852',549,,837,25,,,0
6019,'1478853',719,,838,25,,,0
6019,'1478855',619,,840,25,,,0
6019,'1479065',619,,842,25,,,0
6019,'1479066',649,,843,25,,,0
6019,'1479067',719,,844,25,,,0
6019,'1479068',749,,845,25,,,0
6019,'1479069',819,,846,25,,,0
6019,'1479070',919,,847,25,,,0
6019,'1479071',1019,,848,25,,,0
6019,'1479072',1119,,849,25,,,0
6019,'1479073',1219,,850,25,,,0
6019,'1479074',1319,,851,25,,,0
6019,'1479075',1419,,852,25,,,0
6019,'1479076',1519,,853,25,,,0
6019,'1479077',1619,,854,25,,,0
6019,'1479078',1719,,855,25,,,0
6019,'1479079',1819,,856,25,,,0
6019,'1479080',1919,,857,25,,,0
6019,'1479081',2019,,858,25,,,0
6019,'1479082',2119,,859,25,,,0
6019,'1479083',2219,,860,25,,,0
6019,'1479103',2315,,880,25,,,0
6019,'1482491',719,,882,25,,,0
6019,'1482492',819,,883,25,,,0
6019,'1482493',919,,884,25,,,0
6019,'1482494',1019,,885,25,,,0
6019,'1482495',1119,,886,25,,,0
6019,'1482496',1219,,887,25,,,0
6019,'1482497',1319,,888,25,,,0
6019,'1482498',1419,,889,25,,,0
6019,'1482499',1519,,890,25,,,0
6019,'1482500',1619,,891,25,,,0
6019,'1482501',1719,,892,25,,,0
6019,'1482502',1819,,893,25,,,0
6019,'1482503',1919,,894,25,,,0
6019,'1482504',2019,,895,25,,,0
6019,'1482505',2119,,896,25,,,0
6019,'1482506',2215,,897,25,,,0
