8019,'1478708',643,,1050,19,,,0
8019,'1478709',713,,1051,19,,,0
8019,'1478710',743,,1052,19,,,0
8019,'1478711',813,,1053,19,,,0
8019,'1478712',843,,1054,19,,,0
8019,'1478713',913,,1055,19,,,0
8019,'1478714',943,,1056,19,,,0
8019,'1478715',1015,,1057,19,,,0
8019,'1478716',1045,,1058,19,,,0
8019,'1478717',1115,,1059,19,,,0
8019,'1478718',1145,,1060,19,,,0
8019,'1478719',1215,,1061,19,,,0
8019,'1478720',1245,,1062,19,,,0
8019,'1478721',1315,,1063,19,,,0
8019,'1478722',1345,,1064,19,,,0
8019,'1478723',1415,,1065,19,,,0
8019,'1478724',1445,,1066,19,,,0
8019,'1478725',1515,,1067,19,,,0
8019,'1478726',1545,,1068,19,,,0
8019,'1478727',1615,,1069,19,,,0
8019,'1478728',1645,,1070,19,,,0
8019,'1478729',1715,,1071,19,,,0
8019,'1478730',1743,,1072,19,,,0
8019,'1478731',1813,,1073,19,,,0
8019,'1478732',1843,,1074,19,,,0
8019,'1478733',1943,,1075,19,,,0
8019,'1478734',2043,,1076,19,,,0
8019,'1478735',2143,,1077,19,,,0
8019,'1478736',2243,,1078,19,,,0
8019,'1478991',1445,,1079,19,,,0
8019,'1478992',1345,,1080,19,,,0
8019,'1478993',1515,,1081,19,,,0
8019,'1478994',1615,,1082,19,,,0
8019,'1478995',1715,,1083,19,,,0
8019,'1478996',1813,,1084,19,,,0
8019,'1478997',1913,,1085,19,,,0
8019,'1478998',2043,,1086,19,,,0
8019,'1478999',2213,,1087,19,,,0
8019,'1479000',1545,,1088,19,,,0
8019,'1479001',1743,,1089,19,,,0
8019,'1479002',1645,,1090,19,,,0
8019,'1479003',1843,,1091,19,,,0
8019,'1479004',2113,,1092,19,,,0
8019,'1479005',1943,,1093,19,,,0
8019,'1479006',1415,,1094,19,,,0
8019,'1479007',643,,1095,19,,,0
8019,'1479008',743,,1096,19,,,0
8019,'1479009',843,,1097,19,,,0
8019,'1479010',913,,1098,19,,,0
8019,'1479011',943,,1099,19,,,0
8019,'1479012',1015,,1100,19,,,0
8019,'1479013',1045,,1101,19,,,0
8019,'1479014',1115,,1102,19,,,0
8019,'1479015',1145,,1103,19,,,0
8019,'1479016',1215,,1104,19,,,0
8019,'1479017',1245,,1105,19,,,0
8019,'1479018',1315,,1106,19,,,0
8019,'1482560',743,,1107,19,,,0
8019,'1482561',843,,1108,19,,,0
8019,'1482562',943,,1109,19,,,0
8019,'1482563',1045,,1110,19,,,0
8019,'1482564',1245,,1111,19,,,0
8019,'1482565',1315,,1112,19,,,0
8019,'1482566',1345,,1113,19,,,0
8019,'1482567',1415,,1114,19,,,0
8019,'1482568',1445,,1115,19,,,0
8019,'1482569',1515,,1116,19,,,0
8019,'1482570',1545,,1117,19,,,0
8019,'1482571',1615,,1118,19,,,0
8019,'1482572',1645,,1119,19,,,0
8019,'1482573',1715,,1120,19,,,0
8019,'1482574',1743,,1121,19,,,0
8019,'1482575',1813,,1122,19,,,0
8019,'1482576',1843,,1123,19,,,0
8019,'1482577',1943,,1124,19,,,0
8019,'1482578',2043,,1125,19,,,0
8019,'1482579',2143,,1126,19,,,0
8019,'1482580',1143,,1127,19,,,0
8019,'1482581',1215,,1128,19,,,0
