2019,'1478569',640,,186,14,,,0
2019,'1478570',710,,187,14,,,0
2019,'1478571',1435,,188,14,,,0
2019,'1478572',755,,189,14,,,0
2019,'1478573',1515,,190,14,,,0
2019,'1478574',1115,,191,14,,,0
2019,'1478575',955,,192,14,,,0
2019,'1478576',1235,,193,14,,,0
2019,'1478577',835,,194,14,,,0
2019,'1478578',1155,,195,14,,,0
2019,'1478579',1315,,196,14,,,0
2019,'1478580',1035,,197,14,,,0
2019,'1478581',1355,,198,14,,,0
2019,'1478582',1555,,199,14,,,0
2019,'1478583',1635,,200,14,,,0
2019,'1478584',1755,,201,14,,,0
2019,'1478585',1715,,202,14,,,0
2019,'1478586',1915,,203,14,,,0
2019,'1478587',1835,,204,14,,,0
2019,'1478588',1955,,205,14,,,0
2019,'1478589',2035,,206,14,,,0
2019,'1478590',2110,,207,14,,,0
2019,'1478591',2240,,208,14,,,0
2019,'1478592',915,,209,14,,,0
2019,'1478596',510,,213,14,,,0
2019,'1478597',540,,214,14,,,0
2019,'1478599',610,,216,14,,,0
2019,'1478623',730,,240,14,,,0
2019,'1478624',2055,,241,14,,,0
2019,'1478625',815,,242,14,,,0
2019,'1478626',855,,243,14,,,0
2019,'1478627',935,,244,14,,,0
2019,'1478628',1015,,245,14,,,0
2019,'1478629',1055,,246,14,,,0
2019,'1478630',1135,,247,14,,,0
2019,'1478631',1215,,248,14,,,0
2019,'1478632',1255,,249,14,,,0
2019,'1478633',1335,,250,14,,,0
2019,'1478634',1415,,251,14,,,0
2019,'1478635',1455,,252,14,,,0
2019,'1478636',1535,,253,14,,,0
2019,'1478637',1615,,254,14,,,0
2019,'1478638',1655,,255,14,,,0
2019,'1478639',1735,,256,14,,,0
2019,'1478640',1815,,257,14,,,0
2019,'1478641',1855,,258,14,,,0
2019,'1478642',1935,,259,14,,,0
2019,'1478643',2015,,260,14,,,0
2019,'1479288',640,,261,14,,,0
2019,'1479289',740,,262,14,,,0
2019,'1479292',810,,265,14,,,0
2019,'1479293',852,,266,14,,,0
2019,'1479294',932,,267,14,,,0
2019,'1479295',1012,,268,14,,,0
2019,'1479296',1052,,269,14,,,0
2019,'1479297',1132,,270,14,,,0
2019,'1479298',1212,,271,14,,,0
2019,'1479306',1252,,279,14,,,0
2019,'1479307',1332,,280,14,,,0
2019,'1479308',1412,,281,14,,,0
2019,'1479309',1452,,282,14,,,0
2019,'1479310',1532,,283,14,,,0
2019,'1479311',1612,,284,14,,,0
2019,'1479312',1652,,285,14,,,0
2019,'1479313',1732,,286,14,,,0
2019,'1479314',1812,,287,14,,,0
2019,'1479323',1932,,296,14,,,0
2019,'1479326',2050,,299,14,,,0
2019,'1479327',2150,,300,14,,,0
2019,'1479331',2012,,304,14,,,0
2019,'1479334',2250,,307,14,,,0
2019,'1479335',1852,,308,14,,,0
2019,'1482309',740,,309,14,,,0
2019,'1482310',815,,310,14,,,0
2019,'1482311',855,,311,14,,,0
2019,'1482312',935,,312,14,,,0
2019,'1482313',1015,,313,14,,,0
2019,'1482314',1055,,314,14,,,0
2019,'1482315',1135,,315,14,,,0
2019,'1482316',1215,,316,14,,,0
2019,'1482317',1255,,317,14,,,0
2019,'1482318',1335,,318,14,,,0
2019,'1482319',1415,,319,14,,,0
2019,'1482320',1455,,320,14,,,0
2019,'1482321',1535,,321,14,,,0
2019,'1482322',1615,,322,14,,,0
2019,'1482323',1655,,323,14,,,0
2019,'1482324',1735,,324,14,,,0
2019,'1482325',1815,,325,14,,,0
2019,'1482326',1910,,326,14,,,0
2019,'1482327',2010,,327,14,,,0
2019,'1482328',2110,,328,14,,,0
2019,'1482349',2210,,349,14,,,0
