4029,'1478434',619,,531,2,,,0
4029,'1478435',649,,532,2,,,0
4029,'1478436',734,,533,2,,,0
4029,'1478437',849,,534,2,,,0
4029,'1478438',934,,535,2,,,0
4029,'1478439',1019,,536,2,,,0
4029,'1478440',1034,,537,2,,,0
4029,'1478441',1134,,538,2,,,0
4029,'1478442',1219,,539,2,,,0
4029,'1478443',1234,,540,2,,,0
4029,'1478444',1334,,541,2,,,0
4029,'1478445',1419,,542,2,,,0
4029,'1478446',1434,,543,2,,,0
4029,'1478447',1534,,544,2,,,0
4029,'1478448',1619,,545,2,,,0
4029,'1478449',1634,,546,2,,,0
4029,'1478450',1734,,547,2,,,0
4029,'1478451',1819,,548,2,,,0
4029,'1478452',1949,,549,2,,,0
4029,'1478453',2019,,550,2,,,0
4029,'1478454',2049,,551,2,,,0
4029,'1478455',2149,,552,2,,,0
4029,'1478456',2219,,553,2,,,0
4029,'1478481',2249,,578,2,,,0
4029,'1478482',1849,,579,2,,,0
4029,'1478484',1304,,581,2,,,0
4029,'1478485',1149,,582,2,,,0
4029,'1478486',1249,,583,2,,,0
4029,'1478490',704,,587,2,,,0
4029,'1478492',949,,589,2,,,0
4029,'1478493',904,,590,2,,,0
4029,'1478494',834,,591,2,,,0
4029,'1478499',1049,,596,2,,,0
4029,'1478500',1104,,597,2,,,0
4029,'1478501',1349,,598,2,,,0
4029,'1478502',1449,,599,2,,,0
4029,'1478503',1649,,600,2,,,0
4029,'1478504',1704,,601,2,,,0
4029,'1478505',1549,,602,2,,,0
4029,'1478506',1504,,603,2,,,0
4029,'1478519',719,,616,2,,,0
4029,'1478520',919,,617,2,,,0
4029,'1478521',1119,,618,2,,,0
4029,'1478522',1319,,619,2,,,0
4029,'1478523',1519,,620,2,,,0
4029,'1478524',1719,,621,2,,,0
4029,'1478525',1919,,622,2,,,0
4029,'1478526',2119,,623,2,,,0
4029,'1478527',2319,,624,2,,,0
4029,'1478534',804,,631,2,,,0
4029,'1478535',1004,,632,2,,,0
4029,'1478536',1204,,633,2,,,0
4029,'1478537',1404,,634,2,,,0
4029,'1478538',1604,,635,2,,,0
4029,'1478539',1749,,636,2,,,0
4029,'1478543',819,,640,2,,,0
4029,'1478546',749,,643,2,,,0
4029,'1479184',619,,670,2,,,0
4029,'1479185',649,,671,2,,,0
4029,'1479186',819,,672,2,,,0
4029,'1479187',749,,673,2,,,0
4029,'1479188',849,,674,2,,,0
4029,'1479189',949,,675,2,,,0
4029,'1479190',1019,,676,2,,,0
4029,'1479191',1149,,677,2,,,0
4029,'1479192',1049,,678,2,,,0
4029,'1479193',1249,,679,2,,,0
4029,'1479194',1219,,680,2,,,0
4029,'1479195',1349,,681,2,,,0
4029,'1479196',1449,,682,2,,,0
4029,'1479197',1419,,683,2,,,0
4029,'1479198',1549,,684,2,,,0
4029,'1479199',1649,,685,2,,,0
4029,'1479200',1619,,686,2,,,0
4029,'1479201',1749,,687,2,,,0
4029,'1479202',2219,,688,2,,,0
4029,'1479203',1819,,689,2,,,0
4029,'1479204',1849,,690,2,,,0
4029,'1479205',1949,,691,2,,,0
4029,'1479206',2019,,692,2,,,0
4029,'1479207',2049,,693,2,,,0
4029,'1479208',2149,,694,2,,,0
4029,'1479209',2249,,695,2,,,0
4029,'1479210',2319,,696,2,,,0
4029,'1479211',2119,,697,2,,,0
4029,'1479221',719,,707,2,,,0
4029,'1479222',919,,708,2,,,0
4029,'1479223',1119,,709,2,,,0
4029,'1479224',1319,,710,2,,,0
4029,'1479225',1519,,711,2,,,0
4029,'1479226',1719,,712,2,,,0
4029,'1479227',1919,,713,2,,,0
4029,'1482405',2119,,714,2,,,0
4029,'1482428',719,,737,2,,,0
4029,'1482429',819,,738,2,,,0
4029,'1482430',849,,739,2,,,0
4029,'1482431',919,,740,2,,,0
4029,'1482432',1019,,741,2,,,0
4029,'1482433',1049,,742,2,,,0
4029,'1482434',1119,,743,2,,,0
4029,'1482435',1219,,744,2,,,0
4029,'1482436',1249,,745,2,,,0
4029,'1482437',1319,,746,2,,,0
4029,'1482438',1419,,747,2,,,0
4029,'1482439',1449,,748,2,,,0
4029,'1482440',1519,,749,2,,,0
4029,'1482441',1619,,750,2,,,0
4029,'1482442',1649,,751,2,,,0
4029,'1482443',1719,,752,2,,,0
4029,'1482444',1819,,753,2,,,0
4029,'1482445',1849,,754,2,,,0
4029,'1482446',1919,,755,2,,,0
4029,'1482447',2019,,756,2,,,0
4029,'1482448',2049,,757,2,,,0
4029,'1482452',749,,761,2,,,0
4029,'1482453',949,,762,2,,,0
4029,'1482454',1149,,763,2,,,0
4029,'1482455',1349,,764,2,,,0
4029,'1482456',1549,,765,2,,,0
4029,'1482457',1749,,766,2,,,0
4029,'1482458',1949,,767,2,,,0
4029,'1482459',2149,,768,2,,,0
