6029,'1478790',621,,775,27,,,0
6029,'1478791',721,,776,27,,,0
6029,'1478792',751,,777,27,,,0
6029,'1478793',821,,778,27,,,0
6029,'1478794',851,,779,27,,,0
6029,'1478795',921,,780,27,,,0
6029,'1478796',951,,781,27,,,0
6029,'1478797',1021,,782,27,,,0
6029,'1478798',1051,,783,27,,,0
6029,'1478799',1121,,784,27,,,0
6029,'1478800',1151,,785,27,,,0
6029,'1478801',1221,,786,27,,,0
6029,'1478802',1251,,787,27,,,0
6029,'1478803',1321,,788,27,,,0
6029,'1478804',1351,,789,27,,,0
6029,'1478805',1421,,790,27,,,0
6029,'1478806',1451,,791,27,,,0
6029,'1478807',1521,,792,27,,,0
6029,'1478808',1551,,793,27,,,0
6029,'1478809',1621,,794,27,,,0
6029,'1478810',1651,,795,27,,,0
6029,'1478811',1721,,796,27,,,0
6029,'1478812',1751,,797,27,,,0
6029,'1478813',1821,,798,27,,,0
6029,'1478814',1851,,799,27,,,0
6029,'1478815',1921,,800,27,,,0
6029,'1478816',1951,,801,27,,,0
6029,'1478817',2021,,802,27,,,0
6029,'1478818',2051,,803,27,,,0
6029,'1478819',2151,,804,27,,,0
6029,'1478820',2251,,805,27,,,0
6029,'1478854',551,,839,27,,,0
6029,'1478856',651,,841,27,,,0
6029,'1479084',651,,861,27,,,0
6029,'1479085',721,,862,27,,,0
6029,'1479086',751,,863,27,,,0
6029,'1479087',851,,864,27,,,0
6029,'1479088',951,,865,27,,,0
6029,'1479089',1051,,866,27,,,0
6029,'1479090',1151,,867,27,,,0
6029,'1479091',1251,,868,27,,,0
6029,'1479092',1351,,869,27,,,0
6029,'1479093',1451,,870,27,,,0
6029,'1479094',1551,,871,27,,,0
6029,'1479095',1651,,872,27,,,0
6029,'1479096',1751,,873,27,,,0
6029,'1479097',1851,,874,27,,,0
6029,'1479098',1951,,875,27,,,0
6029,'1479099',2051,,876,27,,,0
6029,'1479100',2151,,877,27,,,0
6029,'1479101',2251,,878,27,,,0
6029,'1479102',621,,879,27,,,0
6029,'1479104',821,,881,27,,,0
6029,'1482507',751,,898,27,,,0
6029,'1482508',851,,899,27,,,0
6029,'1482509',951,,900,27,,,0
6029,'1482510',1151,,901,27,,,0
6029,'1482511',1051,,902,27,,,0
6029,'1482512',1351,,903,27,,,0
6029,'1482513',1251,,904,27,,,0
6029,'1482514',1451,,905,27,,,0
6029,'1482515',1551,,906,27,,,0
6029,'1482516',1651,,907,27,,,0
6029,'1482517',1751,,908,27,,,0
6029,'1482518',1851,,909,27,,,0
6029,'1482519',1951,,910,27,,,0
6029,'1482520',2051,,911,27,,,0
6029,'1482521',2151,,912,27,,,0
140000019,'1478707',2350,,1275,27,,,0
140000019,'1478990',2350,,1276,27,,,0
140000019,'1482582',2250,,1277,27,,,0
