10005019,'1478891',612,,1129,12,,,0
10005019,'1478892',712,,1130,12,,,0
10005019,'1478893',742,,1131,12,,,0
10005019,'1478894',812,,1132,12,,,0
10005019,'1478895',842,,1133,12,,,0
10005019,'1478896',912,,1134,12,,,0
10005019,'1478897',942,,1135,12,,,0
10005019,'1478898',1012,,1136,12,,,0
10005019,'1478899',1042,,1137,12,,,0
10005019,'1478900',1112,,1138,12,,,0
10005019,'1478901',1142,,1139,12,,,0
10005019,'1478902',1212,,1140,12,,,0
10005019,'1478903',1242,,1141,12,,,0
10005019,'1478904',1312,,1142,12,,,0
10005019,'1478905',1342,,1143,12,,,0
10005019,'1478906',1412,,1144,12,,,0
10005019,'1478907',1442,,1145,12,,,0
10005019,'1478908',1512,,1146,12,,,0
10005019,'1478909',1542,,1147,12,,,0
10005019,'1478910',1612,,1148,12,,,0
10005019,'1478911',1642,,1149,12,,,0
10005019,'1478912',1712,,1150,12,,,0
10005019,'1478913',1742,,1151,12,,,0
10005019,'1478914',1812,,1152,12,,,0
10005019,'1478915',1842,,1153,12,,,0
10005019,'1478916',1912,,1154,12,,,0
10005019,'1478917',1942,,1155,12,,,0
10005019,'1478918',2012,,1156,12,,,0
10005019,'1478919',2042,,1157,12,,,0
10005019,'1478920',2112,,1158,12,,,0
10005019,'1478921',2312,,1159,12,,,0
10005019,'1478922',2212,,1160,12,,,0
10005019,'1478923',642,,1161,12,,,0
10005019,'1479129',611,,1162,12,,,0
10005019,'1479130',711,,1163,12,,,0
10005019,'1479131',812,,1164,12,,,0
10005019,'1479132',842,,1165,12,,,0
10005019,'1479133',912,,1166,12,,,0
10005019,'1479134',942,,1167,12,,,0
10005019,'1479135',1012,,1168,12,,,0
10005019,'1479136',1042,,1169,12,,,0
10005019,'1479137',1112,,1170,12,,,0
10005019,'1479138',1142,,1171,12,,,0
10005019,'1479139',1212,,1172,12,,,0
10005019,'1479140',1242,,1173,12,,,0
10005019,'1479141',1312,,1174,12,,,0
10005019,'1479142',1342,,1175,12,,,0
10005019,'1479143',1412,,1176,12,,,0
10005019,'1479144',1442,,1177,12,,,0
10005019,'1479145',1512,,1178,12,,,0
10005019,'1479146',1542,,1179,12,,,0
10005019,'1479147',1612,,1180,12,,,0
10005019,'1479148',1642,,1181,12,,,0
10005019,'1479149',1712,,1182,12,,,0
10005019,'1479150',1742,,1183,12,,,0
10005019,'1479151',1812,,1184,12,,,0
10005019,'1479152',1842,,1185,12,,,0
10005019,'1479153',1912,,1186,12,,,0
10005019,'1479154',2012,,1187,12,,,0
10005019,'1479155',2112,,1188,12,,,0
10005019,'1479156',2212,,1189,12,,,0
10005019,'1479157',2312,,1190,12,,,0
10005019,'1482465',712,,1191,12,,,0
10005019,'1482466',812,,1192,12,,,0
10005019,'1482467',912,,1193,12,,,0
10005019,'1482468',1012,,1194,12,,,0
10005019,'1482469',1112,,1195,12,,,0
10005019,'1482470',1212,,1196,12,,,0
10005019,'1482471',1312,,1197,12,,,0
10005019,'1482472',1412,,1198,12,,,0
10005019,'1482473',1512,,1199,12,,,0
10005019,'1482474',1612,,1200,12,,,0
10005019,'1482475',1712,,1201,12,,,0
10005019,'1482476',1812,,1202,12,,,0
10005019,'1482477',1842,,1203,12,,,0
10005019,'1482478',1942,,1204,12,,,0
10005019,'1482479',2042,,1205,12,,,0
10005019,'1482480',2142,,1206,12,,,0
