10005019,'1478891',600,,1129,1,,,0,26,,1129,23,4,,0
10005019,'1478892',700,,1130,1,,,0,26,,1130,23,4,,0
10005019,'1478893',730,,1131,1,,,0,26,,1131,23,4,,0
10005019,'1478894',800,,1132,1,,,0,26,,1132,23,4,,0
10005019,'1478895',830,,1133,1,,,0,26,,1133,23,4,,0
10005019,'1478896',900,,1134,1,,,0,26,,1134,23,4,,0
10005019,'1478897',930,,1135,1,,,0,26,,1135,23,4,,0
10005019,'1478898',1000,,1136,1,,,0,26,,1136,23,4,,0
10005019,'1478899',1030,,1137,1,,,0,26,,1137,23,4,,0
10005019,'1478900',1100,,1138,1,,,0,26,,1138,23,4,,0
10005019,'1478901',1130,,1139,1,,,0,26,,1139,23,4,,0
10005019,'1478902',1200,,1140,1,,,0,26,,1140,23,4,,0
10005019,'1478903',1230,,1141,1,,,0,26,,1141,23,4,,0
10005019,'1478904',1300,,1142,1,,,0,26,,1142,23,4,,0
10005019,'1478905',1330,,1143,1,,,0,26,,1143,23,4,,0
10005019,'1478906',1400,,1144,1,,,0,26,,1144,23,4,,0
10005019,'1478907',1430,,1145,1,,,0,26,,1145,23,4,,0
10005019,'1478908',1500,,1146,1,,,0,26,,1146,23,4,,0
10005019,'1478909',1530,,1147,1,,,0,26,,1147,23,4,,0
10005019,'1478910',1600,,1148,1,,,0,26,,1148,23,4,,0
10005019,'1478911',1630,,1149,1,,,0,26,,1149,23,4,,0
10005019,'1478912',1700,,1150,1,,,0,26,,1150,23,4,,0
10005019,'1478913',1730,,1151,1,,,0,26,,1151,23,4,,0
10005019,'1478914',1800,,1152,1,,,0,26,,1152,23,4,,0
10005019,'1478915',1830,,1153,1,,,0,26,,1153,23,4,,0
10005019,'1478916',1900,,1154,1,,,0,26,,1154,23,4,,0
10005019,'1478917',1930,,1155,1,,,0,26,,1155,23,4,,0
10005019,'1478918',2000,,1156,1,,,0,26,,1156,23,4,,0
10005019,'1478919',2030,,1157,1,,,0,26,,1157,23,4,,0
10005019,'1478920',2100,,1158,1,,,0,26,,1158,23,4,,0
10005019,'1478921',2300,,1159,1,,,0,26,,1159,23,4,,0
10005019,'1478922',2200,,1160,1,,,0,26,,1160,23,4,,0
10005019,'1478923',630,,1161,1,,,0,26,,1161,23,4,,0
10005019,'1479129',600,,1162,1,,,0,23,,1162,23,4,,0
10005019,'1479130',700,,1163,1,,,0,23,,1163,23,4,,0
10005019,'1479131',800,,1164,1,,,0,26,,1164,23,4,,0
10005019,'1479132',830,,1165,1,,,0,26,,1165,23,4,,0
10005019,'1479133',900,,1166,1,,,0,26,,1166,23,4,,0
10005019,'1479134',930,,1167,1,,,0,26,,1167,23,4,,0
10005019,'1479135',1000,,1168,1,,,0,26,,1168,23,4,,0
10005019,'1479136',1030,,1169,1,,,0,26,,1169,23,4,,0
10005019,'1479137',1100,,1170,1,,,0,26,,1170,23,4,,0
10005019,'1479138',1130,,1171,1,,,0,26,,1171,23,4,,0
10005019,'1479139',1200,,1172,1,,,0,26,,1172,23,4,,0
10005019,'1479140',1230,,1173,1,,,0,26,,1173,23,4,,0
10005019,'1479141',1300,,1174,1,,,0,26,,1174,23,4,,0
10005019,'1479142',1330,,1175,1,,,0,26,,1175,23,4,,0
10005019,'1479143',1400,,1176,1,,,0,26,,1176,23,4,,0
10005019,'1479144',1430,,1177,1,,,0,26,,1177,23,4,,0
10005019,'1479145',1500,,1178,1,,,0,26,,1178,23,4,,0
10005019,'1479146',1530,,1179,1,,,0,26,,1179,23,4,,0
10005019,'1479147',1600,,1180,1,,,0,26,,1180,23,4,,0
10005019,'1479148',1630,,1181,1,,,0,26,,1181,23,4,,0
10005019,'1479149',1700,,1182,1,,,0,26,,1182,23,4,,0
10005019,'1479150',1730,,1183,1,,,0,26,,1183,23,4,,0
10005019,'1479151',1800,,1184,1,,,0,26,,1184,23,4,,0
10005019,'1479152',1830,,1185,1,,,0,26,,1185,23,4,,0
10005019,'1479153',1900,,1186,1,,,0,26,,1186,23,4,,0
10005019,'1479154',2000,,1187,1,,,0,26,,1187,23,4,,0
10005019,'1479155',2100,,1188,1,,,0,26,,1188,23,4,,0
10005019,'1479156',2200,,1189,1,,,0,26,,1189,23,4,,0
10005019,'1479157',2300,,1190,1,,,0,26,,1190,23,4,,0
10005019,'1482465',700,,1191,1,,,0,26,,1191,23,4,,0
10005019,'1482466',800,,1192,1,,,0,26,,1192,23,4,,0
10005019,'1482467',900,,1193,1,,,0,26,,1193,23,4,,0
10005019,'1482468',1000,,1194,1,,,0,26,,1194,23,4,,0
10005019,'1482469',1100,,1195,1,,,0,26,,1195,23,4,,0
10005019,'1482470',1200,,1196,1,,,0,26,,1196,23,4,,0
10005019,'1482471',1300,,1197,1,,,0,26,,1197,23,4,,0
10005019,'1482472',1400,,1198,1,,,0,26,,1198,23,4,,0
10005019,'1482473',1500,,1199,1,,,0,26,,1199,23,4,,0
10005019,'1482474',1600,,1200,1,,,0,26,,1200,23,4,,0
10005019,'1482475',1700,,1201,1,,,0,26,,1201,23,4,,0
10005019,'1482476',1800,,1202,1,,,0,26,,1202,23,4,,0
10005019,'1482477',1830,,1203,1,,,0,26,,1203,23,4,,0
10005019,'1482478',1930,,1204,1,,,0,26,,1204,23,4,,0
10005019,'1482479',2030,,1205,1,,,0,26,,1205,23,4,,0
10005019,'1482480',2130,,1206,1,,,0,26,,1206,23,4,,0
20005019,'1478857',630,,1207,1,,,0,26,,1207,27,4,,0
20005019,'1478858',700,,1208,1,,,0,26,,1208,27,4,,0
20005019,'1478859',730,,1209,1,,,0,26,,1209,27,4,,0
20005019,'1478860',800,,1210,1,,,0,26,,1210,27,4,,0
20005019,'1478861',830,,1211,1,,,0,26,,1211,27,4,,0
20005019,'1478862',900,,1212,1,,,0,26,,1212,27,4,,0
20005019,'1478863',930,,1213,1,,,0,26,,1213,27,4,,0
20005019,'1478864',1000,,1214,1,,,0,26,,1214,27,4,,0
20005019,'1478865',1030,,1215,1,,,0,26,,1215,27,4,,0
20005019,'1478866',1100,,1216,1,,,0,26,,1216,27,4,,0
20005019,'1478867',1130,,1217,1,,,0,26,,1217,27,4,,0
20005019,'1478868',1200,,1218,1,,,0,26,,1218,27,4,,0
20005019,'1478869',1230,,1219,1,,,0,26,,1219,27,4,,0
20005019,'1478870',1300,,1220,1,,,0,26,,1220,27,4,,0
20005019,'1478871',1330,,1221,1,,,0,26,,1221,27,4,,0
20005019,'1478872',1400,,1222,1,,,0,26,,1222,27,4,,0
20005019,'1478873',1430,,1223,1,,,0,26,,1223,27,4,,0
20005019,'1478874',1500,,1224,1,,,0,26,,1224,27,4,,0
20005019,'1478875',1530,,1225,1,,,0,26,,1225,27,4,,0
20005019,'1478876',1600,,1226,1,,,0,26,,1226,27,4,,0
20005019,'1478877',1630,,1227,1,,,0,26,,1227,27,4,,0
20005019,'1478878',1700,,1228,1,,,0,26,,1228,27,4,,0
20005019,'1478879',1730,,1229,1,,,0,26,,1229,27,4,,0
20005019,'1478880',1800,,1230,1,,,0,26,,1230,27,4,,0
20005019,'1478881',1830,,1231,1,,,0,26,,1231,27,4,,0
20005019,'1478882',1900,,1232,1,,,0,26,,1232,27,4,,0
20005019,'1478883',1930,,1233,1,,,0,26,,1233,27,4,,0
20005019,'1478884',2000,,1234,1,,,0,26,,1234,27,4,,0
20005019,'1478885',2130,,1235,1,,,0,26,,1235,27,4,,0
20005019,'1478886',2230,,1236,1,,,0,26,,1236,27,4,,0
20005019,'1478887',2030,,1237,1,,,0,26,,1237,27,4,,0
20005019,'1478888',500,,1238,1,,,0,26,,1238,27,4,,0
20005019,'1478889',530,,1239,1,,,0,26,,1239,27,4,,0
20005019,'1478890',600,,1240,1,,,0,26,,1240,27,4,,0
20005019,'1479105',800,,1241,1,,,0,26,,1241,27,4,,0
20005019,'1479106',830,,1242,1,,,0,26,,1242,27,4,,0
20005019,'1479107',900,,1243,1,,,0,26,,1243,27,4,,0
20005019,'1479108',930,,1244,1,,,0,26,,1244,27,4,,0
20005019,'1479109',1000,,1245,1,,,0,26,,1245,27,4,,0
20005019,'1479110',1030,,1246,1,,,0,26,,1246,27,4,,0
20005019,'1479111',1100,,1247,1,,,0,26,,1247,27,4,,0
20005019,'1479112',1130,,1248,1,,,0,26,,1248,27,4,,0
20005019,'1479113',1200,,1249,1,,,0,26,,1249,27,4,,0
20005019,'1479114',1230,,1250,1,,,0,26,,1250,27,4,,0
20005019,'1479115',1300,,1251,1,,,0,26,,1251,27,4,,0
20005019,'1479116',1330,,1252,1,,,0,26,,1252,27,4,,0
20005019,'1479117',1400,,1253,1,,,0,26,,1253,27,4,,0
20005019,'1479118',1430,,1254,1,,,0,26,,1254,27,4,,0
20005019,'1479119',1500,,1255,1,,,0,26,,1255,27,4,,0
20005019,'1479120',1530,,1256,1,,,0,26,,1256,27,4,,0
20005019,'1479121',1600,,1257,1,,,0,26,,1257,27,4,,0
20005019,'1479122',1630,,1258,1,,,0,26,,1258,27,4,,0
20005019,'1479123',1700,,1259,1,,,0,26,,1259,27,4,,0
20005019,'1479124',1730,,1260,1,,,0,26,,1260,27,4,,0
20005019,'1479125',1800,,1261,1,,,0,26,,1261,27,4,,0
20005019,'1479126',1830,,1262,1,,,0,26,,1262,27,4,,0
20005019,'1479127',1900,,1263,1,,,0,26,,1263,27,4,,0
20005019,'1479128',2000,,1264,1,,,0,26,,1264,27,4,,0
20005019,'1482481',830,,1265,1,,,0,26,,1265,27,4,,0
20005019,'1482482',930,,1266,1,,,0,26,,1266,27,4,,0
20005019,'1482483',1030,,1267,1,,,0,26,,1267,27,4,,0
20005019,'1482484',1130,,1268,1,,,0,26,,1268,27,4,,0
20005019,'1482485',1230,,1269,1,,,0,26,,1269,27,4,,0
20005019,'1482486',1330,,1270,1,,,0,26,,1270,27,4,,0
20005019,'1482487',1430,,1271,1,,,0,26,,1271,27,4,,0
20005019,'1482488',1530,,1272,1,,,0,26,,1272,27,4,,0
20005019,'1482489',1630,,1273,1,,,0,26,,1273,27,4,,0
20005019,'1482490',1730,,1274,1,,,0,26,,1274,27,4,,0
