10005019,'1478891',615,,1129,15,,,0
10005019,'1478892',715,,1130,15,,,0
10005019,'1478893',745,,1131,15,,,0
10005019,'1478894',815,,1132,15,,,0
10005019,'1478895',845,,1133,15,,,0
10005019,'1478896',915,,1134,15,,,0
10005019,'1478897',945,,1135,15,,,0
10005019,'1478898',1015,,1136,15,,,0
10005019,'1478899',1045,,1137,15,,,0
10005019,'1478900',1115,,1138,15,,,0
10005019,'1478901',1145,,1139,15,,,0
10005019,'1478902',1215,,1140,15,,,0
10005019,'1478903',1245,,1141,15,,,0
10005019,'1478904',1315,,1142,15,,,0
10005019,'1478905',1345,,1143,15,,,0
10005019,'1478906',1415,,1144,15,,,0
10005019,'1478907',1445,,1145,15,,,0
10005019,'1478908',1515,,1146,15,,,0
10005019,'1478909',1545,,1147,15,,,0
10005019,'1478910',1615,,1148,15,,,0
10005019,'1478911',1645,,1149,15,,,0
10005019,'1478912',1715,,1150,15,,,0
10005019,'1478913',1745,,1151,15,,,0
10005019,'1478914',1815,,1152,15,,,0
10005019,'1478915',1845,,1153,15,,,0
10005019,'1478916',1915,,1154,15,,,0
10005019,'1478917',1945,,1155,15,,,0
10005019,'1478918',2015,,1156,15,,,0
10005019,'1478919',2045,,1157,15,,,0
10005019,'1478920',2115,,1158,15,,,0
10005019,'1478921',2315,,1159,15,,,0
10005019,'1478922',2215,,1160,15,,,0
10005019,'1478923',645,,1161,15,,,0
10005019,'1479129',614,,1162,15,,,0
10005019,'1479130',714,,1163,15,,,0
10005019,'1479131',815,,1164,15,,,0
10005019,'1479132',845,,1165,15,,,0
10005019,'1479133',915,,1166,15,,,0
10005019,'1479134',945,,1167,15,,,0
10005019,'1479135',1015,,1168,15,,,0
10005019,'1479136',1045,,1169,15,,,0
10005019,'1479137',1115,,1170,15,,,0
10005019,'1479138',1145,,1171,15,,,0
10005019,'1479139',1215,,1172,15,,,0
10005019,'1479140',1245,,1173,15,,,0
10005019,'1479141',1315,,1174,15,,,0
10005019,'1479142',1345,,1175,15,,,0
10005019,'1479143',1415,,1176,15,,,0
10005019,'1479144',1445,,1177,15,,,0
10005019,'1479145',1515,,1178,15,,,0
10005019,'1479146',1545,,1179,15,,,0
10005019,'1479147',1615,,1180,15,,,0
10005019,'1479148',1645,,1181,15,,,0
10005019,'1479149',1715,,1182,15,,,0
10005019,'1479150',1745,,1183,15,,,0
10005019,'1479151',1815,,1184,15,,,0
10005019,'1479152',1845,,1185,15,,,0
10005019,'1479153',1915,,1186,15,,,0
10005019,'1479154',2015,,1187,15,,,0
10005019,'1479155',2115,,1188,15,,,0
10005019,'1479156',2215,,1189,15,,,0
10005019,'1479157',2315,,1190,15,,,0
10005019,'1482465',715,,1191,15,,,0
10005019,'1482466',815,,1192,15,,,0
10005019,'1482467',915,,1193,15,,,0
10005019,'1482468',1015,,1194,15,,,0
10005019,'1482469',1115,,1195,15,,,0
10005019,'1482470',1215,,1196,15,,,0
10005019,'1482471',1315,,1197,15,,,0
10005019,'1482472',1415,,1198,15,,,0
10005019,'1482473',1515,,1199,15,,,0
10005019,'1482474',1615,,1200,15,,,0
10005019,'1482475',1715,,1201,15,,,0
10005019,'1482476',1815,,1202,15,,,0
10005019,'1482477',1845,,1203,15,,,0
10005019,'1482478',1945,,1204,15,,,0
10005019,'1482479',2045,,1205,15,,,0
10005019,'1482480',2145,,1206,15,,,0
