6029,'1478790',607,,775,7,,,0
6029,'1478791',707,,776,7,,,0
6029,'1478792',737,,777,7,,,0
6029,'1478793',807,,778,7,,,0
6029,'1478794',837,,779,7,,,0
6029,'1478795',907,,780,7,,,0
6029,'1478796',937,,781,7,,,0
6029,'1478797',1007,,782,7,,,0
6029,'1478798',1037,,783,7,,,0
6029,'1478799',1107,,784,7,,,0
6029,'1478800',1137,,785,7,,,0
6029,'1478801',1207,,786,7,,,0
6029,'1478802',1237,,787,7,,,0
6029,'1478803',1307,,788,7,,,0
6029,'1478804',1337,,789,7,,,0
6029,'1478805',1407,,790,7,,,0
6029,'1478806',1437,,791,7,,,0
6029,'1478807',1507,,792,7,,,0
6029,'1478808',1537,,793,7,,,0
6029,'1478809',1607,,794,7,,,0
6029,'1478810',1637,,795,7,,,0
6029,'1478811',1707,,796,7,,,0
6029,'1478812',1737,,797,7,,,0
6029,'1478813',1807,,798,7,,,0
6029,'1478814',1837,,799,7,,,0
6029,'1478815',1907,,800,7,,,0
6029,'1478816',1937,,801,7,,,0
6029,'1478817',2007,,802,7,,,0
6029,'1478818',2037,,803,7,,,0
6029,'1478819',2137,,804,7,,,0
6029,'1478820',2237,,805,7,,,0
6029,'1478854',537,,839,7,,,0
6029,'1478856',637,,841,7,,,0
6029,'1479084',637,,861,7,,,0
6029,'1479085',707,,862,7,,,0
6029,'1479086',737,,863,7,,,0
6029,'1479087',837,,864,7,,,0
6029,'1479088',937,,865,7,,,0
6029,'1479089',1037,,866,7,,,0
6029,'1479090',1137,,867,7,,,0
6029,'1479091',1237,,868,7,,,0
6029,'1479092',1337,,869,7,,,0
6029,'1479093',1437,,870,7,,,0
6029,'1479094',1537,,871,7,,,0
6029,'1479095',1637,,872,7,,,0
6029,'1479096',1737,,873,7,,,0
6029,'1479097',1837,,874,7,,,0
6029,'1479098',1937,,875,7,,,0
6029,'1479099',2037,,876,7,,,0
6029,'1479100',2137,,877,7,,,0
6029,'1479101',2237,,878,7,,,0
6029,'1479102',607,,879,7,,,0
6029,'1479104',807,,881,7,,,0
6029,'1482507',737,,898,7,,,0
6029,'1482508',837,,899,7,,,0
6029,'1482509',937,,900,7,,,0
6029,'1482510',1137,,901,7,,,0
6029,'1482511',1037,,902,7,,,0
6029,'1482512',1337,,903,7,,,0
6029,'1482513',1237,,904,7,,,0
6029,'1482514',1437,,905,7,,,0
6029,'1482515',1537,,906,7,,,0
6029,'1482516',1637,,907,7,,,0
6029,'1482517',1737,,908,7,,,0
6029,'1482518',1837,,909,7,,,0
6029,'1482519',1937,,910,7,,,0
6029,'1482520',2037,,911,7,,,0
6029,'1482521',2137,,912,7,,,0
140000019,'1478707',2338,,1275,7,,,0
140000019,'1478990',2338,,1276,7,,,0
140000019,'1482582',2238,,1277,7,,,0
