1019,22020004,1,0,0
1019,131406003,2,0,0
1019,131406005,3,0,0
1019,131406006,4,0,0
1019,100,5,0,0
1019,131406009,6,0,0
1019,131406011,7,0,0
1019,131406014,8,0,0
1019,131406016,9,0,0
1019,171316001,10,1,1
1029,171316002,1,0,0
1029,1613023,2,0,0
1029,1613025,3,0,0
1029,1613027,4,0,0
1029,1613029,5,0,0
1029,1613030,6,0,0
1029,131406038,7,0,0
1029,131406039,8,0,0
1029,1416033,9,0,0
1029,1416035,10,0,0
1029,22020005,11,1,1
2019,22020005,1,0,0
2019,12204002,2,0,0
2019,1613003,3,0,0
2019,1613004,4,0,0
2019,1613006,5,0,0
2019,1613008,6,0,0
2019,1613009,7,0,0
2019,1613010,8,0,0
2019,1613011,9,0,0
2019,1613012,10,0,0
2019,121713028,11,0,0
2019,121713029,12,0,0
2019,121713030,13,0,0
2019,1613020,14,0,0
2019,1613021,15,0,0
2019,171316002,16,1,1
2029,171316002,1,0,0
2029,121713002,2,0,0
2029,131406021,3,0,0
2029,131406022,4,0,0
2029,121713006,5,0,0
2029,203,6,0,0
2029,204,7,0,0
2029,12204010,8,0,0
2029,12204011,9,0,0
2029,12204012,10,0,0
2029,200,11,0,0
2029,201,12,0,0
2029,202,13,0,0
2029,12204040,14,0,0
2029,22020005,15,1,1
3019,22020007,1,0,0
3019,100300,2,0,0
3019,12204006,3,0,0
3019,12204007,4,0,0
3019,12204009,5,0,0
3019,12404009,6,0,0
3019,1225029,7,0,0
3019,121713017,8,1,1
3029,121713017,1,0,0
3029,1225017,2,0,0
3029,1225020,3,0,0
3029,1225021,4,0,0
3029,1225022,5,0,0
3029,1225023,6,0,0
3029,1225025,7,0,0
3029,1225026,8,0,0
3029,100301,9,0,0
3029,22020007,10,1,1
4019,22020007,1,0,0
4019,1225002,2,0,0
4019,1225003,3,0,0
4019,1225004,4,0,0
4019,1225005,5,0,0
4019,1225006,6,0,0
4019,1225007,7,0,0
4019,1225008,8,0,0
4019,1225009,9,0,0
4019,1225010,10,0,0
4019,1225011,11,0,0
4019,1225012,12,0,0
4019,1225013,13,0,0
4019,1225016,14,1,1
4029,1225016,1,0,0
4029,100400,2,0,0
4029,400,3,0,0
4029,401,4,0,0
4029,402,5,0,0
4029,403,6,0,0
4029,404,7,0,0
4029,405,8,0,0
4029,406,9,0,0
4029,22020007,10,1,1
6019,22020003,1,0,0
6019,305002,2,0,0
6019,305003,3,0,0
6019,305005,4,0,0
6019,305007,5,0,0
6019,305008,6,0,0
6019,305009,7,0,0
6019,305010,8,0,0
6019,305012,9,0,0
6019,305013,10,0,0
6019,305015,11,0,0
6019,305017,12,0,0
6019,305018,13,0,0
6019,305019,14,0,0
6019,305052,15,0,0
6019,305020,16,0,0
6019,305021,17,0,0
6019,305023,18,0,0
6019,305025,19,0,0
6019,305026,20,0,0
6019,305027,21,0,0
6019,305028,22,0,0
6019,305029,23,0,0
6019,305031,24,0,0
6019,305032,25,0,0
6019,305033,26,0,0
6019,305034,27,0,0
6019,305035,28,0,0
6019,131406016,29,0,0
6019,171316001,30,1,1
6029,171316001,1,0,0
6029,305039,2,0,0
6029,600,3,0,0
6029,601,4,0,0
6029,602,5,0,0
6029,603,6,0,0
6029,305044,7,0,0
6029,305045,8,0,0
6029,305046,9,0,0
6029,305047,10,0,0
6029,305048,11,0,0
6029,305049,12,0,0
6029,305050,13,0,0
6029,305022,14,0,0
6029,305051,15,0,0
6029,305053,16,0,0
6029,305054,17,0,0
6029,305055,18,0,0
6029,305056,19,0,0
6029,305014,20,0,0
6029,605,21,0,0
6029,606,22,0,0
6029,607,23,0,0
6029,608,24,0,0
6029,1608037,25,0,0
6029,1608038,26,0,0
6029,1608039,27,0,0
6029,1608042,28,0,0
6029,1608044,29,0,0
6029,305062,30,0,0
6029,22020003,31,1,1
7019,1416023,1,0,0
7019,305039,2,0,0
7019,600,3,0,0
7019,601,4,0,0
7019,702,5,0,0
7019,305057,6,0,0
7019,305058,7,0,0
7019,305060,8,0,0
7019,703,9,0,0
7019,1416033,10,0,0
7019,1416035,11,0,0
7019,22020003,12,1,1
7029,22020003,1,0,0
7029,131406003,2,0,0
7029,700,3,0,0
7029,1416005,4,0,0
7029,1416007,5,0,0
7029,305017,6,0,0
7029,701,7,0,0
7029,305033,8,0,0
7029,305034,9,0,0
7029,305036,10,0,0
7029,1416021,11,0,0
7029,1416023,12,1,1
8019,22020006,1,0,0
8019,12204002,2,0,0
8019,1613003,3,0,0
8019,1613004,4,0,0
8019,1613006,5,0,0
8019,12204014,6,0,0
8019,12204015,7,0,0
8019,12204016,8,0,0
8019,12204017,9,0,0
8019,12204018,10,0,0
8019,12204019,11,0,0
8019,1225006,12,0,0
8019,1225007,13,0,0
8019,12204023,14,0,0
8019,12204024,15,0,0
8019,12204025,16,0,0
8019,12204026,17,0,0
8019,12204027,18,0,0
8019,12204028,19,0,0
8019,12204030,20,0,0
8019,12204031,21,0,0
8019,12204032,22,0,0
8019,12204033,23,0,0
8019,200,24,0,0
8019,201,25,0,0
8019,202,26,0,0
8019,12204040,27,0,0
10005019,22020002,1,0,0
10005019,1608002,2,0,0
10005019,1608004,3,0,0
10005019,1608006,4,0,0
10005019,1608007,5,0,0
10005019,1608009,6,0,0
10005019,1608011,7,0,0
10005019,501100,8,0,0
10005019,1604016,9,0,0
10005019,1604161,10,0,0
10005019,501101,11,0,0
10005019,1608023,12,0,0
10005019,1608024,13,0,0
10005019,1608021,14,0,0
10005019,501102,15,0,0
10005019,501103,16,0,0
10005019,501104,17,0,0
10005019,1608029,18,0,0
10005019,1608031,19,0,0
10005019,501105,20,0,0
10005019,1608012,21,0,0
10005019,1608014,22,0,0
20005019,22020002,1,0,0
20005019,1604002,2,0,0
20005019,1604005,3,0,0
20005019,1604010,4,0,0
20005019,502100,5,0,0
20005019,502101,6,0,0
20005019,502103,7,0,0
20005019,1604018,8,0,0
20005019,1604019,9,0,0
20005019,1604020,10,0,0
20005019,1604021,11,0,0
20005019,1604023,12,0,0
20005019,1604024,13,0,0
20005019,1604025,14,0,0
20005019,1604027,15,0,0
20005019,502104,16,0,0
20005019,1604030,17,0,0
20005019,502105,18,0,0
20005019,502106,19,0,0
20005019,1604034,20,0,0
20005019,1604035,21,0,0
20005019,1604036,22,0,0
20005019,1604038,23,0,0
20005019,1604039,24,0,0
20005019,1604040,25,0,0
20005019,1604044,26,0,0
140000019,1416023,1,0,0
140000019,305039,2,0,0
140000019,600,3,0,0
140000019,601,4,0,0
140000019,602,5,0,0
140000019,603,6,0,0
140000019,305044,7,0,0
140000019,305045,8,0,0
140000019,305046,9,0,0
140000019,305047,10,0,0
140000019,305048,11,0,0
140000019,305049,12,0,0
140000019,305050,13,0,0
140000019,305022,14,0,0
140000019,305051,15,0,0
140000019,305053,16,0,0
140000019,305054,17,0,0
140000019,305055,18,0,0
140000019,305056,19,0,0
140000019,305014,20,0,0
140000019,605,21,0,0
140000019,606,22,0,0
140000019,607,23,0,0
140000019,608,24,0,0
140000019,1608037,25,0,0
140000019,1608038,26,0,0
140000019,1608039,27,0,0
140000019,1608042,28,0,0
140000019,1608044,29,0,0
140000019,305062,30,0,0
140000019,22020007,31,0,0
140000019,1613003,32,0,0
140000019,1613004,33,0,0
140000019,1613006,34,0,0
140000019,1613008,35,0,0
140000019,121713012,36,0,0
140000019,121713016,37,0,0
140000019,12204019,38,0,0
140000019,1225006,39,0,0
140000019,1225007,40,0,0
140000019,1225008,41,0,0
140000019,1225009,42,0,0
140000019,1225010,43,0,0
140000019,1225011,44,0,0
140000019,1225012,45,0,0
140000019,1225013,46,0,0
140000019,121713017,47,1,1
