2019,'1478569',631,,186,2,,,0
2019,'1478570',701,,187,2,,,0
2019,'1478571',1421,,188,2,,,0
2019,'1478572',741,,189,2,,,0
2019,'1478573',1501,,190,2,,,0
2019,'1478574',1101,,191,2,,,0
2019,'1478575',941,,192,2,,,0
2019,'1478576',1221,,193,2,,,0
2019,'1478577',821,,194,2,,,0
2019,'1478578',1141,,195,2,,,0
2019,'1478579',1301,,196,2,,,0
2019,'1478580',1021,,197,2,,,0
2019,'1478581',1341,,198,2,,,0
2019,'1478582',1541,,199,2,,,0
2019,'1478583',1621,,200,2,,,0
2019,'1478584',1741,,201,2,,,0
2019,'1478585',1701,,202,2,,,0
2019,'1478586',1901,,203,2,,,0
2019,'1478587',1821,,204,2,,,0
2019,'1478588',1941,,205,2,,,0
2019,'1478589',2021,,206,2,,,0
2019,'1478590',2101,,207,2,,,0
2019,'1478591',2231,,208,2,,,0
2019,'1478592',901,,209,2,,,0
2019,'1478596',501,,213,2,,,0
2019,'1478597',531,,214,2,,,0
2019,'1478599',601,,216,2,,,0
2019,'1478623',721,,240,2,,,0
2019,'1478624',2041,,241,2,,,0
2019,'1478625',801,,242,2,,,0
2019,'1478626',841,,243,2,,,0
2019,'1478627',921,,244,2,,,0
2019,'1478628',1001,,245,2,,,0
2019,'1478629',1041,,246,2,,,0
2019,'1478630',1121,,247,2,,,0
2019,'1478631',1201,,248,2,,,0
2019,'1478632',1241,,249,2,,,0
2019,'1478633',1321,,250,2,,,0
2019,'1478634',1401,,251,2,,,0
2019,'1478635',1441,,252,2,,,0
2019,'1478636',1521,,253,2,,,0
2019,'1478637',1601,,254,2,,,0
2019,'1478638',1641,,255,2,,,0
2019,'1478639',1721,,256,2,,,0
2019,'1478640',1801,,257,2,,,0
2019,'1478641',1841,,258,2,,,0
2019,'1478642',1921,,259,2,,,0
2019,'1478643',2001,,260,2,,,0
2019,'1479288',631,,261,2,,,0
2019,'1479289',731,,262,2,,,0
2019,'1479292',801,,265,2,,,0
2019,'1479293',841,,266,2,,,0
2019,'1479294',921,,267,2,,,0
2019,'1479295',1001,,268,2,,,0
2019,'1479296',1041,,269,2,,,0
2019,'1479297',1121,,270,2,,,0
2019,'1479298',1201,,271,2,,,0
2019,'1479306',1241,,279,2,,,0
2019,'1479307',1321,,280,2,,,0
2019,'1479308',1401,,281,2,,,0
2019,'1479309',1441,,282,2,,,0
2019,'1479310',1521,,283,2,,,0
2019,'1479311',1601,,284,2,,,0
2019,'1479312',1641,,285,2,,,0
2019,'1479313',1721,,286,2,,,0
2019,'1479314',1801,,287,2,,,0
2019,'1479323',1921,,296,2,,,0
2019,'1479326',2041,,299,2,,,0
2019,'1479327',2141,,300,2,,,0
2019,'1479331',2001,,304,2,,,0
2019,'1479334',2241,,307,2,,,0
2019,'1479335',1841,,308,2,,,0
2019,'1482309',731,,309,2,,,0
2019,'1482310',801,,310,2,,,0
2019,'1482311',841,,311,2,,,0
2019,'1482312',921,,312,2,,,0
2019,'1482313',1001,,313,2,,,0
2019,'1482314',1041,,314,2,,,0
2019,'1482315',1121,,315,2,,,0
2019,'1482316',1201,,316,2,,,0
2019,'1482317',1241,,317,2,,,0
2019,'1482318',1321,,318,2,,,0
2019,'1482319',1401,,319,2,,,0
2019,'1482320',1441,,320,2,,,0
2019,'1482321',1521,,321,2,,,0
2019,'1482322',1601,,322,2,,,0
2019,'1482323',1641,,323,2,,,0
2019,'1482324',1721,,324,2,,,0
2019,'1482325',1801,,325,2,,,0
2019,'1482326',1901,,326,2,,,0
2019,'1482327',2001,,327,2,,,0
2019,'1482328',2101,,328,2,,,0
2019,'1482349',2201,,349,2,,,0
8019,'1478708',631,,1050,2,,,0
8019,'1478709',701,,1051,2,,,0
8019,'1478710',731,,1052,2,,,0
8019,'1478711',801,,1053,2,,,0
8019,'1478712',831,,1054,2,,,0
8019,'1478713',901,,1055,2,,,0
8019,'1478714',931,,1056,2,,,0
8019,'1478715',1001,,1057,2,,,0
8019,'1478716',1031,,1058,2,,,0
8019,'1478717',1101,,1059,2,,,0
8019,'1478718',1131,,1060,2,,,0
8019,'1478719',1201,,1061,2,,,0
8019,'1478720',1231,,1062,2,,,0
8019,'1478721',1301,,1063,2,,,0
8019,'1478722',1331,,1064,2,,,0
8019,'1478723',1401,,1065,2,,,0
8019,'1478724',1431,,1066,2,,,0
8019,'1478725',1501,,1067,2,,,0
8019,'1478726',1531,,1068,2,,,0
8019,'1478727',1601,,1069,2,,,0
8019,'1478728',1631,,1070,2,,,0
8019,'1478729',1701,,1071,2,,,0
8019,'1478730',1731,,1072,2,,,0
8019,'1478731',1801,,1073,2,,,0
8019,'1478732',1831,,1074,2,,,0
8019,'1478733',1931,,1075,2,,,0
8019,'1478734',2031,,1076,2,,,0
8019,'1478735',2131,,1077,2,,,0
8019,'1478736',2231,,1078,2,,,0
8019,'1478991',1431,,1079,2,,,0
8019,'1478992',1331,,1080,2,,,0
8019,'1478993',1501,,1081,2,,,0
8019,'1478994',1601,,1082,2,,,0
8019,'1478995',1701,,1083,2,,,0
8019,'1478996',1801,,1084,2,,,0
8019,'1478997',1901,,1085,2,,,0
8019,'1478998',2031,,1086,2,,,0
8019,'1478999',2201,,1087,2,,,0
8019,'1479000',1531,,1088,2,,,0
8019,'1479001',1731,,1089,2,,,0
8019,'1479002',1631,,1090,2,,,0
8019,'1479003',1831,,1091,2,,,0
8019,'1479004',2101,,1092,2,,,0
8019,'1479005',1931,,1093,2,,,0
8019,'1479006',1401,,1094,2,,,0
8019,'1479007',631,,1095,2,,,0
8019,'1479008',731,,1096,2,,,0
8019,'1479009',831,,1097,2,,,0
8019,'1479010',901,,1098,2,,,0
8019,'1479011',931,,1099,2,,,0
8019,'1479012',1001,,1100,2,,,0
8019,'1479013',1031,,1101,2,,,0
8019,'1479014',1101,,1102,2,,,0
8019,'1479015',1131,,1103,2,,,0
8019,'1479016',1201,,1104,2,,,0
8019,'1479017',1231,,1105,2,,,0
8019,'1479018',1301,,1106,2,,,0
8019,'1482560',731,,1107,2,,,0
8019,'1482561',831,,1108,2,,,0
8019,'1482562',931,,1109,2,,,0
8019,'1482563',1031,,1110,2,,,0
8019,'1482564',1231,,1111,2,,,0
8019,'1482565',1301,,1112,2,,,0
8019,'1482566',1331,,1113,2,,,0
8019,'1482567',1401,,1114,2,,,0
8019,'1482568',1431,,1115,2,,,0
8019,'1482569',1501,,1116,2,,,0
8019,'1482570',1531,,1117,2,,,0
8019,'1482571',1601,,1118,2,,,0
8019,'1482572',1631,,1119,2,,,0
8019,'1482573',1701,,1120,2,,,0
8019,'1482574',1731,,1121,2,,,0
8019,'1482575',1801,,1122,2,,,0
8019,'1482576',1831,,1123,2,,,0
8019,'1482577',1931,,1124,2,,,0
8019,'1482578',2031,,1125,2,,,0
8019,'1482579',2131,,1126,2,,,0
8019,'1482580',1131,,1127,2,,,0
8019,'1482581',1201,,1128,2,,,0
