20005019,'1478857',654,,1207,24,,,0
20005019,'1478858',724,,1208,24,,,0
20005019,'1478859',754,,1209,24,,,0
20005019,'1478860',824,,1210,24,,,0
20005019,'1478861',854,,1211,24,,,0
20005019,'1478862',924,,1212,24,,,0
20005019,'1478863',954,,1213,24,,,0
20005019,'1478864',1024,,1214,24,,,0
20005019,'1478865',1054,,1215,24,,,0
20005019,'1478866',1124,,1216,24,,,0
20005019,'1478867',1154,,1217,24,,,0
20005019,'1478868',1224,,1218,24,,,0
20005019,'1478869',1254,,1219,24,,,0
20005019,'1478870',1324,,1220,24,,,0
20005019,'1478871',1354,,1221,24,,,0
20005019,'1478872',1424,,1222,24,,,0
20005019,'1478873',1454,,1223,24,,,0
20005019,'1478874',1524,,1224,24,,,0
20005019,'1478875',1554,,1225,24,,,0
20005019,'1478876',1624,,1226,24,,,0
20005019,'1478877',1654,,1227,24,,,0
20005019,'1478878',1724,,1228,24,,,0
20005019,'1478879',1754,,1229,24,,,0
20005019,'1478880',1824,,1230,24,,,0
20005019,'1478881',1854,,1231,24,,,0
20005019,'1478882',1924,,1232,24,,,0
20005019,'1478883',1954,,1233,24,,,0
20005019,'1478884',2024,,1234,24,,,0
20005019,'1478885',2154,,1235,24,,,0
20005019,'1478886',2254,,1236,24,,,0
20005019,'1478887',2054,,1237,24,,,0
20005019,'1478888',524,,1238,24,,,0
20005019,'1478889',554,,1239,24,,,0
20005019,'1478890',624,,1240,24,,,0
20005019,'1479105',824,,1241,24,,,0
20005019,'1479106',854,,1242,24,,,0
20005019,'1479107',924,,1243,24,,,0
20005019,'1479108',954,,1244,24,,,0
20005019,'1479109',1024,,1245,24,,,0
20005019,'1479110',1054,,1246,24,,,0
20005019,'1479111',1124,,1247,24,,,0
20005019,'1479112',1154,,1248,24,,,0
20005019,'1479113',1224,,1249,24,,,0
20005019,'1479114',1254,,1250,24,,,0
20005019,'1479115',1324,,1251,24,,,0
20005019,'1479116',1354,,1252,24,,,0
20005019,'1479117',1424,,1253,24,,,0
20005019,'1479118',1454,,1254,24,,,0
20005019,'1479119',1524,,1255,24,,,0
20005019,'1479120',1554,,1256,24,,,0
20005019,'1479121',1624,,1257,24,,,0
20005019,'1479122',1654,,1258,24,,,0
20005019,'1479123',1724,,1259,24,,,0
20005019,'1479124',1754,,1260,24,,,0
20005019,'1479125',1824,,1261,24,,,0
20005019,'1479126',1854,,1262,24,,,0
20005019,'1479127',1924,,1263,24,,,0
20005019,'1479128',2024,,1264,24,,,0
20005019,'1482481',854,,1265,24,,,0
20005019,'1482482',954,,1266,24,,,0
20005019,'1482483',1054,,1267,24,,,0
20005019,'1482484',1154,,1268,24,,,0
20005019,'1482485',1254,,1269,24,,,0
20005019,'1482486',1354,,1270,24,,,0
20005019,'1482487',1454,,1271,24,,,0
20005019,'1482488',1554,,1272,24,,,0
20005019,'1482489',1654,,1273,24,,,0
20005019,'1482490',1754,,1274,24,,,0
