4019,'1478457',637,,554,9,,,0
4019,'1478458',707,,555,9,,,0
4019,'1478459',752,,556,9,,,0
4019,'1478460',907,,557,9,,,0
4019,'1478461',952,,558,9,,,0
4019,'1478462',1037,,559,9,,,0
4019,'1478463',1107,,560,9,,,0
4019,'1478464',1137,,561,9,,,0
4019,'1478465',1237,,562,9,,,0
4019,'1478466',1307,,563,9,,,0
4019,'1478467',1337,,564,9,,,0
4019,'1478468',1437,,565,9,,,0
4019,'1478469',1507,,566,9,,,0
4019,'1478470',1552,,567,9,,,0
4019,'1478471',1637,,568,9,,,0
4019,'1478472',1707,,569,9,,,0
4019,'1478473',1737,,570,9,,,0
4019,'1478474',1837,,571,9,,,0
4019,'1478475',1907,,572,9,,,0
4019,'1478476',1937,,573,9,,,0
4019,'1478477',2037,,574,9,,,0
4019,'1478478',2107,,575,9,,,0
4019,'1478479',2137,,576,9,,,0
4019,'1478480',2237,,577,9,,,0
4019,'1478483',2307,,580,9,,,0
4019,'1478487',1122,,584,9,,,0
4019,'1478488',1152,,585,9,,,0
4019,'1478489',1252,,586,9,,,0
4019,'1478491',722,,588,9,,,0
4019,'1478495',852,,592,9,,,0
4019,'1478496',807,,593,9,,,0
4019,'1478497',922,,594,9,,,0
4019,'1478498',937,,595,9,,,0
4019,'1478507',1322,,604,9,,,0
4019,'1478508',1537,,605,9,,,0
4019,'1478509',1652,,606,9,,,0
4019,'1478510',1352,,607,9,,,0
4019,'1478511',1452,,608,9,,,0
4019,'1478512',1522,,609,9,,,0
4019,'1478513',1722,,610,9,,,0
4019,'1478514',1052,,611,9,,,0
4019,'1478515',2207,,612,9,,,0
4019,'1478516',2007,,613,9,,,0
4019,'1478517',1422,,614,9,,,0
4019,'1478518',1622,,615,9,,,0
4019,'1478528',607,,625,9,,,0
4019,'1478529',1007,,626,9,,,0
4019,'1478530',1207,,627,9,,,0
4019,'1478531',1407,,628,9,,,0
4019,'1478532',1607,,629,9,,,0
4019,'1478533',1807,,630,9,,,0
4019,'1478540',822,,637,9,,,0
4019,'1478541',1022,,638,9,,,0
4019,'1478542',1222,,639,9,,,0
4019,'1478544',837,,641,9,,,0
4019,'1478545',737,,642,9,,,0
4019,'1479158',607,,644,9,,,0
4019,'1479159',637,,645,9,,,0
4019,'1479160',737,,646,9,,,0
4019,'1479161',807,,647,9,,,0
4019,'1479162',837,,648,9,,,0
4019,'1479163',937,,649,9,,,0
4019,'1479164',1007,,650,9,,,0
4019,'1479165',1037,,651,9,,,0
4019,'1479166',1137,,652,9,,,0
4019,'1479167',1207,,653,9,,,0
4019,'1479168',1237,,654,9,,,0
4019,'1479169',1337,,655,9,,,0
4019,'1479170',1407,,656,9,,,0
4019,'1479171',1437,,657,9,,,0
4019,'1479172',1537,,658,9,,,0
4019,'1479173',1607,,659,9,,,0
4019,'1479174',1637,,660,9,,,0
4019,'1479175',1737,,661,9,,,0
4019,'1479176',1807,,662,9,,,0
4019,'1479177',1837,,663,9,,,0
4019,'1479178',1937,,664,9,,,0
4019,'1479179',2007,,665,9,,,0
4019,'1479180',2037,,666,9,,,0
4019,'1479181',2137,,667,9,,,0
4019,'1479182',2207,,668,9,,,0
4019,'1479183',2237,,669,9,,,0
4019,'1479212',707,,698,9,,,0
4019,'1479213',907,,699,9,,,0
4019,'1479214',1107,,700,9,,,0
4019,'1479215',1307,,701,9,,,0
4019,'1479216',1507,,702,9,,,0
4019,'1479217',1707,,703,9,,,0
4019,'1479218',1907,,704,9,,,0
4019,'1479219',2107,,705,9,,,0
4019,'1479220',2307,,706,9,,,0
4019,'1482406',707,,715,9,,,0
4019,'1482407',737,,716,9,,,0
4019,'1482408',837,,717,9,,,0
4019,'1482409',907,,718,9,,,0
4019,'1482410',937,,719,9,,,0
4019,'1482411',1037,,720,9,,,0
4019,'1482412',1107,,721,9,,,0
4019,'1482413',1137,,722,9,,,0
4019,'1482414',1237,,723,9,,,0
4019,'1482415',1307,,724,9,,,0
4019,'1482416',1337,,725,9,,,0
4019,'1482417',1437,,726,9,,,0
4019,'1482418',1507,,727,9,,,0
4019,'1482419',1537,,728,9,,,0
4019,'1482420',1637,,729,9,,,0
4019,'1482421',1707,,730,9,,,0
4019,'1482422',1737,,731,9,,,0
4019,'1482423',1837,,732,9,,,0
4019,'1482424',1907,,733,9,,,0
4019,'1482425',1937,,734,9,,,0
4019,'1482426',2037,,735,9,,,0
4019,'1482427',2107,,736,9,,,0
4019,'1482449',2137,,758,9,,,0
4019,'1482450',2007,,759,9,,,0
4019,'1482451',1807,,760,9,,,0
4019,'1482460',807,,769,9,,,0
4019,'1482461',1007,,770,9,,,0
4019,'1482462',1207,,771,9,,,0
4019,'1482463',1407,,772,9,,,0
4019,'1482464',1607,,773,9,,,0
4019,'1482583',2207,,774,9,,,0
140000019,'1478707',2402,,1275,42,,,0
140000019,'1478990',2402,,1276,42,,,0
140000019,'1482582',2302,,1277,42,,,0
