6029,'1478790',615,,775,19,,,0
6029,'1478791',715,,776,19,,,0
6029,'1478792',745,,777,19,,,0
6029,'1478793',815,,778,19,,,0
6029,'1478794',845,,779,19,,,0
6029,'1478795',915,,780,19,,,0
6029,'1478796',945,,781,19,,,0
6029,'1478797',1015,,782,19,,,0
6029,'1478798',1045,,783,19,,,0
6029,'1478799',1115,,784,19,,,0
6029,'1478800',1145,,785,19,,,0
6029,'1478801',1215,,786,19,,,0
6029,'1478802',1245,,787,19,,,0
6029,'1478803',1315,,788,19,,,0
6029,'1478804',1345,,789,19,,,0
6029,'1478805',1415,,790,19,,,0
6029,'1478806',1445,,791,19,,,0
6029,'1478807',1515,,792,19,,,0
6029,'1478808',1545,,793,19,,,0
6029,'1478809',1615,,794,19,,,0
6029,'1478810',1645,,795,19,,,0
6029,'1478811',1715,,796,19,,,0
6029,'1478812',1745,,797,19,,,0
6029,'1478813',1815,,798,19,,,0
6029,'1478814',1845,,799,19,,,0
6029,'1478815',1915,,800,19,,,0
6029,'1478816',1945,,801,19,,,0
6029,'1478817',2015,,802,19,,,0
6029,'1478818',2045,,803,19,,,0
6029,'1478819',2145,,804,19,,,0
6029,'1478820',2245,,805,19,,,0
6029,'1478854',545,,839,19,,,0
6029,'1478856',645,,841,19,,,0
6029,'1479084',645,,861,19,,,0
6029,'1479085',715,,862,19,,,0
6029,'1479086',745,,863,19,,,0
6029,'1479087',845,,864,19,,,0
6029,'1479088',945,,865,19,,,0
6029,'1479089',1045,,866,19,,,0
6029,'1479090',1145,,867,19,,,0
6029,'1479091',1245,,868,19,,,0
6029,'1479092',1345,,869,19,,,0
6029,'1479093',1445,,870,19,,,0
6029,'1479094',1545,,871,19,,,0
6029,'1479095',1645,,872,19,,,0
6029,'1479096',1745,,873,19,,,0
6029,'1479097',1845,,874,19,,,0
6029,'1479098',1945,,875,19,,,0
6029,'1479099',2045,,876,19,,,0
6029,'1479100',2145,,877,19,,,0
6029,'1479101',2245,,878,19,,,0
6029,'1479102',615,,879,19,,,0
6029,'1479104',815,,881,19,,,0
6029,'1482507',745,,898,19,,,0
6029,'1482508',845,,899,19,,,0
6029,'1482509',945,,900,19,,,0
6029,'1482510',1145,,901,19,,,0
6029,'1482511',1045,,902,19,,,0
6029,'1482512',1345,,903,19,,,0
6029,'1482513',1245,,904,19,,,0
6029,'1482514',1445,,905,19,,,0
6029,'1482515',1545,,906,19,,,0
6029,'1482516',1645,,907,19,,,0
6029,'1482517',1745,,908,19,,,0
6029,'1482518',1845,,909,19,,,0
6029,'1482519',1945,,910,19,,,0
6029,'1482520',2045,,911,19,,,0
6029,'1482521',2145,,912,19,,,0
140000019,'1478707',2345,,1275,19,,,0
140000019,'1478990',2345,,1276,19,,,0
140000019,'1482582',2245,,1277,19,,,0
