6029,'1478790',610,,775,12,,,0
6029,'1478791',710,,776,12,,,0
6029,'1478792',740,,777,12,,,0
6029,'1478793',810,,778,12,,,0
6029,'1478794',840,,779,12,,,0
6029,'1478795',910,,780,12,,,0
6029,'1478796',940,,781,12,,,0
6029,'1478797',1010,,782,12,,,0
6029,'1478798',1040,,783,12,,,0
6029,'1478799',1110,,784,12,,,0
6029,'1478800',1140,,785,12,,,0
6029,'1478801',1210,,786,12,,,0
6029,'1478802',1240,,787,12,,,0
6029,'1478803',1310,,788,12,,,0
6029,'1478804',1340,,789,12,,,0
6029,'1478805',1410,,790,12,,,0
6029,'1478806',1440,,791,12,,,0
6029,'1478807',1510,,792,12,,,0
6029,'1478808',1540,,793,12,,,0
6029,'1478809',1610,,794,12,,,0
6029,'1478810',1640,,795,12,,,0
6029,'1478811',1710,,796,12,,,0
6029,'1478812',1740,,797,12,,,0
6029,'1478813',1810,,798,12,,,0
6029,'1478814',1840,,799,12,,,0
6029,'1478815',1910,,800,12,,,0
6029,'1478816',1940,,801,12,,,0
6029,'1478817',2010,,802,12,,,0
6029,'1478818',2040,,803,12,,,0
6029,'1478819',2140,,804,12,,,0
6029,'1478820',2240,,805,12,,,0
6029,'1478854',540,,839,12,,,0
6029,'1478856',640,,841,12,,,0
6029,'1479084',640,,861,12,,,0
6029,'1479085',710,,862,12,,,0
6029,'1479086',740,,863,12,,,0
6029,'1479087',840,,864,12,,,0
6029,'1479088',940,,865,12,,,0
6029,'1479089',1040,,866,12,,,0
6029,'1479090',1140,,867,12,,,0
6029,'1479091',1240,,868,12,,,0
6029,'1479092',1340,,869,12,,,0
6029,'1479093',1440,,870,12,,,0
6029,'1479094',1540,,871,12,,,0
6029,'1479095',1640,,872,12,,,0
6029,'1479096',1740,,873,12,,,0
6029,'1479097',1840,,874,12,,,0
6029,'1479098',1940,,875,12,,,0
6029,'1479099',2040,,876,12,,,0
6029,'1479100',2140,,877,12,,,0
6029,'1479101',2240,,878,12,,,0
6029,'1479102',610,,879,12,,,0
6029,'1479104',810,,881,12,,,0
6029,'1482507',740,,898,12,,,0
6029,'1482508',840,,899,12,,,0
6029,'1482509',940,,900,12,,,0
6029,'1482510',1140,,901,12,,,0
6029,'1482511',1040,,902,12,,,0
6029,'1482512',1340,,903,12,,,0
6029,'1482513',1240,,904,12,,,0
6029,'1482514',1440,,905,12,,,0
6029,'1482515',1540,,906,12,,,0
6029,'1482516',1640,,907,12,,,0
6029,'1482517',1740,,908,12,,,0
6029,'1482518',1840,,909,12,,,0
6029,'1482519',1940,,910,12,,,0
6029,'1482520',2040,,911,12,,,0
6029,'1482521',2140,,912,12,,,0
140000019,'1478707',2341,,1275,12,,,0
140000019,'1478990',2341,,1276,12,,,0
140000019,'1482582',2241,,1277,12,,,0
