6019,'1478821',637,,806,13,,,0
6019,'1478822',737,,807,13,,,0
6019,'1478823',807,,808,13,,,0
6019,'1478824',837,,809,13,,,0
6019,'1478825',907,,810,13,,,0
6019,'1478826',937,,811,13,,,0
6019,'1478827',1007,,812,13,,,0
6019,'1478828',1037,,813,13,,,0
6019,'1478829',1107,,814,13,,,0
6019,'1478830',1137,,815,13,,,0
6019,'1478831',1207,,816,13,,,0
6019,'1478832',1237,,817,13,,,0
6019,'1478833',1307,,818,13,,,0
6019,'1478834',1337,,819,13,,,0
6019,'1478835',1407,,820,13,,,0
6019,'1478836',1437,,821,13,,,0
6019,'1478837',1507,,822,13,,,0
6019,'1478838',1537,,823,13,,,0
6019,'1478839',1607,,824,13,,,0
6019,'1478840',1637,,825,13,,,0
6019,'1478841',1707,,826,13,,,0
6019,'1478842',1737,,827,13,,,0
6019,'1478843',1807,,828,13,,,0
6019,'1478844',1837,,829,13,,,0
6019,'1478845',1907,,830,13,,,0
6019,'1478846',1937,,831,13,,,0
6019,'1478847',2007,,832,13,,,0
6019,'1478848',2037,,833,13,,,0
6019,'1478849',2107,,834,13,,,0
6019,'1478850',2207,,835,13,,,0
6019,'1478851',2307,,836,13,,,0
6019,'1478852',537,,837,13,,,0
6019,'1478853',707,,838,13,,,0
6019,'1478855',607,,840,13,,,0
6019,'1479065',607,,842,13,,,0
6019,'1479066',637,,843,13,,,0
6019,'1479067',707,,844,13,,,0
6019,'1479068',737,,845,13,,,0
6019,'1479069',807,,846,13,,,0
6019,'1479070',907,,847,13,,,0
6019,'1479071',1007,,848,13,,,0
6019,'1479072',1107,,849,13,,,0
6019,'1479073',1207,,850,13,,,0
6019,'1479074',1307,,851,13,,,0
6019,'1479075',1407,,852,13,,,0
6019,'1479076',1507,,853,13,,,0
6019,'1479077',1607,,854,13,,,0
6019,'1479078',1707,,855,13,,,0
6019,'1479079',1807,,856,13,,,0
6019,'1479080',1907,,857,13,,,0
6019,'1479081',2007,,858,13,,,0
6019,'1479082',2107,,859,13,,,0
6019,'1479083',2207,,860,13,,,0
6019,'1479103',2306,,880,13,,,0
6019,'1482491',707,,882,13,,,0
6019,'1482492',807,,883,13,,,0
6019,'1482493',907,,884,13,,,0
6019,'1482494',1007,,885,13,,,0
6019,'1482495',1107,,886,13,,,0
6019,'1482496',1207,,887,13,,,0
6019,'1482497',1307,,888,13,,,0
6019,'1482498',1407,,889,13,,,0
6019,'1482499',1507,,890,13,,,0
6019,'1482500',1607,,891,13,,,0
6019,'1482501',1707,,892,13,,,0
6019,'1482502',1807,,893,13,,,0
6019,'1482503',1907,,894,13,,,0
6019,'1482504',2007,,895,13,,,0
6019,'1482505',2107,,896,13,,,0
6019,'1482506',2206,,897,13,,,0
