1029,'1478644',608,,1,6,,,0
1029,'1478645',638,,2,6,,,0
1029,'1478646',708,,3,6,,,0
1029,'1478647',738,,4,6,,,0
1029,'1478648',808,,5,6,,,0
1029,'1478649',838,,6,6,,,0
1029,'1478650',908,,7,6,,,0
1029,'1478651',938,,8,6,,,0
1029,'1478652',1008,,9,6,,,0
1029,'1478653',1038,,10,6,,,0
1029,'1478654',1110,,11,6,,,0
1029,'1478655',1150,,12,6,,,0
1029,'1478656',1230,,13,6,,,0
1029,'1478657',1310,,14,6,,,0
1029,'1478658',1350,,15,6,,,0
1029,'1478659',1430,,16,6,,,0
1029,'1478660',1510,,17,6,,,0
1029,'1478661',1550,,18,6,,,0
1029,'1478662',1630,,19,6,,,0
1029,'1478663',1710,,20,6,,,0
1029,'1478664',1750,,21,6,,,0
1029,'1478665',1823,,22,6,,,0
1029,'1478666',1853,,23,6,,,0
1029,'1478667',1923,,24,6,,,0
1029,'1478668',1953,,25,6,,,0
1029,'1478669',2023,,26,6,,,0
1029,'1478670',2053,,27,6,,,0
1029,'1478671',2123,,28,6,,,0
1029,'1478672',2153,,29,6,,,0
1029,'1478673',2223,,30,6,,,0
1029,'1478674',2253,,31,6,,,0
1029,'1478706',2323,,63,6,,,0
1029,'1479336',623,,64,6,,,0
1029,'1479337',723,,65,6,,,0
1029,'1479340',823,,68,6,,,0
1029,'1479341',853,,69,6,,,0
1029,'1479342',923,,70,6,,,0
1029,'1479343',953,,71,6,,,0
1029,'1479344',1030,,72,6,,,0
1029,'1479345',1110,,73,6,,,0
1029,'1479353',1150,,81,6,,,0
1029,'1479354',1230,,82,6,,,0
1029,'1479355',1310,,83,6,,,0
1029,'1479356',2133,,84,6,,,0
1029,'1479357',1350,,85,6,,,0
1029,'1479358',1430,,86,6,,,0
1029,'1479359',1510,,87,6,,,0
1029,'1479361',1550,,89,6,,,0
1029,'1479362',1630,,90,6,,,0
1029,'1479363',1710,,91,6,,,0
1029,'1479364',1750,,92,6,,,0
1029,'1479365',1823,,93,6,,,0
1029,'1479377',2233,,105,6,,,0
1029,'1479378',1853,,106,6,,,0
1029,'1479379',1923,,107,6,,,0
1029,'1479380',1953,,108,6,,,0
1029,'1479381',2023,,109,6,,,0
1029,'1479382',2053,,110,6,,,0
1029,'1482285',723,,140,6,,,0
1029,'1482286',823,,141,6,,,0
1029,'1482287',853,,142,6,,,0
1029,'1482288',923,,143,6,,,0
1029,'1482289',953,,144,6,,,0
1029,'1482290',1023,,145,6,,,0
1029,'1482291',1053,,146,6,,,0
1029,'1482292',1130,,147,6,,,0
1029,'1482293',1210,,148,6,,,0
1029,'1482294',1250,,149,6,,,0
1029,'1482295',1330,,150,6,,,0
1029,'1482296',1410,,151,6,,,0
1029,'1482297',1450,,152,6,,,0
1029,'1482298',1530,,153,6,,,0
1029,'1482299',1610,,154,6,,,0
1029,'1482300',1650,,155,6,,,0
1029,'1482301',1723,,156,6,,,0
1029,'1482302',1753,,157,6,,,0
1029,'1482303',1823,,158,6,,,0
1029,'1482304',1853,,159,6,,,0
1029,'1482305',1923,,160,6,,,0
1029,'1482306',2023,,161,6,,,0
1029,'1482307',2123,,162,6,,,0
1029,'1482308',2223,,163,6,,,0
