10005019,'1478891',604,,1129,5,,,0
10005019,'1478892',704,,1130,5,,,0
10005019,'1478893',734,,1131,5,,,0
10005019,'1478894',804,,1132,5,,,0
10005019,'1478895',834,,1133,5,,,0
10005019,'1478896',904,,1134,5,,,0
10005019,'1478897',934,,1135,5,,,0
10005019,'1478898',1004,,1136,5,,,0
10005019,'1478899',1034,,1137,5,,,0
10005019,'1478900',1104,,1138,5,,,0
10005019,'1478901',1134,,1139,5,,,0
10005019,'1478902',1204,,1140,5,,,0
10005019,'1478903',1234,,1141,5,,,0
10005019,'1478904',1304,,1142,5,,,0
10005019,'1478905',1334,,1143,5,,,0
10005019,'1478906',1404,,1144,5,,,0
10005019,'1478907',1434,,1145,5,,,0
10005019,'1478908',1504,,1146,5,,,0
10005019,'1478909',1534,,1147,5,,,0
10005019,'1478910',1604,,1148,5,,,0
10005019,'1478911',1634,,1149,5,,,0
10005019,'1478912',1704,,1150,5,,,0
10005019,'1478913',1734,,1151,5,,,0
10005019,'1478914',1804,,1152,5,,,0
10005019,'1478915',1834,,1153,5,,,0
10005019,'1478916',1904,,1154,5,,,0
10005019,'1478917',1934,,1155,5,,,0
10005019,'1478918',2004,,1156,5,,,0
10005019,'1478919',2034,,1157,5,,,0
10005019,'1478920',2104,,1158,5,,,0
10005019,'1478921',2304,,1159,5,,,0
10005019,'1478922',2204,,1160,5,,,0
10005019,'1478923',634,,1161,5,,,0
10005019,'1479129',604,,1162,5,,,0
10005019,'1479130',704,,1163,5,,,0
10005019,'1479131',804,,1164,5,,,0
10005019,'1479132',834,,1165,5,,,0
10005019,'1479133',904,,1166,5,,,0
10005019,'1479134',934,,1167,5,,,0
10005019,'1479135',1004,,1168,5,,,0
10005019,'1479136',1034,,1169,5,,,0
10005019,'1479137',1104,,1170,5,,,0
10005019,'1479138',1134,,1171,5,,,0
10005019,'1479139',1204,,1172,5,,,0
10005019,'1479140',1234,,1173,5,,,0
10005019,'1479141',1304,,1174,5,,,0
10005019,'1479142',1334,,1175,5,,,0
10005019,'1479143',1404,,1176,5,,,0
10005019,'1479144',1434,,1177,5,,,0
10005019,'1479145',1504,,1178,5,,,0
10005019,'1479146',1534,,1179,5,,,0
10005019,'1479147',1604,,1180,5,,,0
10005019,'1479148',1634,,1181,5,,,0
10005019,'1479149',1704,,1182,5,,,0
10005019,'1479150',1734,,1183,5,,,0
10005019,'1479151',1804,,1184,5,,,0
10005019,'1479152',1834,,1185,5,,,0
10005019,'1479153',1904,,1186,5,,,0
10005019,'1479154',2004,,1187,5,,,0
10005019,'1479155',2104,,1188,5,,,0
10005019,'1479156',2204,,1189,5,,,0
10005019,'1479157',2304,,1190,5,,,0
10005019,'1482465',704,,1191,5,,,0
10005019,'1482466',804,,1192,5,,,0
10005019,'1482467',904,,1193,5,,,0
10005019,'1482468',1004,,1194,5,,,0
10005019,'1482469',1104,,1195,5,,,0
10005019,'1482470',1204,,1196,5,,,0
10005019,'1482471',1304,,1197,5,,,0
10005019,'1482472',1404,,1198,5,,,0
10005019,'1482473',1504,,1199,5,,,0
10005019,'1482474',1604,,1200,5,,,0
10005019,'1482475',1704,,1201,5,,,0
10005019,'1482476',1804,,1202,5,,,0
10005019,'1482477',1834,,1203,5,,,0
10005019,'1482478',1934,,1204,5,,,0
10005019,'1482479',2034,,1205,5,,,0
10005019,'1482480',2134,,1206,5,,,0
