6019,'1478821',654,,806,28,,,0
6019,'1478822',754,,807,28,,,0
6019,'1478823',824,,808,28,,,0
6019,'1478824',854,,809,28,,,0
6019,'1478825',924,,810,28,,,0
6019,'1478826',954,,811,28,,,0
6019,'1478827',1024,,812,28,,,0
6019,'1478828',1054,,813,28,,,0
6019,'1478829',1124,,814,28,,,0
6019,'1478830',1154,,815,28,,,0
6019,'1478831',1224,,816,28,,,0
6019,'1478832',1254,,817,28,,,0
6019,'1478833',1324,,818,28,,,0
6019,'1478834',1354,,819,28,,,0
6019,'1478835',1424,,820,28,,,0
6019,'1478836',1454,,821,28,,,0
6019,'1478837',1524,,822,28,,,0
6019,'1478838',1554,,823,28,,,0
6019,'1478839',1624,,824,28,,,0
6019,'1478840',1654,,825,28,,,0
6019,'1478841',1724,,826,28,,,0
6019,'1478842',1754,,827,28,,,0
6019,'1478843',1824,,828,28,,,0
6019,'1478844',1854,,829,28,,,0
6019,'1478845',1924,,830,28,,,0
6019,'1478846',1954,,831,28,,,0
6019,'1478847',2024,,832,28,,,0
6019,'1478848',2054,,833,28,,,0
6019,'1478849',2124,,834,28,,,0
6019,'1478850',2224,,835,28,,,0
6019,'1478851',2324,,836,28,,,0
6019,'1478852',554,,837,28,,,0
6019,'1478853',724,,838,28,,,0
6019,'1478855',624,,840,28,,,0
6019,'1479065',624,,842,28,,,0
6019,'1479066',654,,843,28,,,0
6019,'1479067',724,,844,28,,,0
6019,'1479068',754,,845,28,,,0
6019,'1479069',824,,846,28,,,0
6019,'1479070',924,,847,28,,,0
6019,'1479071',1024,,848,28,,,0
6019,'1479072',1124,,849,28,,,0
6019,'1479073',1224,,850,28,,,0
6019,'1479074',1324,,851,28,,,0
6019,'1479075',1424,,852,28,,,0
6019,'1479076',1524,,853,28,,,0
6019,'1479077',1624,,854,28,,,0
6019,'1479078',1724,,855,28,,,0
6019,'1479079',1824,,856,28,,,0
6019,'1479080',1924,,857,28,,,0
6019,'1479081',2024,,858,28,,,0
6019,'1479082',2124,,859,28,,,0
6019,'1479083',2224,,860,28,,,0
6019,'1479103',2319,,880,28,,,0
6019,'1482491',724,,882,28,,,0
6019,'1482492',824,,883,28,,,0
6019,'1482493',924,,884,28,,,0
6019,'1482494',1024,,885,28,,,0
6019,'1482495',1124,,886,28,,,0
6019,'1482496',1224,,887,28,,,0
6019,'1482497',1324,,888,28,,,0
6019,'1482498',1424,,889,28,,,0
6019,'1482499',1524,,890,28,,,0
6019,'1482500',1624,,891,28,,,0
6019,'1482501',1724,,892,28,,,0
6019,'1482502',1824,,893,28,,,0
6019,'1482503',1924,,894,28,,,0
6019,'1482504',2024,,895,28,,,0
6019,'1482505',2124,,896,28,,,0
6019,'1482506',2219,,897,28,,,0
