2029,'1478547',649,,164,5,,,0
2029,'1478548',726,,165,5,,,0
2029,'1478549',806,,166,5,,,0
2029,'1478550',1006,,167,5,,,0
2029,'1478551',1046,,168,5,,,0
2029,'1478552',1126,,169,5,,,0
2029,'1478553',1206,,170,5,,,0
2029,'1478554',1246,,171,5,,,0
2029,'1478555',1326,,172,5,,,0
2029,'1478556',1406,,173,5,,,0
2029,'1478557',1446,,174,5,,,0
2029,'1478558',1526,,175,5,,,0
2029,'1478559',1606,,176,5,,,0
2029,'1478560',1646,,177,5,,,0
2029,'1478561',1726,,178,5,,,0
2029,'1478562',1806,,179,5,,,0
2029,'1478563',1846,,180,5,,,0
2029,'1478564',1926,,181,5,,,0
2029,'1478565',2006,,182,5,,,0
2029,'1478566',2046,,183,5,,,0
2029,'1478567',2119,,184,5,,,0
2029,'1478568',2249,,185,5,,,0
2029,'1478593',846,,210,5,,,0
2029,'1478594',926,,211,5,,,0
2029,'1478595',549,,212,5,,,0
2029,'1478598',519,,215,5,,,0
2029,'1478600',619,,217,5,,,0
2029,'1478601',704,,218,5,,,0
2029,'1478602',746,,219,5,,,0
2029,'1478603',826,,220,5,,,0
2029,'1478604',906,,221,5,,,0
2029,'1478605',946,,222,5,,,0
2029,'1478606',1026,,223,5,,,0
2029,'1478607',1106,,224,5,,,0
2029,'1478608',1146,,225,5,,,0
2029,'1478609',1226,,226,5,,,0
2029,'1478610',1306,,227,5,,,0
2029,'1478611',1346,,228,5,,,0
2029,'1478612',1426,,229,5,,,0
2029,'1478613',1506,,230,5,,,0
2029,'1478614',1546,,231,5,,,0
2029,'1478615',1626,,232,5,,,0
2029,'1478616',1706,,233,5,,,0
2029,'1478617',1746,,234,5,,,0
2029,'1478618',1826,,235,5,,,0
2029,'1478619',1906,,236,5,,,0
2029,'1478620',1946,,237,5,,,0
2029,'1478621',2026,,238,5,,,0
2029,'1478622',2106,,239,5,,,0
2029,'1479290',649,,263,5,,,0
2029,'1479291',749,,264,5,,,0
2029,'1479299',824,,272,5,,,0
2029,'1479300',904,,273,5,,,0
2029,'1479301',944,,274,5,,,0
2029,'1479302',1024,,275,5,,,0
2029,'1479303',1104,,276,5,,,0
2029,'1479304',1144,,277,5,,,0
2029,'1479305',1224,,278,5,,,0
2029,'1479315',1304,,288,5,,,0
2029,'1479316',1344,,289,5,,,0
2029,'1479317',1424,,290,5,,,0
2029,'1479318',1504,,291,5,,,0
2029,'1479319',1544,,292,5,,,0
2029,'1479320',1624,,293,5,,,0
2029,'1479321',1704,,294,5,,,0
2029,'1479322',1744,,295,5,,,0
2029,'1479324',1904,,297,5,,,0
2029,'1479325',1944,,298,5,,,0
2029,'1479328',2024,,301,5,,,0
2029,'1479329',2059,,302,5,,,0
2029,'1479330',1824,,303,5,,,0
2029,'1479332',2259,,305,5,,,0
2029,'1479333',2159,,306,5,,,0
2029,'1482329',749,,329,5,,,0
2029,'1482330',826,,330,5,,,0
2029,'1482331',906,,331,5,,,0
2029,'1482332',946,,332,5,,,0
2029,'1482333',1026,,333,5,,,0
2029,'1482334',1106,,334,5,,,0
2029,'1482335',1146,,335,5,,,0
2029,'1482336',1226,,336,5,,,0
2029,'1482337',1306,,337,5,,,0
2029,'1482338',1346,,338,5,,,0
2029,'1482339',1426,,339,5,,,0
2029,'1482340',1506,,340,5,,,0
2029,'1482341',1626,,341,5,,,0
2029,'1482342',1546,,342,5,,,0
2029,'1482343',1706,,343,5,,,0
2029,'1482344',1826,,344,5,,,0
2029,'1482345',1746,,345,5,,,0
2029,'1482346',2019,,346,5,,,0
2029,'1482347',1919,,347,5,,,0
2029,'1482348',2119,,348,5,,,0
2029,'1482350',2219,,350,5,,,0
