1029,'1478644',612,,1,10,,,0
1029,'1478645',642,,2,10,,,0
1029,'1478646',712,,3,10,,,0
1029,'1478647',742,,4,10,,,0
1029,'1478648',812,,5,10,,,0
1029,'1478649',842,,6,10,,,0
1029,'1478650',912,,7,10,,,0
1029,'1478651',942,,8,10,,,0
1029,'1478652',1012,,9,10,,,0
1029,'1478653',1042,,10,10,,,0
1029,'1478654',1116,,11,10,,,0
1029,'1478655',1156,,12,10,,,0
1029,'1478656',1236,,13,10,,,0
1029,'1478657',1316,,14,10,,,0
1029,'1478658',1356,,15,10,,,0
1029,'1478659',1436,,16,10,,,0
1029,'1478660',1516,,17,10,,,0
1029,'1478661',1556,,18,10,,,0
1029,'1478662',1636,,19,10,,,0
1029,'1478663',1716,,20,10,,,0
1029,'1478664',1756,,21,10,,,0
1029,'1478665',1827,,22,10,,,0
1029,'1478666',1857,,23,10,,,0
1029,'1478667',1927,,24,10,,,0
1029,'1478668',1957,,25,10,,,0
1029,'1478669',2027,,26,10,,,0
1029,'1478670',2057,,27,10,,,0
1029,'1478671',2127,,28,10,,,0
1029,'1478672',2157,,29,10,,,0
1029,'1478673',2227,,30,10,,,0
1029,'1478674',2257,,31,10,,,0
1029,'1478706',2327,,63,10,,,0
1029,'1479336',627,,64,10,,,0
1029,'1479337',727,,65,10,,,0
1029,'1479340',827,,68,10,,,0
1029,'1479341',857,,69,10,,,0
1029,'1479342',927,,70,10,,,0
1029,'1479343',957,,71,10,,,0
1029,'1479344',1036,,72,10,,,0
1029,'1479345',1116,,73,10,,,0
1029,'1479353',1156,,81,10,,,0
1029,'1479354',1236,,82,10,,,0
1029,'1479355',1316,,83,10,,,0
1029,'1479356',2137,,84,10,,,0
1029,'1479357',1356,,85,10,,,0
1029,'1479358',1436,,86,10,,,0
1029,'1479359',1516,,87,10,,,0
1029,'1479361',1556,,89,10,,,0
1029,'1479362',1636,,90,10,,,0
1029,'1479363',1716,,91,10,,,0
1029,'1479364',1756,,92,10,,,0
1029,'1479365',1827,,93,10,,,0
1029,'1479377',2237,,105,10,,,0
1029,'1479378',1857,,106,10,,,0
1029,'1479379',1927,,107,10,,,0
1029,'1479380',1957,,108,10,,,0
1029,'1479381',2027,,109,10,,,0
1029,'1479382',2057,,110,10,,,0
1029,'1482285',727,,140,10,,,0
1029,'1482286',827,,141,10,,,0
1029,'1482287',857,,142,10,,,0
1029,'1482288',927,,143,10,,,0
1029,'1482289',957,,144,10,,,0
1029,'1482290',1027,,145,10,,,0
1029,'1482291',1057,,146,10,,,0
1029,'1482292',1136,,147,10,,,0
1029,'1482293',1216,,148,10,,,0
1029,'1482294',1256,,149,10,,,0
1029,'1482295',1336,,150,10,,,0
1029,'1482296',1416,,151,10,,,0
1029,'1482297',1456,,152,10,,,0
1029,'1482298',1536,,153,10,,,0
1029,'1482299',1616,,154,10,,,0
1029,'1482300',1656,,155,10,,,0
1029,'1482301',1727,,156,10,,,0
1029,'1482302',1757,,157,10,,,0
1029,'1482303',1827,,158,10,,,0
1029,'1482304',1857,,159,10,,,0
1029,'1482305',1927,,160,10,,,0
1029,'1482306',2027,,161,10,,,0
1029,'1482307',2127,,162,10,,,0
1029,'1482308',2227,,163,10,,,0
7019,'1478737',626,,913,11,,,0
7019,'1478738',656,,914,11,,,0
7019,'1478739',756,,915,11,,,0
7019,'1478740',826,,916,11,,,0
7019,'1478741',856,,917,11,,,0
7019,'1478742',956,,918,11,,,0
7019,'1478743',1036,,919,11,,,0
7019,'1478744',1116,,920,11,,,0
7019,'1478745',1156,,921,11,,,0
7019,'1478746',1236,,922,11,,,0
7019,'1478747',1316,,923,11,,,0
7019,'1478748',1356,,924,11,,,0
7019,'1478749',1516,,925,11,,,0
7019,'1478750',1556,,926,11,,,0
7019,'1478751',1636,,927,11,,,0
7019,'1478752',1716,,928,11,,,0
7019,'1478753',1826,,929,11,,,0
7019,'1478754',2026,,930,11,,,0
7019,'1478760',2226,,936,11,,,0
7019,'1478776',1926,,952,11,,,0
7019,'1478778',1756,,954,11,,,0
7019,'1478779',1436,,955,11,,,0
7019,'1478783',2126,,959,11,,,0
7019,'1478784',726,,960,11,,,0
7019,'1478786',1856,,962,11,,,0
7019,'1478789',926,,965,11,,,0
7019,'1479039',656,,986,11,,,0
7019,'1479040',756,,987,11,,,0
7019,'1479041',856,,988,11,,,0
7019,'1479042',926,,989,11,,,0
7019,'1479043',956,,990,11,,,0
7019,'1479044',1036,,991,11,,,0
7019,'1479045',1116,,992,11,,,0
7019,'1479046',1156,,993,11,,,0
7019,'1479047',1236,,994,11,,,0
7019,'1479048',1316,,995,11,,,0
7019,'1479049',1356,,996,11,,,0
7019,'1479050',1516,,997,11,,,0
7019,'1479051',1556,,998,11,,,0
7019,'1479052',1636,,999,11,,,0
7019,'1479053',1716,,1000,11,,,0
7019,'1479054',1826,,1001,11,,,0
7019,'1479055',1856,,1002,11,,,0
7019,'1479056',1956,,1003,11,,,0
7019,'1479057',2056,,1004,11,,,0
7019,'1479058',2156,,1005,11,,,0
7019,'1479059',2256,,1006,11,,,0
7019,'1479063',1436,,1010,11,,,0
7019,'1479064',1756,,1011,11,,,0
7019,'1482537',726,,1027,11,,,0
7019,'1482538',826,,1028,11,,,0
7019,'1482539',1236,,1029,11,,,0
7019,'1482540',1316,,1030,11,,,0
7019,'1482541',926,,1031,11,,,0
7019,'1482542',1516,,1032,11,,,0
7019,'1482543',1436,,1033,11,,,0
7019,'1482544',1356,,1034,11,,,0
7019,'1482545',1556,,1035,11,,,0
7019,'1482546',1636,,1036,11,,,0
7019,'1482547',1756,,1037,11,,,0
7019,'1482548',1826,,1038,11,,,0
7019,'1482549',1856,,1039,11,,,0
7019,'1482550',1956,,1040,11,,,0
7019,'1482551',2156,,1041,11,,,0
7019,'1482553',1026,,1043,11,,,0
7019,'1482554',1126,,1044,11,,,0
7019,'1482556',2056,,1046,11,,,0
7019,'1482558',1716,,1048,11,,,0
