20005019,'1478857',652,,1207,22,,,0
20005019,'1478858',722,,1208,22,,,0
20005019,'1478859',752,,1209,22,,,0
20005019,'1478860',822,,1210,22,,,0
20005019,'1478861',852,,1211,22,,,0
20005019,'1478862',922,,1212,22,,,0
20005019,'1478863',952,,1213,22,,,0
20005019,'1478864',1022,,1214,22,,,0
20005019,'1478865',1052,,1215,22,,,0
20005019,'1478866',1122,,1216,22,,,0
20005019,'1478867',1152,,1217,22,,,0
20005019,'1478868',1222,,1218,22,,,0
20005019,'1478869',1252,,1219,22,,,0
20005019,'1478870',1322,,1220,22,,,0
20005019,'1478871',1352,,1221,22,,,0
20005019,'1478872',1422,,1222,22,,,0
20005019,'1478873',1452,,1223,22,,,0
20005019,'1478874',1522,,1224,22,,,0
20005019,'1478875',1552,,1225,22,,,0
20005019,'1478876',1622,,1226,22,,,0
20005019,'1478877',1652,,1227,22,,,0
20005019,'1478878',1722,,1228,22,,,0
20005019,'1478879',1752,,1229,22,,,0
20005019,'1478880',1822,,1230,22,,,0
20005019,'1478881',1852,,1231,22,,,0
20005019,'1478882',1922,,1232,22,,,0
20005019,'1478883',1952,,1233,22,,,0
20005019,'1478884',2022,,1234,22,,,0
20005019,'1478885',2152,,1235,22,,,0
20005019,'1478886',2252,,1236,22,,,0
20005019,'1478887',2052,,1237,22,,,0
20005019,'1478888',522,,1238,22,,,0
20005019,'1478889',552,,1239,22,,,0
20005019,'1478890',622,,1240,22,,,0
20005019,'1479105',822,,1241,22,,,0
20005019,'1479106',852,,1242,22,,,0
20005019,'1479107',922,,1243,22,,,0
20005019,'1479108',952,,1244,22,,,0
20005019,'1479109',1022,,1245,22,,,0
20005019,'1479110',1052,,1246,22,,,0
20005019,'1479111',1122,,1247,22,,,0
20005019,'1479112',1152,,1248,22,,,0
20005019,'1479113',1222,,1249,22,,,0
20005019,'1479114',1252,,1250,22,,,0
20005019,'1479115',1322,,1251,22,,,0
20005019,'1479116',1352,,1252,22,,,0
20005019,'1479117',1422,,1253,22,,,0
20005019,'1479118',1452,,1254,22,,,0
20005019,'1479119',1522,,1255,22,,,0
20005019,'1479120',1552,,1256,22,,,0
20005019,'1479121',1622,,1257,22,,,0
20005019,'1479122',1652,,1258,22,,,0
20005019,'1479123',1722,,1259,22,,,0
20005019,'1479124',1752,,1260,22,,,0
20005019,'1479125',1822,,1261,22,,,0
20005019,'1479126',1852,,1262,22,,,0
20005019,'1479127',1922,,1263,22,,,0
20005019,'1479128',2022,,1264,22,,,0
20005019,'1482481',852,,1265,22,,,0
20005019,'1482482',952,,1266,22,,,0
20005019,'1482483',1052,,1267,22,,,0
20005019,'1482484',1152,,1268,22,,,0
20005019,'1482485',1252,,1269,22,,,0
20005019,'1482486',1352,,1270,22,,,0
20005019,'1482487',1452,,1271,22,,,0
20005019,'1482488',1552,,1272,22,,,0
20005019,'1482489',1652,,1273,22,,,0
20005019,'1482490',1752,,1274,22,,,0
