4019,'1478457',640,,554,12,,,0
4019,'1478458',710,,555,12,,,0
4019,'1478459',755,,556,12,,,0
4019,'1478460',910,,557,12,,,0
4019,'1478461',955,,558,12,,,0
4019,'1478462',1040,,559,12,,,0
4019,'1478463',1110,,560,12,,,0
4019,'1478464',1140,,561,12,,,0
4019,'1478465',1240,,562,12,,,0
4019,'1478466',1310,,563,12,,,0
4019,'1478467',1340,,564,12,,,0
4019,'1478468',1440,,565,12,,,0
4019,'1478469',1510,,566,12,,,0
4019,'1478470',1555,,567,12,,,0
4019,'1478471',1640,,568,12,,,0
4019,'1478472',1710,,569,12,,,0
4019,'1478473',1740,,570,12,,,0
4019,'1478474',1840,,571,12,,,0
4019,'1478475',1910,,572,12,,,0
4019,'1478476',1940,,573,12,,,0
4019,'1478477',2040,,574,12,,,0
4019,'1478478',2110,,575,12,,,0
4019,'1478479',2140,,576,12,,,0
4019,'1478480',2240,,577,12,,,0
4019,'1478483',2310,,580,12,,,0
4019,'1478487',1125,,584,12,,,0
4019,'1478488',1155,,585,12,,,0
4019,'1478489',1255,,586,12,,,0
4019,'1478491',725,,588,12,,,0
4019,'1478495',855,,592,12,,,0
4019,'1478496',810,,593,12,,,0
4019,'1478497',925,,594,12,,,0
4019,'1478498',940,,595,12,,,0
4019,'1478507',1325,,604,12,,,0
4019,'1478508',1540,,605,12,,,0
4019,'1478509',1655,,606,12,,,0
4019,'1478510',1355,,607,12,,,0
4019,'1478511',1455,,608,12,,,0
4019,'1478512',1525,,609,12,,,0
4019,'1478513',1725,,610,12,,,0
4019,'1478514',1055,,611,12,,,0
4019,'1478515',2210,,612,12,,,0
4019,'1478516',2010,,613,12,,,0
4019,'1478517',1425,,614,12,,,0
4019,'1478518',1625,,615,12,,,0
4019,'1478528',610,,625,12,,,0
4019,'1478529',1010,,626,12,,,0
4019,'1478530',1210,,627,12,,,0
4019,'1478531',1410,,628,12,,,0
4019,'1478532',1610,,629,12,,,0
4019,'1478533',1810,,630,12,,,0
4019,'1478540',825,,637,12,,,0
4019,'1478541',1025,,638,12,,,0
4019,'1478542',1225,,639,12,,,0
4019,'1478544',840,,641,12,,,0
4019,'1478545',740,,642,12,,,0
4019,'1479158',610,,644,12,,,0
4019,'1479159',640,,645,12,,,0
4019,'1479160',740,,646,12,,,0
4019,'1479161',810,,647,12,,,0
4019,'1479162',840,,648,12,,,0
4019,'1479163',940,,649,12,,,0
4019,'1479164',1010,,650,12,,,0
4019,'1479165',1040,,651,12,,,0
4019,'1479166',1140,,652,12,,,0
4019,'1479167',1210,,653,12,,,0
4019,'1479168',1240,,654,12,,,0
4019,'1479169',1340,,655,12,,,0
4019,'1479170',1410,,656,12,,,0
4019,'1479171',1440,,657,12,,,0
4019,'1479172',1540,,658,12,,,0
4019,'1479173',1610,,659,12,,,0
4019,'1479174',1640,,660,12,,,0
4019,'1479175',1740,,661,12,,,0
4019,'1479176',1810,,662,12,,,0
4019,'1479177',1840,,663,12,,,0
4019,'1479178',1940,,664,12,,,0
4019,'1479179',2010,,665,12,,,0
4019,'1479180',2040,,666,12,,,0
4019,'1479181',2140,,667,12,,,0
4019,'1479182',2210,,668,12,,,0
4019,'1479183',2240,,669,12,,,0
4019,'1479212',710,,698,12,,,0
4019,'1479213',910,,699,12,,,0
4019,'1479214',1110,,700,12,,,0
4019,'1479215',1310,,701,12,,,0
4019,'1479216',1510,,702,12,,,0
4019,'1479217',1710,,703,12,,,0
4019,'1479218',1910,,704,12,,,0
4019,'1479219',2110,,705,12,,,0
4019,'1479220',2310,,706,12,,,0
4019,'1482406',710,,715,12,,,0
4019,'1482407',740,,716,12,,,0
4019,'1482408',840,,717,12,,,0
4019,'1482409',910,,718,12,,,0
4019,'1482410',940,,719,12,,,0
4019,'1482411',1040,,720,12,,,0
4019,'1482412',1110,,721,12,,,0
4019,'1482413',1140,,722,12,,,0
4019,'1482414',1240,,723,12,,,0
4019,'1482415',1310,,724,12,,,0
4019,'1482416',1340,,725,12,,,0
4019,'1482417',1440,,726,12,,,0
4019,'1482418',1510,,727,12,,,0
4019,'1482419',1540,,728,12,,,0
4019,'1482420',1640,,729,12,,,0
4019,'1482421',1710,,730,12,,,0
4019,'1482422',1740,,731,12,,,0
4019,'1482423',1840,,732,12,,,0
4019,'1482424',1910,,733,12,,,0
4019,'1482425',1940,,734,12,,,0
4019,'1482426',2040,,735,12,,,0
4019,'1482427',2110,,736,12,,,0
4019,'1482449',2140,,758,12,,,0
4019,'1482450',2010,,759,12,,,0
4019,'1482451',1810,,760,12,,,0
4019,'1482460',810,,769,12,,,0
4019,'1482461',1010,,770,12,,,0
4019,'1482462',1210,,771,12,,,0
4019,'1482463',1410,,772,12,,,0
4019,'1482464',1610,,773,12,,,0
4019,'1482583',2210,,774,12,,,0
140000019,'1478707',2406,,1275,45,,,0
140000019,'1478990',2406,,1276,45,,,0
140000019,'1482582',2306,,1277,45,,,0
