20005019,'1478857',640,,1207,10,,,0
20005019,'1478858',710,,1208,10,,,0
20005019,'1478859',740,,1209,10,,,0
20005019,'1478860',810,,1210,10,,,0
20005019,'1478861',840,,1211,10,,,0
20005019,'1478862',910,,1212,10,,,0
20005019,'1478863',940,,1213,10,,,0
20005019,'1478864',1010,,1214,10,,,0
20005019,'1478865',1040,,1215,10,,,0
20005019,'1478866',1110,,1216,10,,,0
20005019,'1478867',1140,,1217,10,,,0
20005019,'1478868',1210,,1218,10,,,0
20005019,'1478869',1240,,1219,10,,,0
20005019,'1478870',1310,,1220,10,,,0
20005019,'1478871',1340,,1221,10,,,0
20005019,'1478872',1410,,1222,10,,,0
20005019,'1478873',1440,,1223,10,,,0
20005019,'1478874',1510,,1224,10,,,0
20005019,'1478875',1540,,1225,10,,,0
20005019,'1478876',1610,,1226,10,,,0
20005019,'1478877',1640,,1227,10,,,0
20005019,'1478878',1710,,1228,10,,,0
20005019,'1478879',1740,,1229,10,,,0
20005019,'1478880',1810,,1230,10,,,0
20005019,'1478881',1840,,1231,10,,,0
20005019,'1478882',1910,,1232,10,,,0
20005019,'1478883',1940,,1233,10,,,0
20005019,'1478884',2010,,1234,10,,,0
20005019,'1478885',2140,,1235,10,,,0
20005019,'1478886',2240,,1236,10,,,0
20005019,'1478887',2040,,1237,10,,,0
20005019,'1478888',510,,1238,10,,,0
20005019,'1478889',540,,1239,10,,,0
20005019,'1478890',610,,1240,10,,,0
20005019,'1479105',810,,1241,10,,,0
20005019,'1479106',840,,1242,10,,,0
20005019,'1479107',910,,1243,10,,,0
20005019,'1479108',940,,1244,10,,,0
20005019,'1479109',1010,,1245,10,,,0
20005019,'1479110',1040,,1246,10,,,0
20005019,'1479111',1110,,1247,10,,,0
20005019,'1479112',1140,,1248,10,,,0
20005019,'1479113',1210,,1249,10,,,0
20005019,'1479114',1240,,1250,10,,,0
20005019,'1479115',1310,,1251,10,,,0
20005019,'1479116',1340,,1252,10,,,0
20005019,'1479117',1410,,1253,10,,,0
20005019,'1479118',1440,,1254,10,,,0
20005019,'1479119',1510,,1255,10,,,0
20005019,'1479120',1540,,1256,10,,,0
20005019,'1479121',1610,,1257,10,,,0
20005019,'1479122',1640,,1258,10,,,0
20005019,'1479123',1710,,1259,10,,,0
20005019,'1479124',1740,,1260,10,,,0
20005019,'1479125',1810,,1261,10,,,0
20005019,'1479126',1840,,1262,10,,,0
20005019,'1479127',1910,,1263,10,,,0
20005019,'1479128',2010,,1264,10,,,0
20005019,'1482481',840,,1265,10,,,0
20005019,'1482482',940,,1266,10,,,0
20005019,'1482483',1040,,1267,10,,,0
20005019,'1482484',1140,,1268,10,,,0
20005019,'1482485',1240,,1269,10,,,0
20005019,'1482486',1340,,1270,10,,,0
20005019,'1482487',1440,,1271,10,,,0
20005019,'1482488',1540,,1272,10,,,0
20005019,'1482489',1640,,1273,10,,,0
20005019,'1482490',1740,,1274,10,,,0
