20005019,'1478857',646,,1207,16,,,0
20005019,'1478858',716,,1208,16,,,0
20005019,'1478859',746,,1209,16,,,0
20005019,'1478860',816,,1210,16,,,0
20005019,'1478861',846,,1211,16,,,0
20005019,'1478862',916,,1212,16,,,0
20005019,'1478863',946,,1213,16,,,0
20005019,'1478864',1016,,1214,16,,,0
20005019,'1478865',1046,,1215,16,,,0
20005019,'1478866',1116,,1216,16,,,0
20005019,'1478867',1146,,1217,16,,,0
20005019,'1478868',1216,,1218,16,,,0
20005019,'1478869',1246,,1219,16,,,0
20005019,'1478870',1316,,1220,16,,,0
20005019,'1478871',1346,,1221,16,,,0
20005019,'1478872',1416,,1222,16,,,0
20005019,'1478873',1446,,1223,16,,,0
20005019,'1478874',1516,,1224,16,,,0
20005019,'1478875',1546,,1225,16,,,0
20005019,'1478876',1616,,1226,16,,,0
20005019,'1478877',1646,,1227,16,,,0
20005019,'1478878',1716,,1228,16,,,0
20005019,'1478879',1746,,1229,16,,,0
20005019,'1478880',1816,,1230,16,,,0
20005019,'1478881',1846,,1231,16,,,0
20005019,'1478882',1916,,1232,16,,,0
20005019,'1478883',1946,,1233,16,,,0
20005019,'1478884',2016,,1234,16,,,0
20005019,'1478885',2146,,1235,16,,,0
20005019,'1478886',2246,,1236,16,,,0
20005019,'1478887',2046,,1237,16,,,0
20005019,'1478888',516,,1238,16,,,0
20005019,'1478889',546,,1239,16,,,0
20005019,'1478890',616,,1240,16,,,0
20005019,'1479105',816,,1241,16,,,0
20005019,'1479106',846,,1242,16,,,0
20005019,'1479107',916,,1243,16,,,0
20005019,'1479108',946,,1244,16,,,0
20005019,'1479109',1016,,1245,16,,,0
20005019,'1479110',1046,,1246,16,,,0
20005019,'1479111',1116,,1247,16,,,0
20005019,'1479112',1146,,1248,16,,,0
20005019,'1479113',1216,,1249,16,,,0
20005019,'1479114',1246,,1250,16,,,0
20005019,'1479115',1316,,1251,16,,,0
20005019,'1479116',1346,,1252,16,,,0
20005019,'1479117',1416,,1253,16,,,0
20005019,'1479118',1446,,1254,16,,,0
20005019,'1479119',1516,,1255,16,,,0
20005019,'1479120',1546,,1256,16,,,0
20005019,'1479121',1616,,1257,16,,,0
20005019,'1479122',1646,,1258,16,,,0
20005019,'1479123',1716,,1259,16,,,0
20005019,'1479124',1746,,1260,16,,,0
20005019,'1479125',1816,,1261,16,,,0
20005019,'1479126',1846,,1262,16,,,0
20005019,'1479127',1916,,1263,16,,,0
20005019,'1479128',2016,,1264,16,,,0
20005019,'1482481',846,,1265,16,,,0
20005019,'1482482',946,,1266,16,,,0
20005019,'1482483',1046,,1267,16,,,0
20005019,'1482484',1146,,1268,16,,,0
20005019,'1482485',1246,,1269,16,,,0
20005019,'1482486',1346,,1270,16,,,0
20005019,'1482487',1446,,1271,16,,,0
20005019,'1482488',1546,,1272,16,,,0
20005019,'1482489',1646,,1273,16,,,0
20005019,'1482490',1746,,1274,16,,,0
