6029,'1478790',617,,775,21,,,0
6029,'1478791',717,,776,21,,,0
6029,'1478792',747,,777,21,,,0
6029,'1478793',817,,778,21,,,0
6029,'1478794',847,,779,21,,,0
6029,'1478795',917,,780,21,,,0
6029,'1478796',947,,781,21,,,0
6029,'1478797',1017,,782,21,,,0
6029,'1478798',1047,,783,21,,,0
6029,'1478799',1117,,784,21,,,0
6029,'1478800',1147,,785,21,,,0
6029,'1478801',1217,,786,21,,,0
6029,'1478802',1247,,787,21,,,0
6029,'1478803',1317,,788,21,,,0
6029,'1478804',1347,,789,21,,,0
6029,'1478805',1417,,790,21,,,0
6029,'1478806',1447,,791,21,,,0
6029,'1478807',1517,,792,21,,,0
6029,'1478808',1547,,793,21,,,0
6029,'1478809',1617,,794,21,,,0
6029,'1478810',1647,,795,21,,,0
6029,'1478811',1717,,796,21,,,0
6029,'1478812',1747,,797,21,,,0
6029,'1478813',1817,,798,21,,,0
6029,'1478814',1847,,799,21,,,0
6029,'1478815',1917,,800,21,,,0
6029,'1478816',1947,,801,21,,,0
6029,'1478817',2017,,802,21,,,0
6029,'1478818',2047,,803,21,,,0
6029,'1478819',2147,,804,21,,,0
6029,'1478820',2247,,805,21,,,0
6029,'1478854',547,,839,21,,,0
6029,'1478856',647,,841,21,,,0
6029,'1479084',647,,861,21,,,0
6029,'1479085',717,,862,21,,,0
6029,'1479086',747,,863,21,,,0
6029,'1479087',847,,864,21,,,0
6029,'1479088',947,,865,21,,,0
6029,'1479089',1047,,866,21,,,0
6029,'1479090',1147,,867,21,,,0
6029,'1479091',1247,,868,21,,,0
6029,'1479092',1347,,869,21,,,0
6029,'1479093',1447,,870,21,,,0
6029,'1479094',1547,,871,21,,,0
6029,'1479095',1647,,872,21,,,0
6029,'1479096',1747,,873,21,,,0
6029,'1479097',1847,,874,21,,,0
6029,'1479098',1947,,875,21,,,0
6029,'1479099',2047,,876,21,,,0
6029,'1479100',2147,,877,21,,,0
6029,'1479101',2247,,878,21,,,0
6029,'1479102',617,,879,21,,,0
6029,'1479104',817,,881,21,,,0
6029,'1482507',747,,898,21,,,0
6029,'1482508',847,,899,21,,,0
6029,'1482509',947,,900,21,,,0
6029,'1482510',1147,,901,21,,,0
6029,'1482511',1047,,902,21,,,0
6029,'1482512',1347,,903,21,,,0
6029,'1482513',1247,,904,21,,,0
6029,'1482514',1447,,905,21,,,0
6029,'1482515',1547,,906,21,,,0
6029,'1482516',1647,,907,21,,,0
6029,'1482517',1747,,908,21,,,0
6029,'1482518',1847,,909,21,,,0
6029,'1482519',1947,,910,21,,,0
6029,'1482520',2047,,911,21,,,0
6029,'1482521',2147,,912,21,,,0
140000019,'1478707',2347,,1275,21,,,0
140000019,'1478990',2347,,1276,21,,,0
140000019,'1482582',2247,,1277,21,,,0
