3019,'1478955',608,,382,7,,,0
3019,'1478956',738,,383,7,,,0
3019,'1478957',838,,384,7,,,0
3019,'1478958',908,,385,7,,,0
3019,'1478959',808,,386,7,,,0
3019,'1478960',1008,,387,7,,,0
3019,'1478961',938,,388,7,,,0
3019,'1478962',1038,,389,7,,,0
3019,'1478963',1508,,390,7,,,0
3019,'1478964',1238,,391,7,,,0
3019,'1478965',1308,,392,7,,,0
3019,'1478966',1138,,393,7,,,0
3019,'1478967',1338,,394,7,,,0
3019,'1478968',1408,,395,7,,,0
3019,'1478969',1438,,396,7,,,0
3019,'1478970',1208,,397,7,,,0
3019,'1478971',1108,,398,7,,,0
3019,'1478972',1638,,399,7,,,0
3019,'1478973',1538,,400,7,,,0
3019,'1478974',1608,,401,7,,,0
3019,'1478975',1738,,402,7,,,0
3019,'1478976',1808,,403,7,,,0
3019,'1478977',1838,,404,7,,,0
3019,'1478978',1708,,405,7,,,0
3019,'1478979',1908,,406,7,,,0
3019,'1478980',1938,,407,7,,,0
3019,'1478981',2008,,408,7,,,0
3019,'1478982',2038,,409,7,,,0
3019,'1478983',2138,,410,7,,,0
3019,'1478984',2208,,411,7,,,0
3019,'1478985',708,,412,7,,,0
3019,'1478986',2308,,413,7,,,0
3019,'1478987',638,,414,7,,,0
3019,'1479228',607,,417,7,,,0
3019,'1479229',707,,418,7,,,0
3019,'1479230',807,,419,7,,,0
3019,'1479231',837,,420,7,,,0
3019,'1479232',937,,421,7,,,0
3019,'1479233',1007,,422,7,,,0
3019,'1479234',1037,,423,7,,,0
3019,'1479235',1137,,424,7,,,0
3019,'1479236',1207,,425,7,,,0
3019,'1479237',1237,,426,7,,,0
3019,'1479238',1337,,427,7,,,0
3019,'1479239',1407,,428,7,,,0
3019,'1479240',1437,,429,7,,,0
3019,'1479241',1537,,430,7,,,0
3019,'1479242',1607,,431,7,,,0
3019,'1479243',1637,,432,7,,,0
3019,'1479244',1737,,433,7,,,0
3019,'1479245',1807,,434,7,,,0
3019,'1479264',1937,,453,7,,,0
3019,'1479265',2007,,454,7,,,0
3019,'1479266',2137,,455,7,,,0
3019,'1479271',2037,,460,7,,,0
3019,'1479272',2237,,461,7,,,0
3019,'1479275',1837,,464,7,,,0
3019,'1479278',907,,467,7,,,0
3019,'1479279',1107,,468,7,,,0
3019,'1479280',1307,,469,7,,,0
3019,'1479281',1507,,470,7,,,0
3019,'1479282',1707,,471,7,,,0
3019,'1479283',1907,,472,7,,,0
3019,'1482351',738,,477,7,,,0
3019,'1482352',808,,478,7,,,0
3019,'1482353',838,,479,7,,,0
3019,'1482354',938,,480,7,,,0
3019,'1482355',1008,,481,7,,,0
3019,'1482356',1038,,482,7,,,0
3019,'1482357',1138,,483,7,,,0
3019,'1482358',1208,,484,7,,,0
3019,'1482359',1238,,485,7,,,0
3019,'1482360',1338,,486,7,,,0
3019,'1482361',1408,,487,7,,,0
3019,'1482362',1438,,488,7,,,0
3019,'1482363',1538,,489,7,,,0
3019,'1482364',1608,,490,7,,,0
3019,'1482365',1638,,491,7,,,0
3019,'1482366',1738,,492,7,,,0
3019,'1482367',1808,,493,7,,,0
3019,'1482368',1908,,494,7,,,0
3019,'1482369',2008,,495,7,,,0
3019,'1482370',2108,,496,7,,,0
3019,'1482392',2208,,518,7,,,0
3019,'1482397',908,,523,7,,,0
3019,'1482398',1108,,524,7,,,0
3019,'1482399',1308,,525,7,,,0
3019,'1482400',1508,,526,7,,,0
3019,'1482401',1708,,527,7,,,0
3019,'1482402',1838,,528,7,,,0
