6019,'1478821',645,,806,23,,,0
6019,'1478822',745,,807,23,,,0
6019,'1478823',815,,808,23,,,0
6019,'1478824',845,,809,23,,,0
6019,'1478825',915,,810,23,,,0
6019,'1478826',945,,811,23,,,0
6019,'1478827',1015,,812,23,,,0
6019,'1478828',1045,,813,23,,,0
6019,'1478829',1115,,814,23,,,0
6019,'1478830',1145,,815,23,,,0
6019,'1478831',1215,,816,23,,,0
6019,'1478832',1245,,817,23,,,0
6019,'1478833',1315,,818,23,,,0
6019,'1478834',1345,,819,23,,,0
6019,'1478835',1415,,820,23,,,0
6019,'1478836',1445,,821,23,,,0
6019,'1478837',1515,,822,23,,,0
6019,'1478838',1545,,823,23,,,0
6019,'1478839',1615,,824,23,,,0
6019,'1478840',1645,,825,23,,,0
6019,'1478841',1715,,826,23,,,0
6019,'1478842',1745,,827,23,,,0
6019,'1478843',1815,,828,23,,,0
6019,'1478844',1845,,829,23,,,0
6019,'1478845',1915,,830,23,,,0
6019,'1478846',1945,,831,23,,,0
6019,'1478847',2015,,832,23,,,0
6019,'1478848',2045,,833,23,,,0
6019,'1478849',2115,,834,23,,,0
6019,'1478850',2215,,835,23,,,0
6019,'1478851',2315,,836,23,,,0
6019,'1478852',545,,837,23,,,0
6019,'1478853',715,,838,23,,,0
6019,'1478855',615,,840,23,,,0
6019,'1479065',615,,842,23,,,0
6019,'1479066',645,,843,23,,,0
6019,'1479067',715,,844,23,,,0
6019,'1479068',745,,845,23,,,0
6019,'1479069',815,,846,23,,,0
6019,'1479070',915,,847,23,,,0
6019,'1479071',1015,,848,23,,,0
6019,'1479072',1115,,849,23,,,0
6019,'1479073',1215,,850,23,,,0
6019,'1479074',1315,,851,23,,,0
6019,'1479075',1415,,852,23,,,0
6019,'1479076',1515,,853,23,,,0
6019,'1479077',1615,,854,23,,,0
6019,'1479078',1715,,855,23,,,0
6019,'1479079',1815,,856,23,,,0
6019,'1479080',1915,,857,23,,,0
6019,'1479081',2015,,858,23,,,0
6019,'1479082',2115,,859,23,,,0
6019,'1479083',2215,,860,23,,,0
6019,'1479103',2312,,880,23,,,0
6019,'1482491',715,,882,23,,,0
6019,'1482492',815,,883,23,,,0
6019,'1482493',915,,884,23,,,0
6019,'1482494',1015,,885,23,,,0
6019,'1482495',1115,,886,23,,,0
6019,'1482496',1215,,887,23,,,0
6019,'1482497',1315,,888,23,,,0
6019,'1482498',1415,,889,23,,,0
6019,'1482499',1515,,890,23,,,0
6019,'1482500',1615,,891,23,,,0
6019,'1482501',1715,,892,23,,,0
6019,'1482502',1815,,893,23,,,0
6019,'1482503',1915,,894,23,,,0
6019,'1482504',2015,,895,23,,,0
6019,'1482505',2115,,896,23,,,0
6019,'1482506',2212,,897,23,,,0
