6019,'1478821',636,,806,12,,,0
6019,'1478822',736,,807,12,,,0
6019,'1478823',806,,808,12,,,0
6019,'1478824',836,,809,12,,,0
6019,'1478825',906,,810,12,,,0
6019,'1478826',936,,811,12,,,0
6019,'1478827',1006,,812,12,,,0
6019,'1478828',1036,,813,12,,,0
6019,'1478829',1106,,814,12,,,0
6019,'1478830',1136,,815,12,,,0
6019,'1478831',1206,,816,12,,,0
6019,'1478832',1236,,817,12,,,0
6019,'1478833',1306,,818,12,,,0
6019,'1478834',1336,,819,12,,,0
6019,'1478835',1406,,820,12,,,0
6019,'1478836',1436,,821,12,,,0
6019,'1478837',1506,,822,12,,,0
6019,'1478838',1536,,823,12,,,0
6019,'1478839',1606,,824,12,,,0
6019,'1478840',1636,,825,12,,,0
6019,'1478841',1706,,826,12,,,0
6019,'1478842',1736,,827,12,,,0
6019,'1478843',1806,,828,12,,,0
6019,'1478844',1836,,829,12,,,0
6019,'1478845',1906,,830,12,,,0
6019,'1478846',1936,,831,12,,,0
6019,'1478847',2006,,832,12,,,0
6019,'1478848',2036,,833,12,,,0
6019,'1478849',2106,,834,12,,,0
6019,'1478850',2206,,835,12,,,0
6019,'1478851',2306,,836,12,,,0
6019,'1478852',536,,837,12,,,0
6019,'1478853',706,,838,12,,,0
6019,'1478855',606,,840,12,,,0
6019,'1479065',606,,842,12,,,0
6019,'1479066',636,,843,12,,,0
6019,'1479067',706,,844,12,,,0
6019,'1479068',736,,845,12,,,0
6019,'1479069',806,,846,12,,,0
6019,'1479070',906,,847,12,,,0
6019,'1479071',1006,,848,12,,,0
6019,'1479072',1106,,849,12,,,0
6019,'1479073',1206,,850,12,,,0
6019,'1479074',1306,,851,12,,,0
6019,'1479075',1406,,852,12,,,0
6019,'1479076',1506,,853,12,,,0
6019,'1479077',1606,,854,12,,,0
6019,'1479078',1706,,855,12,,,0
6019,'1479079',1806,,856,12,,,0
6019,'1479080',1906,,857,12,,,0
6019,'1479081',2006,,858,12,,,0
6019,'1479082',2106,,859,12,,,0
6019,'1479083',2206,,860,12,,,0
6019,'1479103',2305,,880,12,,,0
6019,'1482491',706,,882,12,,,0
6019,'1482492',806,,883,12,,,0
6019,'1482493',906,,884,12,,,0
6019,'1482494',1006,,885,12,,,0
6019,'1482495',1106,,886,12,,,0
6019,'1482496',1206,,887,12,,,0
6019,'1482497',1306,,888,12,,,0
6019,'1482498',1406,,889,12,,,0
6019,'1482499',1506,,890,12,,,0
6019,'1482500',1606,,891,12,,,0
6019,'1482501',1706,,892,12,,,0
6019,'1482502',1806,,893,12,,,0
6019,'1482503',1906,,894,12,,,0
6019,'1482504',2006,,895,12,,,0
6019,'1482505',2106,,896,12,,,0
6019,'1482506',2205,,897,12,,,0
7029,'1478755',735,,931,6,,,0
7029,'1478756',835,,932,6,,,0
7029,'1478757',1207,,933,6,,,0
7029,'1478758',805,,934,6,,,0
7029,'1478759',605,,935,6,,,0
7029,'1478761',1527,,937,6,,,0
7029,'1478762',1447,,938,6,,,0
7029,'1478763',1607,,939,6,,,0
7029,'1478764',1647,,940,6,,,0
7029,'1478765',1805,,941,6,,,0
7029,'1478766',1327,,942,6,,,0
7029,'1478767',1247,,943,6,,,0
7029,'1478768',1127,,944,6,,,0
7029,'1478769',935,,945,6,,,0
7029,'1478770',1047,,946,6,,,0
7029,'1478771',1007,,947,6,,,0
7029,'1478772',1905,,948,6,,,0
7029,'1478773',2005,,949,6,,,0
7029,'1478774',2105,,950,6,,,0
7029,'1478775',2205,,951,6,,,0
7029,'1478777',635,,953,6,,,0
7029,'1478780',705,,956,6,,,0
7029,'1478781',1407,,957,6,,,0
7029,'1478782',1727,,958,6,,,0
7029,'1478785',2305,,961,6,,,0
7029,'1478787',905,,963,6,,,0
7029,'1478788',1835,,964,6,,,0
7029,'1479019',635,,966,6,,,0
7029,'1479020',735,,967,6,,,0
7029,'1479021',835,,968,6,,,0
7029,'1479022',905,,969,6,,,0
7029,'1479023',935,,970,6,,,0
7029,'1479024',1007,,971,6,,,0
7029,'1479025',1127,,972,6,,,0
7029,'1479026',1207,,973,6,,,0
7029,'1479027',1247,,974,6,,,0
7029,'1479028',1327,,975,6,,,0
7029,'1479029',1447,,976,6,,,0
7029,'1479030',1527,,977,6,,,0
7029,'1479031',1607,,978,6,,,0
7029,'1479032',1647,,979,6,,,0
7029,'1479033',1805,,980,6,,,0
7029,'1479034',1835,,981,6,,,0
7029,'1479035',1935,,982,6,,,0
7029,'1479036',2035,,983,6,,,0
7029,'1479037',2135,,984,6,,,0
7029,'1479038',2235,,985,6,,,0
7029,'1479060',1047,,1007,6,,,0
7029,'1479061',1407,,1008,6,,,0
7029,'1479062',1727,,1009,6,,,0
7029,'1482522',705,,1012,6,,,0
7029,'1482523',805,,1013,6,,,0
7029,'1482524',905,,1014,6,,,0
7029,'1482525',1207,,1015,6,,,0
7029,'1482526',1247,,1016,6,,,0
7029,'1482527',1327,,1017,6,,,0
7029,'1482528',1407,,1018,6,,,0
7029,'1482529',1447,,1019,6,,,0
7029,'1482530',1527,,1020,6,,,0
7029,'1482531',1607,,1021,6,,,0
7029,'1482532',1727,,1022,6,,,0
7029,'1482533',1805,,1023,6,,,0
7029,'1482534',1835,,1024,6,,,0
7029,'1482535',1935,,1025,6,,,0
7029,'1482536',2135,,1026,6,,,0
7029,'1482552',1005,,1042,6,,,0
7029,'1482555',2035,,1045,6,,,0
7029,'1482557',1105,,1047,6,,,0
7029,'1482559',1647,,1049,6,,,0
