1019,'1478675',2208,,32,7,,,0
1019,'1478676',623,,33,7,,,0
1019,'1478677',653,,34,7,,,0
1019,'1478678',723,,35,7,,,0
1019,'1478679',753,,36,7,,,0
1019,'1478680',823,,37,7,,,0
1019,'1478681',853,,38,7,,,0
1019,'1478682',923,,39,7,,,0
1019,'1478683',953,,40,7,,,0
1019,'1478684',1023,,41,7,,,0
1019,'1478685',1053,,42,7,,,0
1019,'1478686',1131,,43,7,,,0
1019,'1478687',1211,,44,7,,,0
1019,'1478688',1251,,45,7,,,0
1019,'1478689',1331,,46,7,,,0
1019,'1478690',1411,,47,7,,,0
1019,'1478691',1451,,48,7,,,0
1019,'1478692',1531,,49,7,,,0
1019,'1478693',1611,,50,7,,,0
1019,'1478694',1651,,51,7,,,0
1019,'1478695',1731,,52,7,,,0
1019,'1478696',1808,,53,7,,,0
1019,'1478697',1838,,54,7,,,0
1019,'1478698',1908,,55,7,,,0
1019,'1478699',1938,,56,7,,,0
1019,'1478700',2008,,57,7,,,0
1019,'1478701',2038,,58,7,,,0
1019,'1478702',2108,,59,7,,,0
1019,'1478703',2138,,60,7,,,0
1019,'1478704',2238,,61,7,,,0
1019,'1478705',2308,,62,7,,,0
1019,'1479338',608,,66,7,,,0
1019,'1479339',708,,67,7,,,0
1019,'1479346',808,,74,7,,,0
1019,'1479347',838,,75,7,,,0
1019,'1479348',908,,76,7,,,0
1019,'1479349',938,,77,7,,,0
1019,'1479350',1011,,78,7,,,0
1019,'1479351',1051,,79,7,,,0
1019,'1479352',1131,,80,7,,,0
1019,'1479360',1808,,88,7,,,0
1019,'1479366',1211,,94,7,,,0
1019,'1479367',1251,,95,7,,,0
1019,'1479368',1731,,96,7,,,0
1019,'1479369',1331,,97,7,,,0
1019,'1479370',1411,,98,7,,,0
1019,'1479371',1451,,99,7,,,0
1019,'1479372',1531,,100,7,,,0
1019,'1479373',1651,,101,7,,,0
1019,'1479374',1611,,102,7,,,0
1019,'1479375',2218,,103,7,,,0
1019,'1479376',2118,,104,7,,,0
1019,'1479383',1838,,111,7,,,0
1019,'1479384',1908,,112,7,,,0
1019,'1479385',1938,,113,7,,,0
1019,'1479386',2008,,114,7,,,0
1019,'1479387',2038,,115,7,,,0
1019,'1482261',708,,116,7,,,0
1019,'1482262',808,,117,7,,,0
1019,'1482263',838,,118,7,,,0
1019,'1482264',908,,119,7,,,0
1019,'1482265',938,,120,7,,,0
1019,'1482266',1008,,121,7,,,0
1019,'1482267',1038,,122,7,,,0
1019,'1482268',1111,,123,7,,,0
1019,'1482269',1151,,124,7,,,0
1019,'1482270',1231,,125,7,,,0
1019,'1482271',1311,,126,7,,,0
1019,'1482272',1351,,127,7,,,0
1019,'1482273',1431,,128,7,,,0
1019,'1482274',1511,,129,7,,,0
1019,'1482275',1551,,130,7,,,0
1019,'1482276',1631,,131,7,,,0
1019,'1482277',1708,,132,7,,,0
1019,'1482278',1738,,133,7,,,0
1019,'1482279',1808,,134,7,,,0
1019,'1482280',1838,,135,7,,,0
1019,'1482281',1908,,136,7,,,0
1019,'1482282',2008,,137,7,,,0
1019,'1482283',2108,,138,7,,,0
1019,'1482284',2208,,139,7,,,0
