3029,'1478924',623,,351,8,,,0
3029,'1478925',723,,352,8,,,0
3029,'1478926',753,,353,8,,,0
3029,'1478927',823,,354,8,,,0
3029,'1478928',853,,355,8,,,0
3029,'1478929',923,,356,8,,,0
3029,'1478930',953,,357,8,,,0
3029,'1478931',1023,,358,8,,,0
3029,'1478932',1053,,359,8,,,0
3029,'1478933',1123,,360,8,,,0
3029,'1478934',1153,,361,8,,,0
3029,'1478935',1223,,362,8,,,0
3029,'1478936',1253,,363,8,,,0
3029,'1478937',1323,,364,8,,,0
3029,'1478938',1353,,365,8,,,0
3029,'1478939',1423,,366,8,,,0
3029,'1478940',1453,,367,8,,,0
3029,'1478941',1523,,368,8,,,0
3029,'1478942',1553,,369,8,,,0
3029,'1478943',1623,,370,8,,,0
3029,'1478944',1653,,371,8,,,0
3029,'1478945',1723,,372,8,,,0
3029,'1478946',1753,,373,8,,,0
3029,'1478947',1823,,374,8,,,0
3029,'1478948',1853,,375,8,,,0
3029,'1478949',1923,,376,8,,,0
3029,'1478950',1953,,377,8,,,0
3029,'1478951',2023,,378,8,,,0
3029,'1478952',2153,,379,8,,,0
3029,'1478953',2053,,380,8,,,0
3029,'1478954',2223,,381,8,,,0
3029,'1478988',653,,415,8,,,0
3029,'1478989',2323,,416,8,,,0
3029,'1479246',2056,,435,8,,,0
3029,'1479247',624,,436,8,,,0
3029,'1479248',724,,437,8,,,0
3029,'1479249',826,,438,8,,,0
3029,'1479250',856,,439,8,,,0
3029,'1479251',956,,440,8,,,0
3029,'1479252',1026,,441,8,,,0
3029,'1479253',1156,,442,8,,,0
3029,'1479254',1056,,443,8,,,0
3029,'1479255',1226,,444,8,,,0
3029,'1479256',1256,,445,8,,,0
3029,'1479257',1356,,446,8,,,0
3029,'1479258',1426,,447,8,,,0
3029,'1479259',1456,,448,8,,,0
3029,'1479260',1626,,449,8,,,0
3029,'1479261',1656,,450,8,,,0
3029,'1479262',1756,,451,8,,,0
3029,'1479263',1826,,452,8,,,0
3029,'1479267',1856,,456,8,,,0
3029,'1479268',1956,,457,8,,,0
3029,'1479269',2026,,458,8,,,0
3029,'1479270',2154,,459,8,,,0
3029,'1479273',2254,,462,8,,,0
3029,'1479274',1556,,463,8,,,0
3029,'1479276',1726,,465,8,,,0
3029,'1479277',1926,,466,8,,,0
3029,'1479284',926,,473,8,,,0
3029,'1479285',1126,,474,8,,,0
3029,'1479286',1326,,475,8,,,0
3029,'1479287',1526,,476,8,,,0
3029,'1482371',1923,,497,8,,,0
3029,'1482372',1253,,498,8,,,0
3029,'1482373',953,,499,8,,,0
3029,'1482374',823,,500,8,,,0
3029,'1482375',1153,,501,8,,,0
3029,'1482376',1023,,502,8,,,0
3029,'1482377',1653,,503,8,,,0
3029,'1482378',1753,,504,8,,,0
3029,'1482379',853,,505,8,,,0
3029,'1482380',1053,,506,8,,,0
3029,'1482381',1223,,507,8,,,0
3029,'1482382',753,,508,8,,,0
3029,'1482383',1423,,509,8,,,0
3029,'1482384',1353,,510,8,,,0
3029,'1482385',1453,,511,8,,,0
3029,'1482386',1623,,512,8,,,0
3029,'1482387',1553,,513,8,,,0
3029,'1482388',2023,,514,8,,,0
3029,'1482389',2123,,515,8,,,0
3029,'1482390',1823,,516,8,,,0
3029,'1482391',2223,,517,8,,,0
3029,'1482393',1853,,519,8,,,0
3029,'1482394',1723,,520,8,,,0
3029,'1482395',1323,,521,8,,,0
3029,'1482396',1523,,522,8,,,0
3029,'1482403',923,,529,8,,,0
3029,'1482404',1123,,530,8,,,0
