2019,'1478569',639,,186,13,,,0
2019,'1478570',709,,187,13,,,0
2019,'1478571',1434,,188,13,,,0
2019,'1478572',754,,189,13,,,0
2019,'1478573',1514,,190,13,,,0
2019,'1478574',1114,,191,13,,,0
2019,'1478575',954,,192,13,,,0
2019,'1478576',1234,,193,13,,,0
2019,'1478577',834,,194,13,,,0
2019,'1478578',1154,,195,13,,,0
2019,'1478579',1314,,196,13,,,0
2019,'1478580',1034,,197,13,,,0
2019,'1478581',1354,,198,13,,,0
2019,'1478582',1554,,199,13,,,0
2019,'1478583',1634,,200,13,,,0
2019,'1478584',1754,,201,13,,,0
2019,'1478585',1714,,202,13,,,0
2019,'1478586',1914,,203,13,,,0
2019,'1478587',1834,,204,13,,,0
2019,'1478588',1954,,205,13,,,0
2019,'1478589',2034,,206,13,,,0
2019,'1478590',2109,,207,13,,,0
2019,'1478591',2239,,208,13,,,0
2019,'1478592',914,,209,13,,,0
2019,'1478596',509,,213,13,,,0
2019,'1478597',539,,214,13,,,0
2019,'1478599',609,,216,13,,,0
2019,'1478623',729,,240,13,,,0
2019,'1478624',2054,,241,13,,,0
2019,'1478625',814,,242,13,,,0
2019,'1478626',854,,243,13,,,0
2019,'1478627',934,,244,13,,,0
2019,'1478628',1014,,245,13,,,0
2019,'1478629',1054,,246,13,,,0
2019,'1478630',1134,,247,13,,,0
2019,'1478631',1214,,248,13,,,0
2019,'1478632',1254,,249,13,,,0
2019,'1478633',1334,,250,13,,,0
2019,'1478634',1414,,251,13,,,0
2019,'1478635',1454,,252,13,,,0
2019,'1478636',1534,,253,13,,,0
2019,'1478637',1614,,254,13,,,0
2019,'1478638',1654,,255,13,,,0
2019,'1478639',1734,,256,13,,,0
2019,'1478640',1814,,257,13,,,0
2019,'1478641',1854,,258,13,,,0
2019,'1478642',1934,,259,13,,,0
2019,'1478643',2014,,260,13,,,0
2019,'1479288',639,,261,13,,,0
2019,'1479289',739,,262,13,,,0
2019,'1479292',809,,265,13,,,0
2019,'1479293',851,,266,13,,,0
2019,'1479294',931,,267,13,,,0
2019,'1479295',1011,,268,13,,,0
2019,'1479296',1051,,269,13,,,0
2019,'1479297',1131,,270,13,,,0
2019,'1479298',1211,,271,13,,,0
2019,'1479306',1251,,279,13,,,0
2019,'1479307',1331,,280,13,,,0
2019,'1479308',1411,,281,13,,,0
2019,'1479309',1451,,282,13,,,0
2019,'1479310',1531,,283,13,,,0
2019,'1479311',1611,,284,13,,,0
2019,'1479312',1651,,285,13,,,0
2019,'1479313',1731,,286,13,,,0
2019,'1479314',1811,,287,13,,,0
2019,'1479323',1931,,296,13,,,0
2019,'1479326',2049,,299,13,,,0
2019,'1479327',2149,,300,13,,,0
2019,'1479331',2011,,304,13,,,0
2019,'1479334',2249,,307,13,,,0
2019,'1479335',1851,,308,13,,,0
2019,'1482309',739,,309,13,,,0
2019,'1482310',814,,310,13,,,0
2019,'1482311',854,,311,13,,,0
2019,'1482312',934,,312,13,,,0
2019,'1482313',1014,,313,13,,,0
2019,'1482314',1054,,314,13,,,0
2019,'1482315',1134,,315,13,,,0
2019,'1482316',1214,,316,13,,,0
2019,'1482317',1254,,317,13,,,0
2019,'1482318',1334,,318,13,,,0
2019,'1482319',1414,,319,13,,,0
2019,'1482320',1454,,320,13,,,0
2019,'1482321',1534,,321,13,,,0
2019,'1482322',1614,,322,13,,,0
2019,'1482323',1654,,323,13,,,0
2019,'1482324',1734,,324,13,,,0
2019,'1482325',1814,,325,13,,,0
2019,'1482326',1909,,326,13,,,0
2019,'1482327',2009,,327,13,,,0
2019,'1482328',2109,,328,13,,,0
2019,'1482349',2209,,349,13,,,0
