6029,'1478790',623,,775,28,,,0
6029,'1478791',723,,776,28,,,0
6029,'1478792',753,,777,28,,,0
6029,'1478793',823,,778,28,,,0
6029,'1478794',853,,779,28,,,0
6029,'1478795',923,,780,28,,,0
6029,'1478796',953,,781,28,,,0
6029,'1478797',1023,,782,28,,,0
6029,'1478798',1053,,783,28,,,0
6029,'1478799',1123,,784,28,,,0
6029,'1478800',1153,,785,28,,,0
6029,'1478801',1223,,786,28,,,0
6029,'1478802',1253,,787,28,,,0
6029,'1478803',1323,,788,28,,,0
6029,'1478804',1353,,789,28,,,0
6029,'1478805',1423,,790,28,,,0
6029,'1478806',1453,,791,28,,,0
6029,'1478807',1523,,792,28,,,0
6029,'1478808',1553,,793,28,,,0
6029,'1478809',1623,,794,28,,,0
6029,'1478810',1653,,795,28,,,0
6029,'1478811',1723,,796,28,,,0
6029,'1478812',1753,,797,28,,,0
6029,'1478813',1823,,798,28,,,0
6029,'1478814',1853,,799,28,,,0
6029,'1478815',1923,,800,28,,,0
6029,'1478816',1953,,801,28,,,0
6029,'1478817',2023,,802,28,,,0
6029,'1478818',2053,,803,28,,,0
6029,'1478819',2153,,804,28,,,0
6029,'1478820',2253,,805,28,,,0
6029,'1478854',553,,839,28,,,0
6029,'1478856',653,,841,28,,,0
6029,'1479084',653,,861,28,,,0
6029,'1479085',723,,862,28,,,0
6029,'1479086',753,,863,28,,,0
6029,'1479087',853,,864,28,,,0
6029,'1479088',953,,865,28,,,0
6029,'1479089',1053,,866,28,,,0
6029,'1479090',1153,,867,28,,,0
6029,'1479091',1253,,868,28,,,0
6029,'1479092',1353,,869,28,,,0
6029,'1479093',1453,,870,28,,,0
6029,'1479094',1553,,871,28,,,0
6029,'1479095',1653,,872,28,,,0
6029,'1479096',1753,,873,28,,,0
6029,'1479097',1853,,874,28,,,0
6029,'1479098',1953,,875,28,,,0
6029,'1479099',2053,,876,28,,,0
6029,'1479100',2153,,877,28,,,0
6029,'1479101',2253,,878,28,,,0
6029,'1479102',623,,879,28,,,0
6029,'1479104',823,,881,28,,,0
6029,'1482507',753,,898,28,,,0
6029,'1482508',853,,899,28,,,0
6029,'1482509',953,,900,28,,,0
6029,'1482510',1153,,901,28,,,0
6029,'1482511',1053,,902,28,,,0
6029,'1482512',1353,,903,28,,,0
6029,'1482513',1253,,904,28,,,0
6029,'1482514',1453,,905,28,,,0
6029,'1482515',1553,,906,28,,,0
6029,'1482516',1653,,907,28,,,0
6029,'1482517',1753,,908,28,,,0
6029,'1482518',1853,,909,28,,,0
6029,'1482519',1953,,910,28,,,0
6029,'1482520',2053,,911,28,,,0
6029,'1482521',2153,,912,28,,,0
140000019,'1478707',2352,,1275,28,,,0
140000019,'1478990',2352,,1276,28,,,0
140000019,'1482582',2252,,1277,28,,,0
