6019,'1478821',639,,806,14,,,0
6019,'1478822',739,,807,14,,,0
6019,'1478823',809,,808,14,,,0
6019,'1478824',839,,809,14,,,0
6019,'1478825',909,,810,14,,,0
6019,'1478826',939,,811,14,,,0
6019,'1478827',1009,,812,14,,,0
6019,'1478828',1039,,813,14,,,0
6019,'1478829',1109,,814,14,,,0
6019,'1478830',1139,,815,14,,,0
6019,'1478831',1209,,816,14,,,0
6019,'1478832',1239,,817,14,,,0
6019,'1478833',1309,,818,14,,,0
6019,'1478834',1339,,819,14,,,0
6019,'1478835',1409,,820,14,,,0
6019,'1478836',1439,,821,14,,,0
6019,'1478837',1509,,822,14,,,0
6019,'1478838',1539,,823,14,,,0
6019,'1478839',1609,,824,14,,,0
6019,'1478840',1639,,825,14,,,0
6019,'1478841',1709,,826,14,,,0
6019,'1478842',1739,,827,14,,,0
6019,'1478843',1809,,828,14,,,0
6019,'1478844',1839,,829,14,,,0
6019,'1478845',1909,,830,14,,,0
6019,'1478846',1939,,831,14,,,0
6019,'1478847',2009,,832,14,,,0
6019,'1478848',2039,,833,14,,,0
6019,'1478849',2109,,834,14,,,0
6019,'1478850',2209,,835,14,,,0
6019,'1478851',2309,,836,14,,,0
6019,'1478852',539,,837,14,,,0
6019,'1478853',709,,838,14,,,0
6019,'1478855',609,,840,14,,,0
6019,'1479065',609,,842,14,,,0
6019,'1479066',639,,843,14,,,0
6019,'1479067',709,,844,14,,,0
6019,'1479068',739,,845,14,,,0
6019,'1479069',809,,846,14,,,0
6019,'1479070',909,,847,14,,,0
6019,'1479071',1009,,848,14,,,0
6019,'1479072',1109,,849,14,,,0
6019,'1479073',1209,,850,14,,,0
6019,'1479074',1309,,851,14,,,0
6019,'1479075',1409,,852,14,,,0
6019,'1479076',1509,,853,14,,,0
6019,'1479077',1609,,854,14,,,0
6019,'1479078',1709,,855,14,,,0
6019,'1479079',1809,,856,14,,,0
6019,'1479080',1909,,857,14,,,0
6019,'1479081',2009,,858,14,,,0
6019,'1479082',2109,,859,14,,,0
6019,'1479083',2209,,860,14,,,0
6019,'1479103',2307,,880,14,,,0
6019,'1482491',709,,882,14,,,0
6019,'1482492',809,,883,14,,,0
6019,'1482493',909,,884,14,,,0
6019,'1482494',1009,,885,14,,,0
6019,'1482495',1109,,886,14,,,0
6019,'1482496',1209,,887,14,,,0
6019,'1482497',1309,,888,14,,,0
6019,'1482498',1409,,889,14,,,0
6019,'1482499',1509,,890,14,,,0
6019,'1482500',1609,,891,14,,,0
6019,'1482501',1709,,892,14,,,0
6019,'1482502',1809,,893,14,,,0
6019,'1482503',1909,,894,14,,,0
6019,'1482504',2009,,895,14,,,0
6019,'1482505',2109,,896,14,,,0
6019,'1482506',2207,,897,14,,,0
