20005019,'1478857',641,,1207,11,,,0
20005019,'1478858',711,,1208,11,,,0
20005019,'1478859',741,,1209,11,,,0
20005019,'1478860',811,,1210,11,,,0
20005019,'1478861',841,,1211,11,,,0
20005019,'1478862',911,,1212,11,,,0
20005019,'1478863',941,,1213,11,,,0
20005019,'1478864',1011,,1214,11,,,0
20005019,'1478865',1041,,1215,11,,,0
20005019,'1478866',1111,,1216,11,,,0
20005019,'1478867',1141,,1217,11,,,0
20005019,'1478868',1211,,1218,11,,,0
20005019,'1478869',1241,,1219,11,,,0
20005019,'1478870',1311,,1220,11,,,0
20005019,'1478871',1341,,1221,11,,,0
20005019,'1478872',1411,,1222,11,,,0
20005019,'1478873',1441,,1223,11,,,0
20005019,'1478874',1511,,1224,11,,,0
20005019,'1478875',1541,,1225,11,,,0
20005019,'1478876',1611,,1226,11,,,0
20005019,'1478877',1641,,1227,11,,,0
20005019,'1478878',1711,,1228,11,,,0
20005019,'1478879',1741,,1229,11,,,0
20005019,'1478880',1811,,1230,11,,,0
20005019,'1478881',1841,,1231,11,,,0
20005019,'1478882',1911,,1232,11,,,0
20005019,'1478883',1941,,1233,11,,,0
20005019,'1478884',2011,,1234,11,,,0
20005019,'1478885',2141,,1235,11,,,0
20005019,'1478886',2241,,1236,11,,,0
20005019,'1478887',2041,,1237,11,,,0
20005019,'1478888',511,,1238,11,,,0
20005019,'1478889',541,,1239,11,,,0
20005019,'1478890',611,,1240,11,,,0
20005019,'1479105',811,,1241,11,,,0
20005019,'1479106',841,,1242,11,,,0
20005019,'1479107',911,,1243,11,,,0
20005019,'1479108',941,,1244,11,,,0
20005019,'1479109',1011,,1245,11,,,0
20005019,'1479110',1041,,1246,11,,,0
20005019,'1479111',1111,,1247,11,,,0
20005019,'1479112',1141,,1248,11,,,0
20005019,'1479113',1211,,1249,11,,,0
20005019,'1479114',1241,,1250,11,,,0
20005019,'1479115',1311,,1251,11,,,0
20005019,'1479116',1341,,1252,11,,,0
20005019,'1479117',1411,,1253,11,,,0
20005019,'1479118',1441,,1254,11,,,0
20005019,'1479119',1511,,1255,11,,,0
20005019,'1479120',1541,,1256,11,,,0
20005019,'1479121',1611,,1257,11,,,0
20005019,'1479122',1641,,1258,11,,,0
20005019,'1479123',1711,,1259,11,,,0
20005019,'1479124',1741,,1260,11,,,0
20005019,'1479125',1811,,1261,11,,,0
20005019,'1479126',1841,,1262,11,,,0
20005019,'1479127',1911,,1263,11,,,0
20005019,'1479128',2011,,1264,11,,,0
20005019,'1482481',841,,1265,11,,,0
20005019,'1482482',941,,1266,11,,,0
20005019,'1482483',1041,,1267,11,,,0
20005019,'1482484',1141,,1268,11,,,0
20005019,'1482485',1241,,1269,11,,,0
20005019,'1482486',1341,,1270,11,,,0
20005019,'1482487',1441,,1271,11,,,0
20005019,'1482488',1541,,1272,11,,,0
20005019,'1482489',1641,,1273,11,,,0
20005019,'1482490',1741,,1274,11,,,0
