7029,'1478755',740,,931,10,,,0
7029,'1478756',840,,932,10,,,0
7029,'1478757',1213,,933,10,,,0
7029,'1478758',810,,934,10,,,0
7029,'1478759',610,,935,10,,,0
7029,'1478761',1533,,937,10,,,0
7029,'1478762',1453,,938,10,,,0
7029,'1478763',1613,,939,10,,,0
7029,'1478764',1653,,940,10,,,0
7029,'1478765',1810,,941,10,,,0
7029,'1478766',1333,,942,10,,,0
7029,'1478767',1253,,943,10,,,0
7029,'1478768',1133,,944,10,,,0
7029,'1478769',940,,945,10,,,0
7029,'1478770',1053,,946,10,,,0
7029,'1478771',1013,,947,10,,,0
7029,'1478772',1910,,948,10,,,0
7029,'1478773',2010,,949,10,,,0
7029,'1478774',2110,,950,10,,,0
7029,'1478775',2210,,951,10,,,0
7029,'1478777',640,,953,10,,,0
7029,'1478780',710,,956,10,,,0
7029,'1478781',1413,,957,10,,,0
7029,'1478782',1733,,958,10,,,0
7029,'1478785',2310,,961,10,,,0
7029,'1478787',910,,963,10,,,0
7029,'1478788',1840,,964,10,,,0
7029,'1479019',640,,966,10,,,0
7029,'1479020',740,,967,10,,,0
7029,'1479021',840,,968,10,,,0
7029,'1479022',910,,969,10,,,0
7029,'1479023',940,,970,10,,,0
7029,'1479024',1013,,971,10,,,0
7029,'1479025',1133,,972,10,,,0
7029,'1479026',1213,,973,10,,,0
7029,'1479027',1253,,974,10,,,0
7029,'1479028',1333,,975,10,,,0
7029,'1479029',1453,,976,10,,,0
7029,'1479030',1533,,977,10,,,0
7029,'1479031',1613,,978,10,,,0
7029,'1479032',1653,,979,10,,,0
7029,'1479033',1810,,980,10,,,0
7029,'1479034',1840,,981,10,,,0
7029,'1479035',1940,,982,10,,,0
7029,'1479036',2040,,983,10,,,0
7029,'1479037',2140,,984,10,,,0
7029,'1479038',2240,,985,10,,,0
7029,'1479060',1053,,1007,10,,,0
7029,'1479061',1413,,1008,10,,,0
7029,'1479062',1733,,1009,10,,,0
7029,'1482522',710,,1012,10,,,0
7029,'1482523',810,,1013,10,,,0
7029,'1482524',910,,1014,10,,,0
7029,'1482525',1213,,1015,10,,,0
7029,'1482526',1253,,1016,10,,,0
7029,'1482527',1333,,1017,10,,,0
7029,'1482528',1413,,1018,10,,,0
7029,'1482529',1453,,1019,10,,,0
7029,'1482530',1533,,1020,10,,,0
7029,'1482531',1613,,1021,10,,,0
7029,'1482532',1733,,1022,10,,,0
7029,'1482533',1810,,1023,10,,,0
7029,'1482534',1840,,1024,10,,,0
7029,'1482535',1940,,1025,10,,,0
7029,'1482536',2140,,1026,10,,,0
7029,'1482552',1010,,1042,10,,,0
7029,'1482555',2040,,1045,10,,,0
7029,'1482557',1110,,1047,10,,,0
7029,'1482559',1653,,1049,10,,,0
