20005019,'1478857',651,,1207,21,,,0
20005019,'1478858',721,,1208,21,,,0
20005019,'1478859',751,,1209,21,,,0
20005019,'1478860',821,,1210,21,,,0
20005019,'1478861',851,,1211,21,,,0
20005019,'1478862',921,,1212,21,,,0
20005019,'1478863',951,,1213,21,,,0
20005019,'1478864',1021,,1214,21,,,0
20005019,'1478865',1051,,1215,21,,,0
20005019,'1478866',1121,,1216,21,,,0
20005019,'1478867',1151,,1217,21,,,0
20005019,'1478868',1221,,1218,21,,,0
20005019,'1478869',1251,,1219,21,,,0
20005019,'1478870',1321,,1220,21,,,0
20005019,'1478871',1351,,1221,21,,,0
20005019,'1478872',1421,,1222,21,,,0
20005019,'1478873',1451,,1223,21,,,0
20005019,'1478874',1521,,1224,21,,,0
20005019,'1478875',1551,,1225,21,,,0
20005019,'1478876',1621,,1226,21,,,0
20005019,'1478877',1651,,1227,21,,,0
20005019,'1478878',1721,,1228,21,,,0
20005019,'1478879',1751,,1229,21,,,0
20005019,'1478880',1821,,1230,21,,,0
20005019,'1478881',1851,,1231,21,,,0
20005019,'1478882',1921,,1232,21,,,0
20005019,'1478883',1951,,1233,21,,,0
20005019,'1478884',2021,,1234,21,,,0
20005019,'1478885',2151,,1235,21,,,0
20005019,'1478886',2251,,1236,21,,,0
20005019,'1478887',2051,,1237,21,,,0
20005019,'1478888',521,,1238,21,,,0
20005019,'1478889',551,,1239,21,,,0
20005019,'1478890',621,,1240,21,,,0
20005019,'1479105',821,,1241,21,,,0
20005019,'1479106',851,,1242,21,,,0
20005019,'1479107',921,,1243,21,,,0
20005019,'1479108',951,,1244,21,,,0
20005019,'1479109',1021,,1245,21,,,0
20005019,'1479110',1051,,1246,21,,,0
20005019,'1479111',1121,,1247,21,,,0
20005019,'1479112',1151,,1248,21,,,0
20005019,'1479113',1221,,1249,21,,,0
20005019,'1479114',1251,,1250,21,,,0
20005019,'1479115',1321,,1251,21,,,0
20005019,'1479116',1351,,1252,21,,,0
20005019,'1479117',1421,,1253,21,,,0
20005019,'1479118',1451,,1254,21,,,0
20005019,'1479119',1521,,1255,21,,,0
20005019,'1479120',1551,,1256,21,,,0
20005019,'1479121',1621,,1257,21,,,0
20005019,'1479122',1651,,1258,21,,,0
20005019,'1479123',1721,,1259,21,,,0
20005019,'1479124',1751,,1260,21,,,0
20005019,'1479125',1821,,1261,21,,,0
20005019,'1479126',1851,,1262,21,,,0
20005019,'1479127',1921,,1263,21,,,0
20005019,'1479128',2021,,1264,21,,,0
20005019,'1482481',851,,1265,21,,,0
20005019,'1482482',951,,1266,21,,,0
20005019,'1482483',1051,,1267,21,,,0
20005019,'1482484',1151,,1268,21,,,0
20005019,'1482485',1251,,1269,21,,,0
20005019,'1482486',1351,,1270,21,,,0
20005019,'1482487',1451,,1271,21,,,0
20005019,'1482488',1551,,1272,21,,,0
20005019,'1482489',1651,,1273,21,,,0
20005019,'1482490',1751,,1274,21,,,0
