10005019,'1478891',611,,1129,11,,,0
10005019,'1478892',711,,1130,11,,,0
10005019,'1478893',741,,1131,11,,,0
10005019,'1478894',811,,1132,11,,,0
10005019,'1478895',841,,1133,11,,,0
10005019,'1478896',911,,1134,11,,,0
10005019,'1478897',941,,1135,11,,,0
10005019,'1478898',1011,,1136,11,,,0
10005019,'1478899',1041,,1137,11,,,0
10005019,'1478900',1111,,1138,11,,,0
10005019,'1478901',1141,,1139,11,,,0
10005019,'1478902',1211,,1140,11,,,0
10005019,'1478903',1241,,1141,11,,,0
10005019,'1478904',1311,,1142,11,,,0
10005019,'1478905',1341,,1143,11,,,0
10005019,'1478906',1411,,1144,11,,,0
10005019,'1478907',1441,,1145,11,,,0
10005019,'1478908',1511,,1146,11,,,0
10005019,'1478909',1541,,1147,11,,,0
10005019,'1478910',1611,,1148,11,,,0
10005019,'1478911',1641,,1149,11,,,0
10005019,'1478912',1711,,1150,11,,,0
10005019,'1478913',1741,,1151,11,,,0
10005019,'1478914',1811,,1152,11,,,0
10005019,'1478915',1841,,1153,11,,,0
10005019,'1478916',1911,,1154,11,,,0
10005019,'1478917',1941,,1155,11,,,0
10005019,'1478918',2011,,1156,11,,,0
10005019,'1478919',2041,,1157,11,,,0
10005019,'1478920',2111,,1158,11,,,0
10005019,'1478921',2311,,1159,11,,,0
10005019,'1478922',2211,,1160,11,,,0
10005019,'1478923',641,,1161,11,,,0
10005019,'1479129',610,,1162,11,,,0
10005019,'1479130',710,,1163,11,,,0
10005019,'1479131',811,,1164,11,,,0
10005019,'1479132',841,,1165,11,,,0
10005019,'1479133',911,,1166,11,,,0
10005019,'1479134',941,,1167,11,,,0
10005019,'1479135',1011,,1168,11,,,0
10005019,'1479136',1041,,1169,11,,,0
10005019,'1479137',1111,,1170,11,,,0
10005019,'1479138',1141,,1171,11,,,0
10005019,'1479139',1211,,1172,11,,,0
10005019,'1479140',1241,,1173,11,,,0
10005019,'1479141',1311,,1174,11,,,0
10005019,'1479142',1341,,1175,11,,,0
10005019,'1479143',1411,,1176,11,,,0
10005019,'1479144',1441,,1177,11,,,0
10005019,'1479145',1511,,1178,11,,,0
10005019,'1479146',1541,,1179,11,,,0
10005019,'1479147',1611,,1180,11,,,0
10005019,'1479148',1641,,1181,11,,,0
10005019,'1479149',1711,,1182,11,,,0
10005019,'1479150',1741,,1183,11,,,0
10005019,'1479151',1811,,1184,11,,,0
10005019,'1479152',1841,,1185,11,,,0
10005019,'1479153',1911,,1186,11,,,0
10005019,'1479154',2011,,1187,11,,,0
10005019,'1479155',2111,,1188,11,,,0
10005019,'1479156',2211,,1189,11,,,0
10005019,'1479157',2311,,1190,11,,,0
10005019,'1482465',711,,1191,11,,,0
10005019,'1482466',811,,1192,11,,,0
10005019,'1482467',911,,1193,11,,,0
10005019,'1482468',1011,,1194,11,,,0
10005019,'1482469',1111,,1195,11,,,0
10005019,'1482470',1211,,1196,11,,,0
10005019,'1482471',1311,,1197,11,,,0
10005019,'1482472',1411,,1198,11,,,0
10005019,'1482473',1511,,1199,11,,,0
10005019,'1482474',1611,,1200,11,,,0
10005019,'1482475',1711,,1201,11,,,0
10005019,'1482476',1811,,1202,11,,,0
10005019,'1482477',1841,,1203,11,,,0
10005019,'1482478',1941,,1204,11,,,0
10005019,'1482479',2041,,1205,11,,,0
10005019,'1482480',2141,,1206,11,,,0
