8019,'1478708',640,,1050,14,,,0
8019,'1478709',710,,1051,14,,,0
8019,'1478710',740,,1052,14,,,0
8019,'1478711',810,,1053,14,,,0
8019,'1478712',840,,1054,14,,,0
8019,'1478713',910,,1055,14,,,0
8019,'1478714',940,,1056,14,,,0
8019,'1478715',1011,,1057,14,,,0
8019,'1478716',1041,,1058,14,,,0
8019,'1478717',1111,,1059,14,,,0
8019,'1478718',1141,,1060,14,,,0
8019,'1478719',1211,,1061,14,,,0
8019,'1478720',1241,,1062,14,,,0
8019,'1478721',1311,,1063,14,,,0
8019,'1478722',1341,,1064,14,,,0
8019,'1478723',1411,,1065,14,,,0
8019,'1478724',1441,,1066,14,,,0
8019,'1478725',1511,,1067,14,,,0
8019,'1478726',1541,,1068,14,,,0
8019,'1478727',1611,,1069,14,,,0
8019,'1478728',1641,,1070,14,,,0
8019,'1478729',1711,,1071,14,,,0
8019,'1478730',1740,,1072,14,,,0
8019,'1478731',1810,,1073,14,,,0
8019,'1478732',1840,,1074,14,,,0
8019,'1478733',1940,,1075,14,,,0
8019,'1478734',2040,,1076,14,,,0
8019,'1478735',2140,,1077,14,,,0
8019,'1478736',2240,,1078,14,,,0
8019,'1478991',1441,,1079,14,,,0
8019,'1478992',1341,,1080,14,,,0
8019,'1478993',1511,,1081,14,,,0
8019,'1478994',1611,,1082,14,,,0
8019,'1478995',1711,,1083,14,,,0
8019,'1478996',1810,,1084,14,,,0
8019,'1478997',1910,,1085,14,,,0
8019,'1478998',2040,,1086,14,,,0
8019,'1478999',2210,,1087,14,,,0
8019,'1479000',1541,,1088,14,,,0
8019,'1479001',1740,,1089,14,,,0
8019,'1479002',1641,,1090,14,,,0
8019,'1479003',1840,,1091,14,,,0
8019,'1479004',2110,,1092,14,,,0
8019,'1479005',1940,,1093,14,,,0
8019,'1479006',1411,,1094,14,,,0
8019,'1479007',640,,1095,14,,,0
8019,'1479008',740,,1096,14,,,0
8019,'1479009',840,,1097,14,,,0
8019,'1479010',910,,1098,14,,,0
8019,'1479011',940,,1099,14,,,0
8019,'1479012',1011,,1100,14,,,0
8019,'1479013',1041,,1101,14,,,0
8019,'1479014',1111,,1102,14,,,0
8019,'1479015',1141,,1103,14,,,0
8019,'1479016',1211,,1104,14,,,0
8019,'1479017',1241,,1105,14,,,0
8019,'1479018',1311,,1106,14,,,0
8019,'1482560',740,,1107,14,,,0
8019,'1482561',840,,1108,14,,,0
8019,'1482562',940,,1109,14,,,0
8019,'1482563',1041,,1110,14,,,0
8019,'1482564',1241,,1111,14,,,0
8019,'1482565',1311,,1112,14,,,0
8019,'1482566',1341,,1113,14,,,0
8019,'1482567',1411,,1114,14,,,0
8019,'1482568',1441,,1115,14,,,0
8019,'1482569',1511,,1116,14,,,0
8019,'1482570',1541,,1117,14,,,0
8019,'1482571',1611,,1118,14,,,0
8019,'1482572',1641,,1119,14,,,0
8019,'1482573',1711,,1120,14,,,0
8019,'1482574',1740,,1121,14,,,0
8019,'1482575',1810,,1122,14,,,0
8019,'1482576',1840,,1123,14,,,0
8019,'1482577',1940,,1124,14,,,0
8019,'1482578',2040,,1125,14,,,0
8019,'1482579',2140,,1126,14,,,0
8019,'1482580',1140,,1127,14,,,0
8019,'1482581',1211,,1128,14,,,0
