1019,'1478675',2205,,32,5,,,0
1019,'1478676',620,,33,5,,,0
1019,'1478677',650,,34,5,,,0
1019,'1478678',720,,35,5,,,0
1019,'1478679',750,,36,5,,,0
1019,'1478680',820,,37,5,,,0
1019,'1478681',850,,38,5,,,0
1019,'1478682',920,,39,5,,,0
1019,'1478683',950,,40,5,,,0
1019,'1478684',1020,,41,5,,,0
1019,'1478685',1050,,42,5,,,0
1019,'1478686',1128,,43,5,,,0
1019,'1478687',1208,,44,5,,,0
1019,'1478688',1248,,45,5,,,0
1019,'1478689',1328,,46,5,,,0
1019,'1478690',1408,,47,5,,,0
1019,'1478691',1448,,48,5,,,0
1019,'1478692',1528,,49,5,,,0
1019,'1478693',1608,,50,5,,,0
1019,'1478694',1648,,51,5,,,0
1019,'1478695',1728,,52,5,,,0
1019,'1478696',1805,,53,5,,,0
1019,'1478697',1835,,54,5,,,0
1019,'1478698',1905,,55,5,,,0
1019,'1478699',1935,,56,5,,,0
1019,'1478700',2005,,57,5,,,0
1019,'1478701',2035,,58,5,,,0
1019,'1478702',2105,,59,5,,,0
1019,'1478703',2135,,60,5,,,0
1019,'1478704',2235,,61,5,,,0
1019,'1478705',2305,,62,5,,,0
1019,'1479338',605,,66,5,,,0
1019,'1479339',705,,67,5,,,0
1019,'1479346',805,,74,5,,,0
1019,'1479347',835,,75,5,,,0
1019,'1479348',905,,76,5,,,0
1019,'1479349',935,,77,5,,,0
1019,'1479350',1008,,78,5,,,0
1019,'1479351',1048,,79,5,,,0
1019,'1479352',1128,,80,5,,,0
1019,'1479360',1805,,88,5,,,0
1019,'1479366',1208,,94,5,,,0
1019,'1479367',1248,,95,5,,,0
1019,'1479368',1728,,96,5,,,0
1019,'1479369',1328,,97,5,,,0
1019,'1479370',1408,,98,5,,,0
1019,'1479371',1448,,99,5,,,0
1019,'1479372',1528,,100,5,,,0
1019,'1479373',1648,,101,5,,,0
1019,'1479374',1608,,102,5,,,0
1019,'1479375',2215,,103,5,,,0
1019,'1479376',2115,,104,5,,,0
1019,'1479383',1835,,111,5,,,0
1019,'1479384',1905,,112,5,,,0
1019,'1479385',1935,,113,5,,,0
1019,'1479386',2005,,114,5,,,0
1019,'1479387',2035,,115,5,,,0
1019,'1482261',705,,116,5,,,0
1019,'1482262',805,,117,5,,,0
1019,'1482263',835,,118,5,,,0
1019,'1482264',905,,119,5,,,0
1019,'1482265',935,,120,5,,,0
1019,'1482266',1005,,121,5,,,0
1019,'1482267',1035,,122,5,,,0
1019,'1482268',1108,,123,5,,,0
1019,'1482269',1148,,124,5,,,0
1019,'1482270',1228,,125,5,,,0
1019,'1482271',1308,,126,5,,,0
1019,'1482272',1348,,127,5,,,0
1019,'1482273',1428,,128,5,,,0
1019,'1482274',1508,,129,5,,,0
1019,'1482275',1548,,130,5,,,0
1019,'1482276',1628,,131,5,,,0
1019,'1482277',1705,,132,5,,,0
1019,'1482278',1735,,133,5,,,0
1019,'1482279',1805,,134,5,,,0
1019,'1482280',1835,,135,5,,,0
1019,'1482281',1905,,136,5,,,0
1019,'1482282',2005,,137,5,,,0
1019,'1482283',2105,,138,5,,,0
1019,'1482284',2205,,139,5,,,0
