6019,'1478821',647,,806,24,,,0
6019,'1478822',747,,807,24,,,0
6019,'1478823',817,,808,24,,,0
6019,'1478824',847,,809,24,,,0
6019,'1478825',917,,810,24,,,0
6019,'1478826',947,,811,24,,,0
6019,'1478827',1017,,812,24,,,0
6019,'1478828',1047,,813,24,,,0
6019,'1478829',1117,,814,24,,,0
6019,'1478830',1147,,815,24,,,0
6019,'1478831',1217,,816,24,,,0
6019,'1478832',1247,,817,24,,,0
6019,'1478833',1317,,818,24,,,0
6019,'1478834',1347,,819,24,,,0
6019,'1478835',1417,,820,24,,,0
6019,'1478836',1447,,821,24,,,0
6019,'1478837',1517,,822,24,,,0
6019,'1478838',1547,,823,24,,,0
6019,'1478839',1617,,824,24,,,0
6019,'1478840',1647,,825,24,,,0
6019,'1478841',1717,,826,24,,,0
6019,'1478842',1747,,827,24,,,0
6019,'1478843',1817,,828,24,,,0
6019,'1478844',1847,,829,24,,,0
6019,'1478845',1917,,830,24,,,0
6019,'1478846',1947,,831,24,,,0
6019,'1478847',2017,,832,24,,,0
6019,'1478848',2047,,833,24,,,0
6019,'1478849',2117,,834,24,,,0
6019,'1478850',2217,,835,24,,,0
6019,'1478851',2317,,836,24,,,0
6019,'1478852',547,,837,24,,,0
6019,'1478853',717,,838,24,,,0
6019,'1478855',617,,840,24,,,0
6019,'1479065',617,,842,24,,,0
6019,'1479066',647,,843,24,,,0
6019,'1479067',717,,844,24,,,0
6019,'1479068',747,,845,24,,,0
6019,'1479069',817,,846,24,,,0
6019,'1479070',917,,847,24,,,0
6019,'1479071',1017,,848,24,,,0
6019,'1479072',1117,,849,24,,,0
6019,'1479073',1217,,850,24,,,0
6019,'1479074',1317,,851,24,,,0
6019,'1479075',1417,,852,24,,,0
6019,'1479076',1517,,853,24,,,0
6019,'1479077',1617,,854,24,,,0
6019,'1479078',1717,,855,24,,,0
6019,'1479079',1817,,856,24,,,0
6019,'1479080',1917,,857,24,,,0
6019,'1479081',2017,,858,24,,,0
6019,'1479082',2117,,859,24,,,0
6019,'1479083',2217,,860,24,,,0
6019,'1479103',2314,,880,24,,,0
6019,'1482491',717,,882,24,,,0
6019,'1482492',817,,883,24,,,0
6019,'1482493',917,,884,24,,,0
6019,'1482494',1017,,885,24,,,0
6019,'1482495',1117,,886,24,,,0
6019,'1482496',1217,,887,24,,,0
6019,'1482497',1317,,888,24,,,0
6019,'1482498',1417,,889,24,,,0
6019,'1482499',1517,,890,24,,,0
6019,'1482500',1617,,891,24,,,0
6019,'1482501',1717,,892,24,,,0
6019,'1482502',1817,,893,24,,,0
6019,'1482503',1917,,894,24,,,0
6019,'1482504',2017,,895,24,,,0
6019,'1482505',2117,,896,24,,,0
6019,'1482506',2214,,897,24,,,0
