4029,'1478434',626,,531,9,,,0
4029,'1478435',656,,532,9,,,0
4029,'1478436',741,,533,9,,,0
4029,'1478437',856,,534,9,,,0
4029,'1478438',941,,535,9,,,0
4029,'1478439',1026,,536,9,,,0
4029,'1478440',1041,,537,9,,,0
4029,'1478441',1141,,538,9,,,0
4029,'1478442',1226,,539,9,,,0
4029,'1478443',1241,,540,9,,,0
4029,'1478444',1341,,541,9,,,0
4029,'1478445',1426,,542,9,,,0
4029,'1478446',1441,,543,9,,,0
4029,'1478447',1541,,544,9,,,0
4029,'1478448',1626,,545,9,,,0
4029,'1478449',1641,,546,9,,,0
4029,'1478450',1741,,547,9,,,0
4029,'1478451',1826,,548,9,,,0
4029,'1478452',1956,,549,9,,,0
4029,'1478453',2026,,550,9,,,0
4029,'1478454',2056,,551,9,,,0
4029,'1478455',2156,,552,9,,,0
4029,'1478456',2226,,553,9,,,0
4029,'1478481',2256,,578,9,,,0
4029,'1478482',1856,,579,9,,,0
4029,'1478484',1311,,581,9,,,0
4029,'1478485',1156,,582,9,,,0
4029,'1478486',1256,,583,9,,,0
4029,'1478490',711,,587,9,,,0
4029,'1478492',956,,589,9,,,0
4029,'1478493',911,,590,9,,,0
4029,'1478494',841,,591,9,,,0
4029,'1478499',1056,,596,9,,,0
4029,'1478500',1111,,597,9,,,0
4029,'1478501',1356,,598,9,,,0
4029,'1478502',1456,,599,9,,,0
4029,'1478503',1656,,600,9,,,0
4029,'1478504',1711,,601,9,,,0
4029,'1478505',1556,,602,9,,,0
4029,'1478506',1511,,603,9,,,0
4029,'1478519',726,,616,9,,,0
4029,'1478520',926,,617,9,,,0
4029,'1478521',1126,,618,9,,,0
4029,'1478522',1326,,619,9,,,0
4029,'1478523',1526,,620,9,,,0
4029,'1478524',1726,,621,9,,,0
4029,'1478525',1926,,622,9,,,0
4029,'1478526',2126,,623,9,,,0
4029,'1478527',2326,,624,9,,,0
4029,'1478534',811,,631,9,,,0
4029,'1478535',1011,,632,9,,,0
4029,'1478536',1211,,633,9,,,0
4029,'1478537',1411,,634,9,,,0
4029,'1478538',1611,,635,9,,,0
4029,'1478539',1756,,636,9,,,0
4029,'1478543',826,,640,9,,,0
4029,'1478546',756,,643,9,,,0
4029,'1479184',626,,670,9,,,0
4029,'1479185',656,,671,9,,,0
4029,'1479186',826,,672,9,,,0
4029,'1479187',756,,673,9,,,0
4029,'1479188',856,,674,9,,,0
4029,'1479189',956,,675,9,,,0
4029,'1479190',1026,,676,9,,,0
4029,'1479191',1156,,677,9,,,0
4029,'1479192',1056,,678,9,,,0
4029,'1479193',1256,,679,9,,,0
4029,'1479194',1226,,680,9,,,0
4029,'1479195',1356,,681,9,,,0
4029,'1479196',1456,,682,9,,,0
4029,'1479197',1426,,683,9,,,0
4029,'1479198',1556,,684,9,,,0
4029,'1479199',1656,,685,9,,,0
4029,'1479200',1626,,686,9,,,0
4029,'1479201',1756,,687,9,,,0
4029,'1479202',2226,,688,9,,,0
4029,'1479203',1826,,689,9,,,0
4029,'1479204',1856,,690,9,,,0
4029,'1479205',1956,,691,9,,,0
4029,'1479206',2026,,692,9,,,0
4029,'1479207',2056,,693,9,,,0
4029,'1479208',2156,,694,9,,,0
4029,'1479209',2256,,695,9,,,0
4029,'1479210',2326,,696,9,,,0
4029,'1479211',2126,,697,9,,,0
4029,'1479221',726,,707,9,,,0
4029,'1479222',926,,708,9,,,0
4029,'1479223',1126,,709,9,,,0
4029,'1479224',1326,,710,9,,,0
4029,'1479225',1526,,711,9,,,0
4029,'1479226',1726,,712,9,,,0
4029,'1479227',1926,,713,9,,,0
4029,'1482405',2126,,714,9,,,0
4029,'1482428',726,,737,9,,,0
4029,'1482429',826,,738,9,,,0
4029,'1482430',856,,739,9,,,0
4029,'1482431',926,,740,9,,,0
4029,'1482432',1026,,741,9,,,0
4029,'1482433',1056,,742,9,,,0
4029,'1482434',1126,,743,9,,,0
4029,'1482435',1226,,744,9,,,0
4029,'1482436',1256,,745,9,,,0
4029,'1482437',1326,,746,9,,,0
4029,'1482438',1426,,747,9,,,0
4029,'1482439',1456,,748,9,,,0
4029,'1482440',1526,,749,9,,,0
4029,'1482441',1626,,750,9,,,0
4029,'1482442',1656,,751,9,,,0
4029,'1482443',1726,,752,9,,,0
4029,'1482444',1826,,753,9,,,0
4029,'1482445',1856,,754,9,,,0
4029,'1482446',1926,,755,9,,,0
4029,'1482447',2026,,756,9,,,0
4029,'1482448',2056,,757,9,,,0
4029,'1482452',756,,761,9,,,0
4029,'1482453',956,,762,9,,,0
4029,'1482454',1156,,763,9,,,0
4029,'1482455',1356,,764,9,,,0
4029,'1482456',1556,,765,9,,,0
4029,'1482457',1756,,766,9,,,0
4029,'1482458',1956,,767,9,,,0
4029,'1482459',2156,,768,9,,,0
