4019,'1478457',636,,554,8,,,0
4019,'1478458',706,,555,8,,,0
4019,'1478459',751,,556,8,,,0
4019,'1478460',906,,557,8,,,0
4019,'1478461',951,,558,8,,,0
4019,'1478462',1036,,559,8,,,0
4019,'1478463',1106,,560,8,,,0
4019,'1478464',1136,,561,8,,,0
4019,'1478465',1236,,562,8,,,0
4019,'1478466',1306,,563,8,,,0
4019,'1478467',1336,,564,8,,,0
4019,'1478468',1436,,565,8,,,0
4019,'1478469',1506,,566,8,,,0
4019,'1478470',1551,,567,8,,,0
4019,'1478471',1636,,568,8,,,0
4019,'1478472',1706,,569,8,,,0
4019,'1478473',1736,,570,8,,,0
4019,'1478474',1836,,571,8,,,0
4019,'1478475',1906,,572,8,,,0
4019,'1478476',1936,,573,8,,,0
4019,'1478477',2036,,574,8,,,0
4019,'1478478',2106,,575,8,,,0
4019,'1478479',2136,,576,8,,,0
4019,'1478480',2236,,577,8,,,0
4019,'1478483',2306,,580,8,,,0
4019,'1478487',1121,,584,8,,,0
4019,'1478488',1151,,585,8,,,0
4019,'1478489',1251,,586,8,,,0
4019,'1478491',721,,588,8,,,0
4019,'1478495',851,,592,8,,,0
4019,'1478496',806,,593,8,,,0
4019,'1478497',921,,594,8,,,0
4019,'1478498',936,,595,8,,,0
4019,'1478507',1321,,604,8,,,0
4019,'1478508',1536,,605,8,,,0
4019,'1478509',1651,,606,8,,,0
4019,'1478510',1351,,607,8,,,0
4019,'1478511',1451,,608,8,,,0
4019,'1478512',1521,,609,8,,,0
4019,'1478513',1721,,610,8,,,0
4019,'1478514',1051,,611,8,,,0
4019,'1478515',2206,,612,8,,,0
4019,'1478516',2006,,613,8,,,0
4019,'1478517',1421,,614,8,,,0
4019,'1478518',1621,,615,8,,,0
4019,'1478528',606,,625,8,,,0
4019,'1478529',1006,,626,8,,,0
4019,'1478530',1206,,627,8,,,0
4019,'1478531',1406,,628,8,,,0
4019,'1478532',1606,,629,8,,,0
4019,'1478533',1806,,630,8,,,0
4019,'1478540',821,,637,8,,,0
4019,'1478541',1021,,638,8,,,0
4019,'1478542',1221,,639,8,,,0
4019,'1478544',836,,641,8,,,0
4019,'1478545',736,,642,8,,,0
4019,'1479158',606,,644,8,,,0
4019,'1479159',636,,645,8,,,0
4019,'1479160',736,,646,8,,,0
4019,'1479161',806,,647,8,,,0
4019,'1479162',836,,648,8,,,0
4019,'1479163',936,,649,8,,,0
4019,'1479164',1006,,650,8,,,0
4019,'1479165',1036,,651,8,,,0
4019,'1479166',1136,,652,8,,,0
4019,'1479167',1206,,653,8,,,0
4019,'1479168',1236,,654,8,,,0
4019,'1479169',1336,,655,8,,,0
4019,'1479170',1406,,656,8,,,0
4019,'1479171',1436,,657,8,,,0
4019,'1479172',1536,,658,8,,,0
4019,'1479173',1606,,659,8,,,0
4019,'1479174',1636,,660,8,,,0
4019,'1479175',1736,,661,8,,,0
4019,'1479176',1806,,662,8,,,0
4019,'1479177',1836,,663,8,,,0
4019,'1479178',1936,,664,8,,,0
4019,'1479179',2006,,665,8,,,0
4019,'1479180',2036,,666,8,,,0
4019,'1479181',2136,,667,8,,,0
4019,'1479182',2206,,668,8,,,0
4019,'1479183',2236,,669,8,,,0
4019,'1479212',706,,698,8,,,0
4019,'1479213',906,,699,8,,,0
4019,'1479214',1106,,700,8,,,0
4019,'1479215',1306,,701,8,,,0
4019,'1479216',1506,,702,8,,,0
4019,'1479217',1706,,703,8,,,0
4019,'1479218',1906,,704,8,,,0
4019,'1479219',2106,,705,8,,,0
4019,'1479220',2306,,706,8,,,0
4019,'1482406',706,,715,8,,,0
4019,'1482407',736,,716,8,,,0
4019,'1482408',836,,717,8,,,0
4019,'1482409',906,,718,8,,,0
4019,'1482410',936,,719,8,,,0
4019,'1482411',1036,,720,8,,,0
4019,'1482412',1106,,721,8,,,0
4019,'1482413',1136,,722,8,,,0
4019,'1482414',1236,,723,8,,,0
4019,'1482415',1306,,724,8,,,0
4019,'1482416',1336,,725,8,,,0
4019,'1482417',1436,,726,8,,,0
4019,'1482418',1506,,727,8,,,0
4019,'1482419',1536,,728,8,,,0
4019,'1482420',1636,,729,8,,,0
4019,'1482421',1706,,730,8,,,0
4019,'1482422',1736,,731,8,,,0
4019,'1482423',1836,,732,8,,,0
4019,'1482424',1906,,733,8,,,0
4019,'1482425',1936,,734,8,,,0
4019,'1482426',2036,,735,8,,,0
4019,'1482427',2106,,736,8,,,0
4019,'1482449',2136,,758,8,,,0
4019,'1482450',2006,,759,8,,,0
4019,'1482451',1806,,760,8,,,0
4019,'1482460',806,,769,8,,,0
4019,'1482461',1006,,770,8,,,0
4019,'1482462',1206,,771,8,,,0
4019,'1482463',1406,,772,8,,,0
4019,'1482464',1606,,773,8,,,0
4019,'1482583',2206,,774,8,,,0
140000019,'1478707',2402,,1275,41,,,0
140000019,'1478990',2402,,1276,41,,,0
140000019,'1482582',2302,,1277,41,,,0
