6019,'1478821',640,,806,18,,,0
6019,'1478822',740,,807,18,,,0
6019,'1478823',810,,808,18,,,0
6019,'1478824',840,,809,18,,,0
6019,'1478825',910,,810,18,,,0
6019,'1478826',940,,811,18,,,0
6019,'1478827',1010,,812,18,,,0
6019,'1478828',1040,,813,18,,,0
6019,'1478829',1110,,814,18,,,0
6019,'1478830',1140,,815,18,,,0
6019,'1478831',1210,,816,18,,,0
6019,'1478832',1240,,817,18,,,0
6019,'1478833',1310,,818,18,,,0
6019,'1478834',1340,,819,18,,,0
6019,'1478835',1410,,820,18,,,0
6019,'1478836',1440,,821,18,,,0
6019,'1478837',1510,,822,18,,,0
6019,'1478838',1540,,823,18,,,0
6019,'1478839',1610,,824,18,,,0
6019,'1478840',1640,,825,18,,,0
6019,'1478841',1710,,826,18,,,0
6019,'1478842',1740,,827,18,,,0
6019,'1478843',1810,,828,18,,,0
6019,'1478844',1840,,829,18,,,0
6019,'1478845',1910,,830,18,,,0
6019,'1478846',1940,,831,18,,,0
6019,'1478847',2010,,832,18,,,0
6019,'1478848',2040,,833,18,,,0
6019,'1478849',2110,,834,18,,,0
6019,'1478850',2210,,835,18,,,0
6019,'1478851',2310,,836,18,,,0
6019,'1478852',540,,837,18,,,0
6019,'1478853',710,,838,18,,,0
6019,'1478855',610,,840,18,,,0
6019,'1479065',610,,842,18,,,0
6019,'1479066',640,,843,18,,,0
6019,'1479067',710,,844,18,,,0
6019,'1479068',740,,845,18,,,0
6019,'1479069',810,,846,18,,,0
6019,'1479070',910,,847,18,,,0
6019,'1479071',1010,,848,18,,,0
6019,'1479072',1110,,849,18,,,0
6019,'1479073',1210,,850,18,,,0
6019,'1479074',1310,,851,18,,,0
6019,'1479075',1410,,852,18,,,0
6019,'1479076',1510,,853,18,,,0
6019,'1479077',1610,,854,18,,,0
6019,'1479078',1710,,855,18,,,0
6019,'1479079',1810,,856,18,,,0
6019,'1479080',1910,,857,18,,,0
6019,'1479081',2010,,858,18,,,0
6019,'1479082',2110,,859,18,,,0
6019,'1479083',2210,,860,18,,,0
6019,'1479103',2308,,880,18,,,0
6019,'1482491',710,,882,18,,,0
6019,'1482492',810,,883,18,,,0
6019,'1482493',910,,884,18,,,0
6019,'1482494',1010,,885,18,,,0
6019,'1482495',1110,,886,18,,,0
6019,'1482496',1210,,887,18,,,0
6019,'1482497',1310,,888,18,,,0
6019,'1482498',1410,,889,18,,,0
6019,'1482499',1510,,890,18,,,0
6019,'1482500',1610,,891,18,,,0
6019,'1482501',1710,,892,18,,,0
6019,'1482502',1810,,893,18,,,0
6019,'1482503',1910,,894,18,,,0
6019,'1482504',2010,,895,18,,,0
6019,'1482505',2110,,896,18,,,0
6019,'1482506',2208,,897,18,,,0
