2019,'1478569',641,,186,15,,,0
2019,'1478570',711,,187,15,,,0
2019,'1478571',1437,,188,15,,,0
2019,'1478572',757,,189,15,,,0
2019,'1478573',1517,,190,15,,,0
2019,'1478574',1117,,191,15,,,0
2019,'1478575',957,,192,15,,,0
2019,'1478576',1237,,193,15,,,0
2019,'1478577',837,,194,15,,,0
2019,'1478578',1157,,195,15,,,0
2019,'1478579',1317,,196,15,,,0
2019,'1478580',1037,,197,15,,,0
2019,'1478581',1357,,198,15,,,0
2019,'1478582',1557,,199,15,,,0
2019,'1478583',1637,,200,15,,,0
2019,'1478584',1757,,201,15,,,0
2019,'1478585',1717,,202,15,,,0
2019,'1478586',1917,,203,15,,,0
2019,'1478587',1837,,204,15,,,0
2019,'1478588',1957,,205,15,,,0
2019,'1478589',2037,,206,15,,,0
2019,'1478590',2111,,207,15,,,0
2019,'1478591',2241,,208,15,,,0
2019,'1478592',917,,209,15,,,0
2019,'1478596',511,,213,15,,,0
2019,'1478597',541,,214,15,,,0
2019,'1478599',611,,216,15,,,0
2019,'1478623',731,,240,15,,,0
2019,'1478624',2057,,241,15,,,0
2019,'1478625',817,,242,15,,,0
2019,'1478626',857,,243,15,,,0
2019,'1478627',937,,244,15,,,0
2019,'1478628',1017,,245,15,,,0
2019,'1478629',1057,,246,15,,,0
2019,'1478630',1137,,247,15,,,0
2019,'1478631',1217,,248,15,,,0
2019,'1478632',1257,,249,15,,,0
2019,'1478633',1337,,250,15,,,0
2019,'1478634',1417,,251,15,,,0
2019,'1478635',1457,,252,15,,,0
2019,'1478636',1537,,253,15,,,0
2019,'1478637',1617,,254,15,,,0
2019,'1478638',1657,,255,15,,,0
2019,'1478639',1737,,256,15,,,0
2019,'1478640',1817,,257,15,,,0
2019,'1478641',1857,,258,15,,,0
2019,'1478642',1937,,259,15,,,0
2019,'1478643',2017,,260,15,,,0
2019,'1479288',641,,261,15,,,0
2019,'1479289',741,,262,15,,,0
2019,'1479292',811,,265,15,,,0
2019,'1479293',853,,266,15,,,0
2019,'1479294',933,,267,15,,,0
2019,'1479295',1013,,268,15,,,0
2019,'1479296',1053,,269,15,,,0
2019,'1479297',1133,,270,15,,,0
2019,'1479298',1213,,271,15,,,0
2019,'1479306',1253,,279,15,,,0
2019,'1479307',1333,,280,15,,,0
2019,'1479308',1413,,281,15,,,0
2019,'1479309',1453,,282,15,,,0
2019,'1479310',1533,,283,15,,,0
2019,'1479311',1613,,284,15,,,0
2019,'1479312',1653,,285,15,,,0
2019,'1479313',1733,,286,15,,,0
2019,'1479314',1813,,287,15,,,0
2019,'1479323',1933,,296,15,,,0
2019,'1479326',2051,,299,15,,,0
2019,'1479327',2151,,300,15,,,0
2019,'1479331',2013,,304,15,,,0
2019,'1479334',2251,,307,15,,,0
2019,'1479335',1853,,308,15,,,0
2019,'1482309',741,,309,15,,,0
2019,'1482310',817,,310,15,,,0
2019,'1482311',857,,311,15,,,0
2019,'1482312',937,,312,15,,,0
2019,'1482313',1017,,313,15,,,0
2019,'1482314',1057,,314,15,,,0
2019,'1482315',1137,,315,15,,,0
2019,'1482316',1217,,316,15,,,0
2019,'1482317',1257,,317,15,,,0
2019,'1482318',1337,,318,15,,,0
2019,'1482319',1417,,319,15,,,0
2019,'1482320',1457,,320,15,,,0
2019,'1482321',1537,,321,15,,,0
2019,'1482322',1617,,322,15,,,0
2019,'1482323',1657,,323,15,,,0
2019,'1482324',1737,,324,15,,,0
2019,'1482325',1817,,325,15,,,0
2019,'1482326',1911,,326,15,,,0
2019,'1482327',2011,,327,15,,,0
2019,'1482328',2111,,328,15,,,0
2019,'1482349',2211,,349,15,,,0
