6029,'1478790',609,,775,10,,,0
6029,'1478791',709,,776,10,,,0
6029,'1478792',739,,777,10,,,0
6029,'1478793',809,,778,10,,,0
6029,'1478794',839,,779,10,,,0
6029,'1478795',909,,780,10,,,0
6029,'1478796',939,,781,10,,,0
6029,'1478797',1009,,782,10,,,0
6029,'1478798',1039,,783,10,,,0
6029,'1478799',1109,,784,10,,,0
6029,'1478800',1139,,785,10,,,0
6029,'1478801',1209,,786,10,,,0
6029,'1478802',1239,,787,10,,,0
6029,'1478803',1309,,788,10,,,0
6029,'1478804',1339,,789,10,,,0
6029,'1478805',1409,,790,10,,,0
6029,'1478806',1439,,791,10,,,0
6029,'1478807',1509,,792,10,,,0
6029,'1478808',1539,,793,10,,,0
6029,'1478809',1609,,794,10,,,0
6029,'1478810',1639,,795,10,,,0
6029,'1478811',1709,,796,10,,,0
6029,'1478812',1739,,797,10,,,0
6029,'1478813',1809,,798,10,,,0
6029,'1478814',1839,,799,10,,,0
6029,'1478815',1909,,800,10,,,0
6029,'1478816',1939,,801,10,,,0
6029,'1478817',2009,,802,10,,,0
6029,'1478818',2039,,803,10,,,0
6029,'1478819',2139,,804,10,,,0
6029,'1478820',2239,,805,10,,,0
6029,'1478854',539,,839,10,,,0
6029,'1478856',639,,841,10,,,0
6029,'1479084',639,,861,10,,,0
6029,'1479085',709,,862,10,,,0
6029,'1479086',739,,863,10,,,0
6029,'1479087',839,,864,10,,,0
6029,'1479088',939,,865,10,,,0
6029,'1479089',1039,,866,10,,,0
6029,'1479090',1139,,867,10,,,0
6029,'1479091',1239,,868,10,,,0
6029,'1479092',1339,,869,10,,,0
6029,'1479093',1439,,870,10,,,0
6029,'1479094',1539,,871,10,,,0
6029,'1479095',1639,,872,10,,,0
6029,'1479096',1739,,873,10,,,0
6029,'1479097',1839,,874,10,,,0
6029,'1479098',1939,,875,10,,,0
6029,'1479099',2039,,876,10,,,0
6029,'1479100',2139,,877,10,,,0
6029,'1479101',2239,,878,10,,,0
6029,'1479102',609,,879,10,,,0
6029,'1479104',809,,881,10,,,0
6029,'1482507',739,,898,10,,,0
6029,'1482508',839,,899,10,,,0
6029,'1482509',939,,900,10,,,0
6029,'1482510',1139,,901,10,,,0
6029,'1482511',1039,,902,10,,,0
6029,'1482512',1339,,903,10,,,0
6029,'1482513',1239,,904,10,,,0
6029,'1482514',1439,,905,10,,,0
6029,'1482515',1539,,906,10,,,0
6029,'1482516',1639,,907,10,,,0
6029,'1482517',1739,,908,10,,,0
6029,'1482518',1839,,909,10,,,0
6029,'1482519',1939,,910,10,,,0
6029,'1482520',2039,,911,10,,,0
6029,'1482521',2139,,912,10,,,0
140000019,'1478707',2340,,1275,10,,,0
140000019,'1478990',2340,,1276,10,,,0
140000019,'1482582',2240,,1277,10,,,0
