1029,'1478644',606,,1,4,,,0
1029,'1478645',636,,2,4,,,0
1029,'1478646',706,,3,4,,,0
1029,'1478647',736,,4,4,,,0
1029,'1478648',806,,5,4,,,0
1029,'1478649',836,,6,4,,,0
1029,'1478650',906,,7,4,,,0
1029,'1478651',936,,8,4,,,0
1029,'1478652',1006,,9,4,,,0
1029,'1478653',1036,,10,4,,,0
1029,'1478654',1107,,11,4,,,0
1029,'1478655',1147,,12,4,,,0
1029,'1478656',1227,,13,4,,,0
1029,'1478657',1307,,14,4,,,0
1029,'1478658',1347,,15,4,,,0
1029,'1478659',1427,,16,4,,,0
1029,'1478660',1507,,17,4,,,0
1029,'1478661',1547,,18,4,,,0
1029,'1478662',1627,,19,4,,,0
1029,'1478663',1707,,20,4,,,0
1029,'1478664',1747,,21,4,,,0
1029,'1478665',1821,,22,4,,,0
1029,'1478666',1851,,23,4,,,0
1029,'1478667',1921,,24,4,,,0
1029,'1478668',1951,,25,4,,,0
1029,'1478669',2021,,26,4,,,0
1029,'1478670',2051,,27,4,,,0
1029,'1478671',2121,,28,4,,,0
1029,'1478672',2151,,29,4,,,0
1029,'1478673',2221,,30,4,,,0
1029,'1478674',2251,,31,4,,,0
1029,'1478706',2321,,63,4,,,0
1029,'1479336',621,,64,4,,,0
1029,'1479337',721,,65,4,,,0
1029,'1479340',821,,68,4,,,0
1029,'1479341',851,,69,4,,,0
1029,'1479342',921,,70,4,,,0
1029,'1479343',951,,71,4,,,0
1029,'1479344',1027,,72,4,,,0
1029,'1479345',1107,,73,4,,,0
1029,'1479353',1147,,81,4,,,0
1029,'1479354',1227,,82,4,,,0
1029,'1479355',1307,,83,4,,,0
1029,'1479356',2131,,84,4,,,0
1029,'1479357',1347,,85,4,,,0
1029,'1479358',1427,,86,4,,,0
1029,'1479359',1507,,87,4,,,0
1029,'1479361',1547,,89,4,,,0
1029,'1479362',1627,,90,4,,,0
1029,'1479363',1707,,91,4,,,0
1029,'1479364',1747,,92,4,,,0
1029,'1479365',1821,,93,4,,,0
1029,'1479377',2231,,105,4,,,0
1029,'1479378',1851,,106,4,,,0
1029,'1479379',1921,,107,4,,,0
1029,'1479380',1951,,108,4,,,0
1029,'1479381',2021,,109,4,,,0
1029,'1479382',2051,,110,4,,,0
1029,'1482285',721,,140,4,,,0
1029,'1482286',821,,141,4,,,0
1029,'1482287',851,,142,4,,,0
1029,'1482288',921,,143,4,,,0
1029,'1482289',951,,144,4,,,0
1029,'1482290',1021,,145,4,,,0
1029,'1482291',1051,,146,4,,,0
1029,'1482292',1127,,147,4,,,0
1029,'1482293',1207,,148,4,,,0
1029,'1482294',1247,,149,4,,,0
1029,'1482295',1327,,150,4,,,0
1029,'1482296',1407,,151,4,,,0
1029,'1482297',1447,,152,4,,,0
1029,'1482298',1527,,153,4,,,0
1029,'1482299',1607,,154,4,,,0
1029,'1482300',1647,,155,4,,,0
1029,'1482301',1721,,156,4,,,0
1029,'1482302',1751,,157,4,,,0
1029,'1482303',1821,,158,4,,,0
1029,'1482304',1851,,159,4,,,0
1029,'1482305',1921,,160,4,,,0
1029,'1482306',2021,,161,4,,,0
1029,'1482307',2121,,162,4,,,0
1029,'1482308',2221,,163,4,,,0
