6029,'1478790',602,,775,3,,,0
6029,'1478791',702,,776,3,,,0
6029,'1478792',732,,777,3,,,0
6029,'1478793',802,,778,3,,,0
6029,'1478794',832,,779,3,,,0
6029,'1478795',902,,780,3,,,0
6029,'1478796',932,,781,3,,,0
6029,'1478797',1002,,782,3,,,0
6029,'1478798',1032,,783,3,,,0
6029,'1478799',1102,,784,3,,,0
6029,'1478800',1132,,785,3,,,0
6029,'1478801',1202,,786,3,,,0
6029,'1478802',1232,,787,3,,,0
6029,'1478803',1302,,788,3,,,0
6029,'1478804',1332,,789,3,,,0
6029,'1478805',1402,,790,3,,,0
6029,'1478806',1432,,791,3,,,0
6029,'1478807',1502,,792,3,,,0
6029,'1478808',1532,,793,3,,,0
6029,'1478809',1602,,794,3,,,0
6029,'1478810',1632,,795,3,,,0
6029,'1478811',1702,,796,3,,,0
6029,'1478812',1732,,797,3,,,0
6029,'1478813',1802,,798,3,,,0
6029,'1478814',1832,,799,3,,,0
6029,'1478815',1902,,800,3,,,0
6029,'1478816',1932,,801,3,,,0
6029,'1478817',2002,,802,3,,,0
6029,'1478818',2032,,803,3,,,0
6029,'1478819',2132,,804,3,,,0
6029,'1478820',2232,,805,3,,,0
6029,'1478854',532,,839,3,,,0
6029,'1478856',632,,841,3,,,0
6029,'1479084',632,,861,3,,,0
6029,'1479085',702,,862,3,,,0
6029,'1479086',732,,863,3,,,0
6029,'1479087',832,,864,3,,,0
6029,'1479088',932,,865,3,,,0
6029,'1479089',1032,,866,3,,,0
6029,'1479090',1132,,867,3,,,0
6029,'1479091',1232,,868,3,,,0
6029,'1479092',1332,,869,3,,,0
6029,'1479093',1432,,870,3,,,0
6029,'1479094',1532,,871,3,,,0
6029,'1479095',1632,,872,3,,,0
6029,'1479096',1732,,873,3,,,0
6029,'1479097',1832,,874,3,,,0
6029,'1479098',1932,,875,3,,,0
6029,'1479099',2032,,876,3,,,0
6029,'1479100',2132,,877,3,,,0
6029,'1479101',2232,,878,3,,,0
6029,'1479102',602,,879,3,,,0
6029,'1479104',802,,881,3,,,0
6029,'1482507',732,,898,3,,,0
6029,'1482508',832,,899,3,,,0
6029,'1482509',932,,900,3,,,0
6029,'1482510',1132,,901,3,,,0
6029,'1482511',1032,,902,3,,,0
6029,'1482512',1332,,903,3,,,0
6029,'1482513',1232,,904,3,,,0
6029,'1482514',1432,,905,3,,,0
6029,'1482515',1532,,906,3,,,0
6029,'1482516',1632,,907,3,,,0
6029,'1482517',1732,,908,3,,,0
6029,'1482518',1832,,909,3,,,0
6029,'1482519',1932,,910,3,,,0
6029,'1482520',2032,,911,3,,,0
6029,'1482521',2132,,912,3,,,0
7019,'1478737',618,,913,3,,,0
7019,'1478738',648,,914,3,,,0
7019,'1478739',748,,915,3,,,0
7019,'1478740',818,,916,3,,,0
7019,'1478741',848,,917,3,,,0
7019,'1478742',948,,918,3,,,0
7019,'1478743',1025,,919,3,,,0
7019,'1478744',1105,,920,3,,,0
7019,'1478745',1145,,921,3,,,0
7019,'1478746',1225,,922,3,,,0
7019,'1478747',1305,,923,3,,,0
7019,'1478748',1345,,924,3,,,0
7019,'1478749',1505,,925,3,,,0
7019,'1478750',1545,,926,3,,,0
7019,'1478751',1625,,927,3,,,0
7019,'1478752',1705,,928,3,,,0
7019,'1478753',1818,,929,3,,,0
7019,'1478754',2018,,930,3,,,0
7019,'1478760',2218,,936,3,,,0
7019,'1478776',1918,,952,3,,,0
7019,'1478778',1745,,954,3,,,0
7019,'1478779',1425,,955,3,,,0
7019,'1478783',2118,,959,3,,,0
7019,'1478784',718,,960,3,,,0
7019,'1478786',1848,,962,3,,,0
7019,'1478789',918,,965,3,,,0
7019,'1479039',648,,986,3,,,0
7019,'1479040',748,,987,3,,,0
7019,'1479041',848,,988,3,,,0
7019,'1479042',918,,989,3,,,0
7019,'1479043',948,,990,3,,,0
7019,'1479044',1025,,991,3,,,0
7019,'1479045',1105,,992,3,,,0
7019,'1479046',1145,,993,3,,,0
7019,'1479047',1225,,994,3,,,0
7019,'1479048',1305,,995,3,,,0
7019,'1479049',1345,,996,3,,,0
7019,'1479050',1505,,997,3,,,0
7019,'1479051',1545,,998,3,,,0
7019,'1479052',1625,,999,3,,,0
7019,'1479053',1705,,1000,3,,,0
7019,'1479054',1818,,1001,3,,,0
7019,'1479055',1848,,1002,3,,,0
7019,'1479056',1948,,1003,3,,,0
7019,'1479057',2048,,1004,3,,,0
7019,'1479058',2148,,1005,3,,,0
7019,'1479059',2248,,1006,3,,,0
7019,'1479063',1425,,1010,3,,,0
7019,'1479064',1745,,1011,3,,,0
7019,'1482537',718,,1027,3,,,0
7019,'1482538',818,,1028,3,,,0
7019,'1482539',1225,,1029,3,,,0
7019,'1482540',1305,,1030,3,,,0
7019,'1482541',918,,1031,3,,,0
7019,'1482542',1505,,1032,3,,,0
7019,'1482543',1425,,1033,3,,,0
7019,'1482544',1345,,1034,3,,,0
7019,'1482545',1545,,1035,3,,,0
7019,'1482546',1625,,1036,3,,,0
7019,'1482547',1745,,1037,3,,,0
7019,'1482548',1818,,1038,3,,,0
7019,'1482549',1848,,1039,3,,,0
7019,'1482550',1948,,1040,3,,,0
7019,'1482551',2148,,1041,3,,,0
7019,'1482553',1018,,1043,3,,,0
7019,'1482554',1118,,1044,3,,,0
7019,'1482556',2048,,1046,3,,,0
7019,'1482558',1705,,1048,3,,,0
140000019,'1478707',2333,,1275,3,,,0
140000019,'1478990',2333,,1276,3,,,0
140000019,'1482582',2233,,1277,3,,,0
