3029,'1478924',621,,351,6,,,0
3029,'1478925',721,,352,6,,,0
3029,'1478926',751,,353,6,,,0
3029,'1478927',821,,354,6,,,0
3029,'1478928',851,,355,6,,,0
3029,'1478929',921,,356,6,,,0
3029,'1478930',951,,357,6,,,0
3029,'1478931',1021,,358,6,,,0
3029,'1478932',1051,,359,6,,,0
3029,'1478933',1121,,360,6,,,0
3029,'1478934',1151,,361,6,,,0
3029,'1478935',1221,,362,6,,,0
3029,'1478936',1251,,363,6,,,0
3029,'1478937',1321,,364,6,,,0
3029,'1478938',1351,,365,6,,,0
3029,'1478939',1421,,366,6,,,0
3029,'1478940',1451,,367,6,,,0
3029,'1478941',1521,,368,6,,,0
3029,'1478942',1551,,369,6,,,0
3029,'1478943',1621,,370,6,,,0
3029,'1478944',1651,,371,6,,,0
3029,'1478945',1721,,372,6,,,0
3029,'1478946',1751,,373,6,,,0
3029,'1478947',1821,,374,6,,,0
3029,'1478948',1851,,375,6,,,0
3029,'1478949',1921,,376,6,,,0
3029,'1478950',1951,,377,6,,,0
3029,'1478951',2021,,378,6,,,0
3029,'1478952',2151,,379,6,,,0
3029,'1478953',2051,,380,6,,,0
3029,'1478954',2221,,381,6,,,0
3029,'1478988',651,,415,6,,,0
3029,'1478989',2321,,416,6,,,0
3029,'1479246',2054,,435,6,,,0
3029,'1479247',622,,436,6,,,0
3029,'1479248',722,,437,6,,,0
3029,'1479249',824,,438,6,,,0
3029,'1479250',854,,439,6,,,0
3029,'1479251',954,,440,6,,,0
3029,'1479252',1024,,441,6,,,0
3029,'1479253',1154,,442,6,,,0
3029,'1479254',1054,,443,6,,,0
3029,'1479255',1224,,444,6,,,0
3029,'1479256',1254,,445,6,,,0
3029,'1479257',1354,,446,6,,,0
3029,'1479258',1424,,447,6,,,0
3029,'1479259',1454,,448,6,,,0
3029,'1479260',1624,,449,6,,,0
3029,'1479261',1654,,450,6,,,0
3029,'1479262',1754,,451,6,,,0
3029,'1479263',1824,,452,6,,,0
3029,'1479267',1854,,456,6,,,0
3029,'1479268',1954,,457,6,,,0
3029,'1479269',2024,,458,6,,,0
3029,'1479270',2152,,459,6,,,0
3029,'1479273',2252,,462,6,,,0
3029,'1479274',1554,,463,6,,,0
3029,'1479276',1724,,465,6,,,0
3029,'1479277',1924,,466,6,,,0
3029,'1479284',924,,473,6,,,0
3029,'1479285',1124,,474,6,,,0
3029,'1479286',1324,,475,6,,,0
3029,'1479287',1524,,476,6,,,0
3029,'1482371',1921,,497,6,,,0
3029,'1482372',1251,,498,6,,,0
3029,'1482373',951,,499,6,,,0
3029,'1482374',821,,500,6,,,0
3029,'1482375',1151,,501,6,,,0
3029,'1482376',1021,,502,6,,,0
3029,'1482377',1651,,503,6,,,0
3029,'1482378',1751,,504,6,,,0
3029,'1482379',851,,505,6,,,0
3029,'1482380',1051,,506,6,,,0
3029,'1482381',1221,,507,6,,,0
3029,'1482382',751,,508,6,,,0
3029,'1482383',1421,,509,6,,,0
3029,'1482384',1351,,510,6,,,0
3029,'1482385',1451,,511,6,,,0
3029,'1482386',1621,,512,6,,,0
3029,'1482387',1551,,513,6,,,0
3029,'1482388',2021,,514,6,,,0
3029,'1482389',2121,,515,6,,,0
3029,'1482390',1821,,516,6,,,0
3029,'1482391',2221,,517,6,,,0
3029,'1482393',1851,,519,6,,,0
3029,'1482394',1721,,520,6,,,0
3029,'1482395',1321,,521,6,,,0
3029,'1482396',1521,,522,6,,,0
3029,'1482403',921,,529,6,,,0
3029,'1482404',1121,,530,6,,,0
