20005019,'1478857',631,,1207,2,,,0
20005019,'1478858',701,,1208,2,,,0
20005019,'1478859',731,,1209,2,,,0
20005019,'1478860',801,,1210,2,,,0
20005019,'1478861',831,,1211,2,,,0
20005019,'1478862',901,,1212,2,,,0
20005019,'1478863',931,,1213,2,,,0
20005019,'1478864',1001,,1214,2,,,0
20005019,'1478865',1031,,1215,2,,,0
20005019,'1478866',1101,,1216,2,,,0
20005019,'1478867',1131,,1217,2,,,0
20005019,'1478868',1201,,1218,2,,,0
20005019,'1478869',1231,,1219,2,,,0
20005019,'1478870',1301,,1220,2,,,0
20005019,'1478871',1331,,1221,2,,,0
20005019,'1478872',1401,,1222,2,,,0
20005019,'1478873',1431,,1223,2,,,0
20005019,'1478874',1501,,1224,2,,,0
20005019,'1478875',1531,,1225,2,,,0
20005019,'1478876',1601,,1226,2,,,0
20005019,'1478877',1631,,1227,2,,,0
20005019,'1478878',1701,,1228,2,,,0
20005019,'1478879',1731,,1229,2,,,0
20005019,'1478880',1801,,1230,2,,,0
20005019,'1478881',1831,,1231,2,,,0
20005019,'1478882',1901,,1232,2,,,0
20005019,'1478883',1931,,1233,2,,,0
20005019,'1478884',2001,,1234,2,,,0
20005019,'1478885',2131,,1235,2,,,0
20005019,'1478886',2231,,1236,2,,,0
20005019,'1478887',2031,,1237,2,,,0
20005019,'1478888',501,,1238,2,,,0
20005019,'1478889',531,,1239,2,,,0
20005019,'1478890',601,,1240,2,,,0
20005019,'1479105',801,,1241,2,,,0
20005019,'1479106',831,,1242,2,,,0
20005019,'1479107',901,,1243,2,,,0
20005019,'1479108',931,,1244,2,,,0
20005019,'1479109',1001,,1245,2,,,0
20005019,'1479110',1031,,1246,2,,,0
20005019,'1479111',1101,,1247,2,,,0
20005019,'1479112',1131,,1248,2,,,0
20005019,'1479113',1201,,1249,2,,,0
20005019,'1479114',1231,,1250,2,,,0
20005019,'1479115',1301,,1251,2,,,0
20005019,'1479116',1331,,1252,2,,,0
20005019,'1479117',1401,,1253,2,,,0
20005019,'1479118',1431,,1254,2,,,0
20005019,'1479119',1501,,1255,2,,,0
20005019,'1479120',1531,,1256,2,,,0
20005019,'1479121',1601,,1257,2,,,0
20005019,'1479122',1631,,1258,2,,,0
20005019,'1479123',1701,,1259,2,,,0
20005019,'1479124',1731,,1260,2,,,0
20005019,'1479125',1801,,1261,2,,,0
20005019,'1479126',1831,,1262,2,,,0
20005019,'1479127',1901,,1263,2,,,0
20005019,'1479128',2001,,1264,2,,,0
20005019,'1482481',831,,1265,2,,,0
20005019,'1482482',931,,1266,2,,,0
20005019,'1482483',1031,,1267,2,,,0
20005019,'1482484',1131,,1268,2,,,0
20005019,'1482485',1231,,1269,2,,,0
20005019,'1482486',1331,,1270,2,,,0
20005019,'1482487',1431,,1271,2,,,0
20005019,'1482488',1531,,1272,2,,,0
20005019,'1482489',1631,,1273,2,,,0
20005019,'1482490',1731,,1274,2,,,0
