10005019,'1478891',623,,1129,21,,,0
10005019,'1478892',723,,1130,21,,,0
10005019,'1478893',753,,1131,21,,,0
10005019,'1478894',823,,1132,21,,,0
10005019,'1478895',853,,1133,21,,,0
10005019,'1478896',923,,1134,21,,,0
10005019,'1478897',953,,1135,21,,,0
10005019,'1478898',1023,,1136,21,,,0
10005019,'1478899',1053,,1137,21,,,0
10005019,'1478900',1123,,1138,21,,,0
10005019,'1478901',1153,,1139,21,,,0
10005019,'1478902',1223,,1140,21,,,0
10005019,'1478903',1253,,1141,21,,,0
10005019,'1478904',1323,,1142,21,,,0
10005019,'1478905',1353,,1143,21,,,0
10005019,'1478906',1423,,1144,21,,,0
10005019,'1478907',1453,,1145,21,,,0
10005019,'1478908',1523,,1146,21,,,0
10005019,'1478909',1553,,1147,21,,,0
10005019,'1478910',1623,,1148,21,,,0
10005019,'1478911',1653,,1149,21,,,0
10005019,'1478912',1723,,1150,21,,,0
10005019,'1478913',1753,,1151,21,,,0
10005019,'1478914',1823,,1152,21,,,0
10005019,'1478915',1853,,1153,21,,,0
10005019,'1478916',1923,,1154,21,,,0
10005019,'1478917',1953,,1155,21,,,0
10005019,'1478918',2023,,1156,21,,,0
10005019,'1478919',2053,,1157,21,,,0
10005019,'1478920',2123,,1158,21,,,0
10005019,'1478921',2323,,1159,21,,,0
10005019,'1478922',2223,,1160,21,,,0
10005019,'1478923',653,,1161,21,,,0
10005019,'1479129',621,,1162,21,,,0
10005019,'1479130',721,,1163,21,,,0
10005019,'1479131',823,,1164,21,,,0
10005019,'1479132',853,,1165,21,,,0
10005019,'1479133',923,,1166,21,,,0
10005019,'1479134',953,,1167,21,,,0
10005019,'1479135',1023,,1168,21,,,0
10005019,'1479136',1053,,1169,21,,,0
10005019,'1479137',1123,,1170,21,,,0
10005019,'1479138',1153,,1171,21,,,0
10005019,'1479139',1223,,1172,21,,,0
10005019,'1479140',1253,,1173,21,,,0
10005019,'1479141',1323,,1174,21,,,0
10005019,'1479142',1353,,1175,21,,,0
10005019,'1479143',1423,,1176,21,,,0
10005019,'1479144',1453,,1177,21,,,0
10005019,'1479145',1523,,1178,21,,,0
10005019,'1479146',1553,,1179,21,,,0
10005019,'1479147',1623,,1180,21,,,0
10005019,'1479148',1653,,1181,21,,,0
10005019,'1479149',1723,,1182,21,,,0
10005019,'1479150',1753,,1183,21,,,0
10005019,'1479151',1823,,1184,21,,,0
10005019,'1479152',1853,,1185,21,,,0
10005019,'1479153',1923,,1186,21,,,0
10005019,'1479154',2023,,1187,21,,,0
10005019,'1479155',2123,,1188,21,,,0
10005019,'1479156',2223,,1189,21,,,0
10005019,'1479157',2323,,1190,21,,,0
10005019,'1482465',723,,1191,21,,,0
10005019,'1482466',823,,1192,21,,,0
10005019,'1482467',923,,1193,21,,,0
10005019,'1482468',1023,,1194,21,,,0
10005019,'1482469',1123,,1195,21,,,0
10005019,'1482470',1223,,1196,21,,,0
10005019,'1482471',1323,,1197,21,,,0
10005019,'1482472',1423,,1198,21,,,0
10005019,'1482473',1523,,1199,21,,,0
10005019,'1482474',1623,,1200,21,,,0
10005019,'1482475',1723,,1201,21,,,0
10005019,'1482476',1823,,1202,21,,,0
10005019,'1482477',1853,,1203,21,,,0
10005019,'1482478',1953,,1204,21,,,0
10005019,'1482479',2053,,1205,21,,,0
10005019,'1482480',2153,,1206,21,,,0
