2029,'1478547',646,,164,2,,,0
2029,'1478548',722,,165,2,,,0
2029,'1478549',802,,166,2,,,0
2029,'1478550',1002,,167,2,,,0
2029,'1478551',1042,,168,2,,,0
2029,'1478552',1122,,169,2,,,0
2029,'1478553',1202,,170,2,,,0
2029,'1478554',1242,,171,2,,,0
2029,'1478555',1322,,172,2,,,0
2029,'1478556',1402,,173,2,,,0
2029,'1478557',1442,,174,2,,,0
2029,'1478558',1522,,175,2,,,0
2029,'1478559',1602,,176,2,,,0
2029,'1478560',1642,,177,2,,,0
2029,'1478561',1722,,178,2,,,0
2029,'1478562',1802,,179,2,,,0
2029,'1478563',1842,,180,2,,,0
2029,'1478564',1922,,181,2,,,0
2029,'1478565',2002,,182,2,,,0
2029,'1478566',2042,,183,2,,,0
2029,'1478567',2116,,184,2,,,0
2029,'1478568',2246,,185,2,,,0
2029,'1478593',842,,210,2,,,0
2029,'1478594',922,,211,2,,,0
2029,'1478595',546,,212,2,,,0
2029,'1478598',516,,215,2,,,0
2029,'1478600',616,,217,2,,,0
2029,'1478601',701,,218,2,,,0
2029,'1478602',742,,219,2,,,0
2029,'1478603',822,,220,2,,,0
2029,'1478604',902,,221,2,,,0
2029,'1478605',942,,222,2,,,0
2029,'1478606',1022,,223,2,,,0
2029,'1478607',1102,,224,2,,,0
2029,'1478608',1142,,225,2,,,0
2029,'1478609',1222,,226,2,,,0
2029,'1478610',1302,,227,2,,,0
2029,'1478611',1342,,228,2,,,0
2029,'1478612',1422,,229,2,,,0
2029,'1478613',1502,,230,2,,,0
2029,'1478614',1542,,231,2,,,0
2029,'1478615',1622,,232,2,,,0
2029,'1478616',1702,,233,2,,,0
2029,'1478617',1742,,234,2,,,0
2029,'1478618',1822,,235,2,,,0
2029,'1478619',1902,,236,2,,,0
2029,'1478620',1942,,237,2,,,0
2029,'1478621',2022,,238,2,,,0
2029,'1478622',2102,,239,2,,,0
2029,'1479290',646,,263,2,,,0
2029,'1479291',746,,264,2,,,0
2029,'1479299',821,,272,2,,,0
2029,'1479300',901,,273,2,,,0
2029,'1479301',941,,274,2,,,0
2029,'1479302',1021,,275,2,,,0
2029,'1479303',1101,,276,2,,,0
2029,'1479304',1141,,277,2,,,0
2029,'1479305',1221,,278,2,,,0
2029,'1479315',1301,,288,2,,,0
2029,'1479316',1341,,289,2,,,0
2029,'1479317',1421,,290,2,,,0
2029,'1479318',1501,,291,2,,,0
2029,'1479319',1541,,292,2,,,0
2029,'1479320',1621,,293,2,,,0
2029,'1479321',1701,,294,2,,,0
2029,'1479322',1741,,295,2,,,0
2029,'1479324',1901,,297,2,,,0
2029,'1479325',1941,,298,2,,,0
2029,'1479328',2021,,301,2,,,0
2029,'1479329',2056,,302,2,,,0
2029,'1479330',1821,,303,2,,,0
2029,'1479332',2256,,305,2,,,0
2029,'1479333',2156,,306,2,,,0
2029,'1482329',746,,329,2,,,0
2029,'1482330',822,,330,2,,,0
2029,'1482331',902,,331,2,,,0
2029,'1482332',942,,332,2,,,0
2029,'1482333',1022,,333,2,,,0
2029,'1482334',1102,,334,2,,,0
2029,'1482335',1142,,335,2,,,0
2029,'1482336',1222,,336,2,,,0
2029,'1482337',1302,,337,2,,,0
2029,'1482338',1342,,338,2,,,0
2029,'1482339',1422,,339,2,,,0
2029,'1482340',1502,,340,2,,,0
2029,'1482341',1622,,341,2,,,0
2029,'1482342',1542,,342,2,,,0
2029,'1482343',1702,,343,2,,,0
2029,'1482344',1822,,344,2,,,0
2029,'1482345',1742,,345,2,,,0
2029,'1482346',2016,,346,2,,,0
2029,'1482347',1916,,347,2,,,0
2029,'1482348',2116,,348,2,,,0
2029,'1482350',2216,,350,2,,,0
