6029,'1478790',611,,775,14,,,0
6029,'1478791',711,,776,14,,,0
6029,'1478792',741,,777,14,,,0
6029,'1478793',811,,778,14,,,0
6029,'1478794',841,,779,14,,,0
6029,'1478795',911,,780,14,,,0
6029,'1478796',941,,781,14,,,0
6029,'1478797',1011,,782,14,,,0
6029,'1478798',1041,,783,14,,,0
6029,'1478799',1111,,784,14,,,0
6029,'1478800',1141,,785,14,,,0
6029,'1478801',1211,,786,14,,,0
6029,'1478802',1241,,787,14,,,0
6029,'1478803',1311,,788,14,,,0
6029,'1478804',1341,,789,14,,,0
6029,'1478805',1411,,790,14,,,0
6029,'1478806',1441,,791,14,,,0
6029,'1478807',1511,,792,14,,,0
6029,'1478808',1541,,793,14,,,0
6029,'1478809',1611,,794,14,,,0
6029,'1478810',1641,,795,14,,,0
6029,'1478811',1711,,796,14,,,0
6029,'1478812',1741,,797,14,,,0
6029,'1478813',1811,,798,14,,,0
6029,'1478814',1841,,799,14,,,0
6029,'1478815',1911,,800,14,,,0
6029,'1478816',1941,,801,14,,,0
6029,'1478817',2011,,802,14,,,0
6029,'1478818',2041,,803,14,,,0
6029,'1478819',2141,,804,14,,,0
6029,'1478820',2241,,805,14,,,0
6029,'1478854',541,,839,14,,,0
6029,'1478856',641,,841,14,,,0
6029,'1479084',641,,861,14,,,0
6029,'1479085',711,,862,14,,,0
6029,'1479086',741,,863,14,,,0
6029,'1479087',841,,864,14,,,0
6029,'1479088',941,,865,14,,,0
6029,'1479089',1041,,866,14,,,0
6029,'1479090',1141,,867,14,,,0
6029,'1479091',1241,,868,14,,,0
6029,'1479092',1341,,869,14,,,0
6029,'1479093',1441,,870,14,,,0
6029,'1479094',1541,,871,14,,,0
6029,'1479095',1641,,872,14,,,0
6029,'1479096',1741,,873,14,,,0
6029,'1479097',1841,,874,14,,,0
6029,'1479098',1941,,875,14,,,0
6029,'1479099',2041,,876,14,,,0
6029,'1479100',2141,,877,14,,,0
6029,'1479101',2241,,878,14,,,0
6029,'1479102',611,,879,14,,,0
6029,'1479104',811,,881,14,,,0
6029,'1482507',741,,898,14,,,0
6029,'1482508',841,,899,14,,,0
6029,'1482509',941,,900,14,,,0
6029,'1482510',1141,,901,14,,,0
6029,'1482511',1041,,902,14,,,0
6029,'1482512',1341,,903,14,,,0
6029,'1482513',1241,,904,14,,,0
6029,'1482514',1441,,905,14,,,0
6029,'1482515',1541,,906,14,,,0
6029,'1482516',1641,,907,14,,,0
6029,'1482517',1741,,908,14,,,0
6029,'1482518',1841,,909,14,,,0
6029,'1482519',1941,,910,14,,,0
6029,'1482520',2041,,911,14,,,0
6029,'1482521',2141,,912,14,,,0
140000019,'1478707',2342,,1275,14,,,0
140000019,'1478990',2342,,1276,14,,,0
140000019,'1482582',2242,,1277,14,,,0
