3029,'1478924',623,,351,7,,,0
3029,'1478925',723,,352,7,,,0
3029,'1478926',753,,353,7,,,0
3029,'1478927',823,,354,7,,,0
3029,'1478928',853,,355,7,,,0
3029,'1478929',923,,356,7,,,0
3029,'1478930',953,,357,7,,,0
3029,'1478931',1023,,358,7,,,0
3029,'1478932',1053,,359,7,,,0
3029,'1478933',1123,,360,7,,,0
3029,'1478934',1153,,361,7,,,0
3029,'1478935',1223,,362,7,,,0
3029,'1478936',1253,,363,7,,,0
3029,'1478937',1323,,364,7,,,0
3029,'1478938',1353,,365,7,,,0
3029,'1478939',1423,,366,7,,,0
3029,'1478940',1453,,367,7,,,0
3029,'1478941',1523,,368,7,,,0
3029,'1478942',1553,,369,7,,,0
3029,'1478943',1623,,370,7,,,0
3029,'1478944',1653,,371,7,,,0
3029,'1478945',1723,,372,7,,,0
3029,'1478946',1753,,373,7,,,0
3029,'1478947',1823,,374,7,,,0
3029,'1478948',1853,,375,7,,,0
3029,'1478949',1923,,376,7,,,0
3029,'1478950',1953,,377,7,,,0
3029,'1478951',2023,,378,7,,,0
3029,'1478952',2153,,379,7,,,0
3029,'1478953',2053,,380,7,,,0
3029,'1478954',2223,,381,7,,,0
3029,'1478988',653,,415,7,,,0
3029,'1478989',2323,,416,7,,,0
3029,'1479246',2055,,435,7,,,0
3029,'1479247',623,,436,7,,,0
3029,'1479248',723,,437,7,,,0
3029,'1479249',825,,438,7,,,0
3029,'1479250',855,,439,7,,,0
3029,'1479251',955,,440,7,,,0
3029,'1479252',1025,,441,7,,,0
3029,'1479253',1155,,442,7,,,0
3029,'1479254',1055,,443,7,,,0
3029,'1479255',1225,,444,7,,,0
3029,'1479256',1255,,445,7,,,0
3029,'1479257',1355,,446,7,,,0
3029,'1479258',1425,,447,7,,,0
3029,'1479259',1455,,448,7,,,0
3029,'1479260',1625,,449,7,,,0
3029,'1479261',1655,,450,7,,,0
3029,'1479262',1755,,451,7,,,0
3029,'1479263',1825,,452,7,,,0
3029,'1479267',1855,,456,7,,,0
3029,'1479268',1955,,457,7,,,0
3029,'1479269',2025,,458,7,,,0
3029,'1479270',2153,,459,7,,,0
3029,'1479273',2253,,462,7,,,0
3029,'1479274',1555,,463,7,,,0
3029,'1479276',1725,,465,7,,,0
3029,'1479277',1925,,466,7,,,0
3029,'1479284',925,,473,7,,,0
3029,'1479285',1125,,474,7,,,0
3029,'1479286',1325,,475,7,,,0
3029,'1479287',1525,,476,7,,,0
3029,'1482371',1923,,497,7,,,0
3029,'1482372',1253,,498,7,,,0
3029,'1482373',953,,499,7,,,0
3029,'1482374',823,,500,7,,,0
3029,'1482375',1153,,501,7,,,0
3029,'1482376',1023,,502,7,,,0
3029,'1482377',1653,,503,7,,,0
3029,'1482378',1753,,504,7,,,0
3029,'1482379',853,,505,7,,,0
3029,'1482380',1053,,506,7,,,0
3029,'1482381',1223,,507,7,,,0
3029,'1482382',753,,508,7,,,0
3029,'1482383',1423,,509,7,,,0
3029,'1482384',1353,,510,7,,,0
3029,'1482385',1453,,511,7,,,0
3029,'1482386',1623,,512,7,,,0
3029,'1482387',1553,,513,7,,,0
3029,'1482388',2023,,514,7,,,0
3029,'1482389',2123,,515,7,,,0
3029,'1482390',1823,,516,7,,,0
3029,'1482391',2223,,517,7,,,0
3029,'1482393',1853,,519,7,,,0
3029,'1482394',1723,,520,7,,,0
3029,'1482395',1323,,521,7,,,0
3029,'1482396',1523,,522,7,,,0
3029,'1482403',923,,529,7,,,0
3029,'1482404',1123,,530,7,,,0
