6029,'1478790',619,,775,24,,,0
6029,'1478791',719,,776,24,,,0
6029,'1478792',749,,777,24,,,0
6029,'1478793',819,,778,24,,,0
6029,'1478794',849,,779,24,,,0
6029,'1478795',919,,780,24,,,0
6029,'1478796',949,,781,24,,,0
6029,'1478797',1019,,782,24,,,0
6029,'1478798',1049,,783,24,,,0
6029,'1478799',1119,,784,24,,,0
6029,'1478800',1149,,785,24,,,0
6029,'1478801',1219,,786,24,,,0
6029,'1478802',1249,,787,24,,,0
6029,'1478803',1319,,788,24,,,0
6029,'1478804',1349,,789,24,,,0
6029,'1478805',1419,,790,24,,,0
6029,'1478806',1449,,791,24,,,0
6029,'1478807',1519,,792,24,,,0
6029,'1478808',1549,,793,24,,,0
6029,'1478809',1619,,794,24,,,0
6029,'1478810',1649,,795,24,,,0
6029,'1478811',1719,,796,24,,,0
6029,'1478812',1749,,797,24,,,0
6029,'1478813',1819,,798,24,,,0
6029,'1478814',1849,,799,24,,,0
6029,'1478815',1919,,800,24,,,0
6029,'1478816',1949,,801,24,,,0
6029,'1478817',2019,,802,24,,,0
6029,'1478818',2049,,803,24,,,0
6029,'1478819',2149,,804,24,,,0
6029,'1478820',2249,,805,24,,,0
6029,'1478854',549,,839,24,,,0
6029,'1478856',649,,841,24,,,0
6029,'1479084',649,,861,24,,,0
6029,'1479085',719,,862,24,,,0
6029,'1479086',749,,863,24,,,0
6029,'1479087',849,,864,24,,,0
6029,'1479088',949,,865,24,,,0
6029,'1479089',1049,,866,24,,,0
6029,'1479090',1149,,867,24,,,0
6029,'1479091',1249,,868,24,,,0
6029,'1479092',1349,,869,24,,,0
6029,'1479093',1449,,870,24,,,0
6029,'1479094',1549,,871,24,,,0
6029,'1479095',1649,,872,24,,,0
6029,'1479096',1749,,873,24,,,0
6029,'1479097',1849,,874,24,,,0
6029,'1479098',1949,,875,24,,,0
6029,'1479099',2049,,876,24,,,0
6029,'1479100',2149,,877,24,,,0
6029,'1479101',2249,,878,24,,,0
6029,'1479102',619,,879,24,,,0
6029,'1479104',819,,881,24,,,0
6029,'1482507',749,,898,24,,,0
6029,'1482508',849,,899,24,,,0
6029,'1482509',949,,900,24,,,0
6029,'1482510',1149,,901,24,,,0
6029,'1482511',1049,,902,24,,,0
6029,'1482512',1349,,903,24,,,0
6029,'1482513',1249,,904,24,,,0
6029,'1482514',1449,,905,24,,,0
6029,'1482515',1549,,906,24,,,0
6029,'1482516',1649,,907,24,,,0
6029,'1482517',1749,,908,24,,,0
6029,'1482518',1849,,909,24,,,0
6029,'1482519',1949,,910,24,,,0
6029,'1482520',2049,,911,24,,,0
6029,'1482521',2149,,912,24,,,0
140000019,'1478707',2348,,1275,24,,,0
140000019,'1478990',2348,,1276,24,,,0
140000019,'1482582',2248,,1277,24,,,0
