8019,'1478708',637,,1050,11,,,0
8019,'1478709',707,,1051,11,,,0
8019,'1478710',737,,1052,11,,,0
8019,'1478711',807,,1053,11,,,0
8019,'1478712',837,,1054,11,,,0
8019,'1478713',907,,1055,11,,,0
8019,'1478714',937,,1056,11,,,0
8019,'1478715',1007,,1057,11,,,0
8019,'1478716',1037,,1058,11,,,0
8019,'1478717',1107,,1059,11,,,0
8019,'1478718',1137,,1060,11,,,0
8019,'1478719',1207,,1061,11,,,0
8019,'1478720',1237,,1062,11,,,0
8019,'1478721',1307,,1063,11,,,0
8019,'1478722',1337,,1064,11,,,0
8019,'1478723',1407,,1065,11,,,0
8019,'1478724',1437,,1066,11,,,0
8019,'1478725',1507,,1067,11,,,0
8019,'1478726',1537,,1068,11,,,0
8019,'1478727',1607,,1069,11,,,0
8019,'1478728',1637,,1070,11,,,0
8019,'1478729',1707,,1071,11,,,0
8019,'1478730',1737,,1072,11,,,0
8019,'1478731',1807,,1073,11,,,0
8019,'1478732',1837,,1074,11,,,0
8019,'1478733',1937,,1075,11,,,0
8019,'1478734',2037,,1076,11,,,0
8019,'1478735',2137,,1077,11,,,0
8019,'1478736',2237,,1078,11,,,0
8019,'1478991',1437,,1079,11,,,0
8019,'1478992',1337,,1080,11,,,0
8019,'1478993',1507,,1081,11,,,0
8019,'1478994',1607,,1082,11,,,0
8019,'1478995',1707,,1083,11,,,0
8019,'1478996',1807,,1084,11,,,0
8019,'1478997',1907,,1085,11,,,0
8019,'1478998',2037,,1086,11,,,0
8019,'1478999',2207,,1087,11,,,0
8019,'1479000',1537,,1088,11,,,0
8019,'1479001',1737,,1089,11,,,0
8019,'1479002',1637,,1090,11,,,0
8019,'1479003',1837,,1091,11,,,0
8019,'1479004',2107,,1092,11,,,0
8019,'1479005',1937,,1093,11,,,0
8019,'1479006',1407,,1094,11,,,0
8019,'1479007',637,,1095,11,,,0
8019,'1479008',737,,1096,11,,,0
8019,'1479009',837,,1097,11,,,0
8019,'1479010',907,,1098,11,,,0
8019,'1479011',937,,1099,11,,,0
8019,'1479012',1007,,1100,11,,,0
8019,'1479013',1037,,1101,11,,,0
8019,'1479014',1107,,1102,11,,,0
8019,'1479015',1137,,1103,11,,,0
8019,'1479016',1207,,1104,11,,,0
8019,'1479017',1237,,1105,11,,,0
8019,'1479018',1307,,1106,11,,,0
8019,'1482560',737,,1107,11,,,0
8019,'1482561',837,,1108,11,,,0
8019,'1482562',937,,1109,11,,,0
8019,'1482563',1037,,1110,11,,,0
8019,'1482564',1237,,1111,11,,,0
8019,'1482565',1307,,1112,11,,,0
8019,'1482566',1337,,1113,11,,,0
8019,'1482567',1407,,1114,11,,,0
8019,'1482568',1437,,1115,11,,,0
8019,'1482569',1507,,1116,11,,,0
8019,'1482570',1537,,1117,11,,,0
8019,'1482571',1607,,1118,11,,,0
8019,'1482572',1637,,1119,11,,,0
8019,'1482573',1707,,1120,11,,,0
8019,'1482574',1737,,1121,11,,,0
8019,'1482575',1807,,1122,11,,,0
8019,'1482576',1837,,1123,11,,,0
8019,'1482577',1937,,1124,11,,,0
8019,'1482578',2037,,1125,11,,,0
8019,'1482579',2137,,1126,11,,,0
8019,'1482580',1137,,1127,11,,,0
8019,'1482581',1207,,1128,11,,,0
140000019,'1478707',2400,,1275,38,,,0
140000019,'1478990',2400,,1276,38,,,0
140000019,'1482582',2300,,1277,38,,,0
