6029,'1478790',613,,775,16,,,0
6029,'1478791',713,,776,16,,,0
6029,'1478792',743,,777,16,,,0
6029,'1478793',813,,778,16,,,0
6029,'1478794',843,,779,16,,,0
6029,'1478795',913,,780,16,,,0
6029,'1478796',943,,781,16,,,0
6029,'1478797',1013,,782,16,,,0
6029,'1478798',1043,,783,16,,,0
6029,'1478799',1113,,784,16,,,0
6029,'1478800',1143,,785,16,,,0
6029,'1478801',1213,,786,16,,,0
6029,'1478802',1243,,787,16,,,0
6029,'1478803',1313,,788,16,,,0
6029,'1478804',1343,,789,16,,,0
6029,'1478805',1413,,790,16,,,0
6029,'1478806',1443,,791,16,,,0
6029,'1478807',1513,,792,16,,,0
6029,'1478808',1543,,793,16,,,0
6029,'1478809',1613,,794,16,,,0
6029,'1478810',1643,,795,16,,,0
6029,'1478811',1713,,796,16,,,0
6029,'1478812',1743,,797,16,,,0
6029,'1478813',1813,,798,16,,,0
6029,'1478814',1843,,799,16,,,0
6029,'1478815',1913,,800,16,,,0
6029,'1478816',1943,,801,16,,,0
6029,'1478817',2013,,802,16,,,0
6029,'1478818',2043,,803,16,,,0
6029,'1478819',2143,,804,16,,,0
6029,'1478820',2243,,805,16,,,0
6029,'1478854',543,,839,16,,,0
6029,'1478856',643,,841,16,,,0
6029,'1479084',643,,861,16,,,0
6029,'1479085',713,,862,16,,,0
6029,'1479086',743,,863,16,,,0
6029,'1479087',843,,864,16,,,0
6029,'1479088',943,,865,16,,,0
6029,'1479089',1043,,866,16,,,0
6029,'1479090',1143,,867,16,,,0
6029,'1479091',1243,,868,16,,,0
6029,'1479092',1343,,869,16,,,0
6029,'1479093',1443,,870,16,,,0
6029,'1479094',1543,,871,16,,,0
6029,'1479095',1643,,872,16,,,0
6029,'1479096',1743,,873,16,,,0
6029,'1479097',1843,,874,16,,,0
6029,'1479098',1943,,875,16,,,0
6029,'1479099',2043,,876,16,,,0
6029,'1479100',2143,,877,16,,,0
6029,'1479101',2243,,878,16,,,0
6029,'1479102',613,,879,16,,,0
6029,'1479104',813,,881,16,,,0
6029,'1482507',743,,898,16,,,0
6029,'1482508',843,,899,16,,,0
6029,'1482509',943,,900,16,,,0
6029,'1482510',1143,,901,16,,,0
6029,'1482511',1043,,902,16,,,0
6029,'1482512',1343,,903,16,,,0
6029,'1482513',1243,,904,16,,,0
6029,'1482514',1443,,905,16,,,0
6029,'1482515',1543,,906,16,,,0
6029,'1482516',1643,,907,16,,,0
6029,'1482517',1743,,908,16,,,0
6029,'1482518',1843,,909,16,,,0
6029,'1482519',1943,,910,16,,,0
6029,'1482520',2043,,911,16,,,0
6029,'1482521',2143,,912,16,,,0
140000019,'1478707',2343,,1275,16,,,0
140000019,'1478990',2343,,1276,16,,,0
140000019,'1482582',2243,,1277,16,,,0
