6019,'1478821',636,,806,11,,,0
6019,'1478822',736,,807,11,,,0
6019,'1478823',806,,808,11,,,0
6019,'1478824',836,,809,11,,,0
6019,'1478825',906,,810,11,,,0
6019,'1478826',936,,811,11,,,0
6019,'1478827',1006,,812,11,,,0
6019,'1478828',1036,,813,11,,,0
6019,'1478829',1106,,814,11,,,0
6019,'1478830',1136,,815,11,,,0
6019,'1478831',1206,,816,11,,,0
6019,'1478832',1236,,817,11,,,0
6019,'1478833',1306,,818,11,,,0
6019,'1478834',1336,,819,11,,,0
6019,'1478835',1406,,820,11,,,0
6019,'1478836',1436,,821,11,,,0
6019,'1478837',1506,,822,11,,,0
6019,'1478838',1536,,823,11,,,0
6019,'1478839',1606,,824,11,,,0
6019,'1478840',1636,,825,11,,,0
6019,'1478841',1706,,826,11,,,0
6019,'1478842',1736,,827,11,,,0
6019,'1478843',1806,,828,11,,,0
6019,'1478844',1836,,829,11,,,0
6019,'1478845',1906,,830,11,,,0
6019,'1478846',1936,,831,11,,,0
6019,'1478847',2006,,832,11,,,0
6019,'1478848',2036,,833,11,,,0
6019,'1478849',2106,,834,11,,,0
6019,'1478850',2206,,835,11,,,0
6019,'1478851',2306,,836,11,,,0
6019,'1478852',536,,837,11,,,0
6019,'1478853',706,,838,11,,,0
6019,'1478855',606,,840,11,,,0
6019,'1479065',606,,842,11,,,0
6019,'1479066',636,,843,11,,,0
6019,'1479067',706,,844,11,,,0
6019,'1479068',736,,845,11,,,0
6019,'1479069',806,,846,11,,,0
6019,'1479070',906,,847,11,,,0
6019,'1479071',1006,,848,11,,,0
6019,'1479072',1106,,849,11,,,0
6019,'1479073',1206,,850,11,,,0
6019,'1479074',1306,,851,11,,,0
6019,'1479075',1406,,852,11,,,0
6019,'1479076',1506,,853,11,,,0
6019,'1479077',1606,,854,11,,,0
6019,'1479078',1706,,855,11,,,0
6019,'1479079',1806,,856,11,,,0
6019,'1479080',1906,,857,11,,,0
6019,'1479081',2006,,858,11,,,0
6019,'1479082',2106,,859,11,,,0
6019,'1479083',2206,,860,11,,,0
6019,'1479103',2305,,880,11,,,0
6019,'1482491',706,,882,11,,,0
6019,'1482492',806,,883,11,,,0
6019,'1482493',906,,884,11,,,0
6019,'1482494',1006,,885,11,,,0
6019,'1482495',1106,,886,11,,,0
6019,'1482496',1206,,887,11,,,0
6019,'1482497',1306,,888,11,,,0
6019,'1482498',1406,,889,11,,,0
6019,'1482499',1506,,890,11,,,0
6019,'1482500',1606,,891,11,,,0
6019,'1482501',1706,,892,11,,,0
6019,'1482502',1806,,893,11,,,0
6019,'1482503',1906,,894,11,,,0
6019,'1482504',2006,,895,11,,,0
6019,'1482505',2106,,896,11,,,0
6019,'1482506',2205,,897,11,,,0
