6019,'1478821',650,,806,26,,,0
6019,'1478822',750,,807,26,,,0
6019,'1478823',820,,808,26,,,0
6019,'1478824',850,,809,26,,,0
6019,'1478825',920,,810,26,,,0
6019,'1478826',950,,811,26,,,0
6019,'1478827',1020,,812,26,,,0
6019,'1478828',1050,,813,26,,,0
6019,'1478829',1120,,814,26,,,0
6019,'1478830',1150,,815,26,,,0
6019,'1478831',1220,,816,26,,,0
6019,'1478832',1250,,817,26,,,0
6019,'1478833',1320,,818,26,,,0
6019,'1478834',1350,,819,26,,,0
6019,'1478835',1420,,820,26,,,0
6019,'1478836',1450,,821,26,,,0
6019,'1478837',1520,,822,26,,,0
6019,'1478838',1550,,823,26,,,0
6019,'1478839',1620,,824,26,,,0
6019,'1478840',1650,,825,26,,,0
6019,'1478841',1720,,826,26,,,0
6019,'1478842',1750,,827,26,,,0
6019,'1478843',1820,,828,26,,,0
6019,'1478844',1850,,829,26,,,0
6019,'1478845',1920,,830,26,,,0
6019,'1478846',1950,,831,26,,,0
6019,'1478847',2020,,832,26,,,0
6019,'1478848',2050,,833,26,,,0
6019,'1478849',2120,,834,26,,,0
6019,'1478850',2220,,835,26,,,0
6019,'1478851',2320,,836,26,,,0
6019,'1478852',550,,837,26,,,0
6019,'1478853',720,,838,26,,,0
6019,'1478855',620,,840,26,,,0
6019,'1479065',620,,842,26,,,0
6019,'1479066',650,,843,26,,,0
6019,'1479067',720,,844,26,,,0
6019,'1479068',750,,845,26,,,0
6019,'1479069',820,,846,26,,,0
6019,'1479070',920,,847,26,,,0
6019,'1479071',1020,,848,26,,,0
6019,'1479072',1120,,849,26,,,0
6019,'1479073',1220,,850,26,,,0
6019,'1479074',1320,,851,26,,,0
6019,'1479075',1420,,852,26,,,0
6019,'1479076',1520,,853,26,,,0
6019,'1479077',1620,,854,26,,,0
6019,'1479078',1720,,855,26,,,0
6019,'1479079',1820,,856,26,,,0
6019,'1479080',1920,,857,26,,,0
6019,'1479081',2020,,858,26,,,0
6019,'1479082',2120,,859,26,,,0
6019,'1479083',2220,,860,26,,,0
6019,'1479103',2316,,880,26,,,0
6019,'1482491',720,,882,26,,,0
6019,'1482492',820,,883,26,,,0
6019,'1482493',920,,884,26,,,0
6019,'1482494',1020,,885,26,,,0
6019,'1482495',1120,,886,26,,,0
6019,'1482496',1220,,887,26,,,0
6019,'1482497',1320,,888,26,,,0
6019,'1482498',1420,,889,26,,,0
6019,'1482499',1520,,890,26,,,0
6019,'1482500',1620,,891,26,,,0
6019,'1482501',1720,,892,26,,,0
6019,'1482502',1820,,893,26,,,0
6019,'1482503',1920,,894,26,,,0
6019,'1482504',2020,,895,26,,,0
6019,'1482505',2120,,896,26,,,0
6019,'1482506',2216,,897,26,,,0
7029,'1478755',738,,931,8,,,0
7029,'1478756',838,,932,8,,,0
7029,'1478757',1210,,933,8,,,0
7029,'1478758',808,,934,8,,,0
7029,'1478759',608,,935,8,,,0
7029,'1478761',1530,,937,8,,,0
7029,'1478762',1450,,938,8,,,0
7029,'1478763',1610,,939,8,,,0
7029,'1478764',1650,,940,8,,,0
7029,'1478765',1808,,941,8,,,0
7029,'1478766',1330,,942,8,,,0
7029,'1478767',1250,,943,8,,,0
7029,'1478768',1130,,944,8,,,0
7029,'1478769',938,,945,8,,,0
7029,'1478770',1050,,946,8,,,0
7029,'1478771',1010,,947,8,,,0
7029,'1478772',1908,,948,8,,,0
7029,'1478773',2008,,949,8,,,0
7029,'1478774',2108,,950,8,,,0
7029,'1478775',2208,,951,8,,,0
7029,'1478777',638,,953,8,,,0
7029,'1478780',708,,956,8,,,0
7029,'1478781',1410,,957,8,,,0
7029,'1478782',1730,,958,8,,,0
7029,'1478785',2308,,961,8,,,0
7029,'1478787',908,,963,8,,,0
7029,'1478788',1838,,964,8,,,0
7029,'1479019',638,,966,8,,,0
7029,'1479020',738,,967,8,,,0
7029,'1479021',838,,968,8,,,0
7029,'1479022',908,,969,8,,,0
7029,'1479023',938,,970,8,,,0
7029,'1479024',1010,,971,8,,,0
7029,'1479025',1130,,972,8,,,0
7029,'1479026',1210,,973,8,,,0
7029,'1479027',1250,,974,8,,,0
7029,'1479028',1330,,975,8,,,0
7029,'1479029',1450,,976,8,,,0
7029,'1479030',1530,,977,8,,,0
7029,'1479031',1610,,978,8,,,0
7029,'1479032',1650,,979,8,,,0
7029,'1479033',1808,,980,8,,,0
7029,'1479034',1838,,981,8,,,0
7029,'1479035',1938,,982,8,,,0
7029,'1479036',2038,,983,8,,,0
7029,'1479037',2138,,984,8,,,0
7029,'1479038',2238,,985,8,,,0
7029,'1479060',1050,,1007,8,,,0
7029,'1479061',1410,,1008,8,,,0
7029,'1479062',1730,,1009,8,,,0
7029,'1482522',708,,1012,8,,,0
7029,'1482523',808,,1013,8,,,0
7029,'1482524',908,,1014,8,,,0
7029,'1482525',1210,,1015,8,,,0
7029,'1482526',1250,,1016,8,,,0
7029,'1482527',1330,,1017,8,,,0
7029,'1482528',1410,,1018,8,,,0
7029,'1482529',1450,,1019,8,,,0
7029,'1482530',1530,,1020,8,,,0
7029,'1482531',1610,,1021,8,,,0
7029,'1482532',1730,,1022,8,,,0
7029,'1482533',1808,,1023,8,,,0
7029,'1482534',1838,,1024,8,,,0
7029,'1482535',1938,,1025,8,,,0
7029,'1482536',2138,,1026,8,,,0
7029,'1482552',1008,,1042,8,,,0
7029,'1482555',2038,,1045,8,,,0
7029,'1482557',1108,,1047,8,,,0
7029,'1482559',1650,,1049,8,,,0
