8019,'1478708',640,,1050,15,,,0
8019,'1478709',710,,1051,15,,,0
8019,'1478710',740,,1052,15,,,0
8019,'1478711',810,,1053,15,,,0
8019,'1478712',840,,1054,15,,,0
8019,'1478713',910,,1055,15,,,0
8019,'1478714',940,,1056,15,,,0
8019,'1478715',1011,,1057,15,,,0
8019,'1478716',1041,,1058,15,,,0
8019,'1478717',1111,,1059,15,,,0
8019,'1478718',1141,,1060,15,,,0
8019,'1478719',1211,,1061,15,,,0
8019,'1478720',1241,,1062,15,,,0
8019,'1478721',1311,,1063,15,,,0
8019,'1478722',1341,,1064,15,,,0
8019,'1478723',1411,,1065,15,,,0
8019,'1478724',1441,,1066,15,,,0
8019,'1478725',1511,,1067,15,,,0
8019,'1478726',1541,,1068,15,,,0
8019,'1478727',1611,,1069,15,,,0
8019,'1478728',1641,,1070,15,,,0
8019,'1478729',1711,,1071,15,,,0
8019,'1478730',1740,,1072,15,,,0
8019,'1478731',1810,,1073,15,,,0
8019,'1478732',1840,,1074,15,,,0
8019,'1478733',1940,,1075,15,,,0
8019,'1478734',2040,,1076,15,,,0
8019,'1478735',2140,,1077,15,,,0
8019,'1478736',2240,,1078,15,,,0
8019,'1478991',1441,,1079,15,,,0
8019,'1478992',1341,,1080,15,,,0
8019,'1478993',1511,,1081,15,,,0
8019,'1478994',1611,,1082,15,,,0
8019,'1478995',1711,,1083,15,,,0
8019,'1478996',1810,,1084,15,,,0
8019,'1478997',1910,,1085,15,,,0
8019,'1478998',2040,,1086,15,,,0
8019,'1478999',2210,,1087,15,,,0
8019,'1479000',1541,,1088,15,,,0
8019,'1479001',1740,,1089,15,,,0
8019,'1479002',1641,,1090,15,,,0
8019,'1479003',1840,,1091,15,,,0
8019,'1479004',2110,,1092,15,,,0
8019,'1479005',1940,,1093,15,,,0
8019,'1479006',1411,,1094,15,,,0
8019,'1479007',640,,1095,15,,,0
8019,'1479008',740,,1096,15,,,0
8019,'1479009',840,,1097,15,,,0
8019,'1479010',910,,1098,15,,,0
8019,'1479011',940,,1099,15,,,0
8019,'1479012',1011,,1100,15,,,0
8019,'1479013',1041,,1101,15,,,0
8019,'1479014',1111,,1102,15,,,0
8019,'1479015',1141,,1103,15,,,0
8019,'1479016',1211,,1104,15,,,0
8019,'1479017',1241,,1105,15,,,0
8019,'1479018',1311,,1106,15,,,0
8019,'1482560',740,,1107,15,,,0
8019,'1482561',840,,1108,15,,,0
8019,'1482562',940,,1109,15,,,0
8019,'1482563',1041,,1110,15,,,0
8019,'1482564',1241,,1111,15,,,0
8019,'1482565',1311,,1112,15,,,0
8019,'1482566',1341,,1113,15,,,0
8019,'1482567',1411,,1114,15,,,0
8019,'1482568',1441,,1115,15,,,0
8019,'1482569',1511,,1116,15,,,0
8019,'1482570',1541,,1117,15,,,0
8019,'1482571',1611,,1118,15,,,0
8019,'1482572',1641,,1119,15,,,0
8019,'1482573',1711,,1120,15,,,0
8019,'1482574',1740,,1121,15,,,0
8019,'1482575',1810,,1122,15,,,0
8019,'1482576',1840,,1123,15,,,0
8019,'1482577',1940,,1124,15,,,0
8019,'1482578',2040,,1125,15,,,0
8019,'1482579',2140,,1126,15,,,0
8019,'1482580',1140,,1127,15,,,0
8019,'1482581',1211,,1128,15,,,0
