6019,'1478821',634,,806,8,,,0
6019,'1478822',734,,807,8,,,0
6019,'1478823',804,,808,8,,,0
6019,'1478824',834,,809,8,,,0
6019,'1478825',904,,810,8,,,0
6019,'1478826',934,,811,8,,,0
6019,'1478827',1004,,812,8,,,0
6019,'1478828',1034,,813,8,,,0
6019,'1478829',1104,,814,8,,,0
6019,'1478830',1134,,815,8,,,0
6019,'1478831',1204,,816,8,,,0
6019,'1478832',1234,,817,8,,,0
6019,'1478833',1304,,818,8,,,0
6019,'1478834',1334,,819,8,,,0
6019,'1478835',1404,,820,8,,,0
6019,'1478836',1434,,821,8,,,0
6019,'1478837',1504,,822,8,,,0
6019,'1478838',1534,,823,8,,,0
6019,'1478839',1604,,824,8,,,0
6019,'1478840',1634,,825,8,,,0
6019,'1478841',1704,,826,8,,,0
6019,'1478842',1734,,827,8,,,0
6019,'1478843',1804,,828,8,,,0
6019,'1478844',1834,,829,8,,,0
6019,'1478845',1904,,830,8,,,0
6019,'1478846',1934,,831,8,,,0
6019,'1478847',2004,,832,8,,,0
6019,'1478848',2034,,833,8,,,0
6019,'1478849',2104,,834,8,,,0
6019,'1478850',2204,,835,8,,,0
6019,'1478851',2304,,836,8,,,0
6019,'1478852',534,,837,8,,,0
6019,'1478853',704,,838,8,,,0
6019,'1478855',604,,840,8,,,0
6019,'1479065',604,,842,8,,,0
6019,'1479066',634,,843,8,,,0
6019,'1479067',704,,844,8,,,0
6019,'1479068',734,,845,8,,,0
6019,'1479069',804,,846,8,,,0
6019,'1479070',904,,847,8,,,0
6019,'1479071',1004,,848,8,,,0
6019,'1479072',1104,,849,8,,,0
6019,'1479073',1204,,850,8,,,0
6019,'1479074',1304,,851,8,,,0
6019,'1479075',1404,,852,8,,,0
6019,'1479076',1504,,853,8,,,0
6019,'1479077',1604,,854,8,,,0
6019,'1479078',1704,,855,8,,,0
6019,'1479079',1804,,856,8,,,0
6019,'1479080',1904,,857,8,,,0
6019,'1479081',2004,,858,8,,,0
6019,'1479082',2104,,859,8,,,0
6019,'1479083',2204,,860,8,,,0
6019,'1479103',2303,,880,8,,,0
6019,'1482491',704,,882,8,,,0
6019,'1482492',804,,883,8,,,0
6019,'1482493',904,,884,8,,,0
6019,'1482494',1004,,885,8,,,0
6019,'1482495',1104,,886,8,,,0
6019,'1482496',1204,,887,8,,,0
6019,'1482497',1304,,888,8,,,0
6019,'1482498',1404,,889,8,,,0
6019,'1482499',1504,,890,8,,,0
6019,'1482500',1604,,891,8,,,0
6019,'1482501',1704,,892,8,,,0
6019,'1482502',1804,,893,8,,,0
6019,'1482503',1904,,894,8,,,0
6019,'1482504',2004,,895,8,,,0
6019,'1482505',2104,,896,8,,,0
6019,'1482506',2203,,897,8,,,0
