7029,'1478755',737,,931,7,,,0
7029,'1478756',837,,932,7,,,0
7029,'1478757',1209,,933,7,,,0
7029,'1478758',807,,934,7,,,0
7029,'1478759',607,,935,7,,,0
7029,'1478761',1529,,937,7,,,0
7029,'1478762',1449,,938,7,,,0
7029,'1478763',1609,,939,7,,,0
7029,'1478764',1649,,940,7,,,0
7029,'1478765',1807,,941,7,,,0
7029,'1478766',1329,,942,7,,,0
7029,'1478767',1249,,943,7,,,0
7029,'1478768',1129,,944,7,,,0
7029,'1478769',937,,945,7,,,0
7029,'1478770',1049,,946,7,,,0
7029,'1478771',1009,,947,7,,,0
7029,'1478772',1907,,948,7,,,0
7029,'1478773',2007,,949,7,,,0
7029,'1478774',2107,,950,7,,,0
7029,'1478775',2207,,951,7,,,0
7029,'1478777',637,,953,7,,,0
7029,'1478780',707,,956,7,,,0
7029,'1478781',1409,,957,7,,,0
7029,'1478782',1729,,958,7,,,0
7029,'1478785',2307,,961,7,,,0
7029,'1478787',907,,963,7,,,0
7029,'1478788',1837,,964,7,,,0
7029,'1479019',637,,966,7,,,0
7029,'1479020',737,,967,7,,,0
7029,'1479021',837,,968,7,,,0
7029,'1479022',907,,969,7,,,0
7029,'1479023',937,,970,7,,,0
7029,'1479024',1009,,971,7,,,0
7029,'1479025',1129,,972,7,,,0
7029,'1479026',1209,,973,7,,,0
7029,'1479027',1249,,974,7,,,0
7029,'1479028',1329,,975,7,,,0
7029,'1479029',1449,,976,7,,,0
7029,'1479030',1529,,977,7,,,0
7029,'1479031',1609,,978,7,,,0
7029,'1479032',1649,,979,7,,,0
7029,'1479033',1807,,980,7,,,0
7029,'1479034',1837,,981,7,,,0
7029,'1479035',1937,,982,7,,,0
7029,'1479036',2037,,983,7,,,0
7029,'1479037',2137,,984,7,,,0
7029,'1479038',2237,,985,7,,,0
7029,'1479060',1049,,1007,7,,,0
7029,'1479061',1409,,1008,7,,,0
7029,'1479062',1729,,1009,7,,,0
7029,'1482522',707,,1012,7,,,0
7029,'1482523',807,,1013,7,,,0
7029,'1482524',907,,1014,7,,,0
7029,'1482525',1209,,1015,7,,,0
7029,'1482526',1249,,1016,7,,,0
7029,'1482527',1329,,1017,7,,,0
7029,'1482528',1409,,1018,7,,,0
7029,'1482529',1449,,1019,7,,,0
7029,'1482530',1529,,1020,7,,,0
7029,'1482531',1609,,1021,7,,,0
7029,'1482532',1729,,1022,7,,,0
7029,'1482533',1807,,1023,7,,,0
7029,'1482534',1837,,1024,7,,,0
7029,'1482535',1937,,1025,7,,,0
7029,'1482536',2137,,1026,7,,,0
7029,'1482552',1007,,1042,7,,,0
7029,'1482555',2037,,1045,7,,,0
7029,'1482557',1107,,1047,7,,,0
7029,'1482559',1649,,1049,7,,,0
