20005019,'1478857',635,,1207,4,,,0
20005019,'1478858',705,,1208,4,,,0
20005019,'1478859',735,,1209,4,,,0
20005019,'1478860',805,,1210,4,,,0
20005019,'1478861',835,,1211,4,,,0
20005019,'1478862',905,,1212,4,,,0
20005019,'1478863',935,,1213,4,,,0
20005019,'1478864',1005,,1214,4,,,0
20005019,'1478865',1035,,1215,4,,,0
20005019,'1478866',1105,,1216,4,,,0
20005019,'1478867',1135,,1217,4,,,0
20005019,'1478868',1205,,1218,4,,,0
20005019,'1478869',1235,,1219,4,,,0
20005019,'1478870',1305,,1220,4,,,0
20005019,'1478871',1335,,1221,4,,,0
20005019,'1478872',1405,,1222,4,,,0
20005019,'1478873',1435,,1223,4,,,0
20005019,'1478874',1505,,1224,4,,,0
20005019,'1478875',1535,,1225,4,,,0
20005019,'1478876',1605,,1226,4,,,0
20005019,'1478877',1635,,1227,4,,,0
20005019,'1478878',1705,,1228,4,,,0
20005019,'1478879',1735,,1229,4,,,0
20005019,'1478880',1805,,1230,4,,,0
20005019,'1478881',1835,,1231,4,,,0
20005019,'1478882',1905,,1232,4,,,0
20005019,'1478883',1935,,1233,4,,,0
20005019,'1478884',2005,,1234,4,,,0
20005019,'1478885',2135,,1235,4,,,0
20005019,'1478886',2235,,1236,4,,,0
20005019,'1478887',2035,,1237,4,,,0
20005019,'1478888',505,,1238,4,,,0
20005019,'1478889',535,,1239,4,,,0
20005019,'1478890',605,,1240,4,,,0
20005019,'1479105',805,,1241,4,,,0
20005019,'1479106',835,,1242,4,,,0
20005019,'1479107',905,,1243,4,,,0
20005019,'1479108',935,,1244,4,,,0
20005019,'1479109',1005,,1245,4,,,0
20005019,'1479110',1035,,1246,4,,,0
20005019,'1479111',1105,,1247,4,,,0
20005019,'1479112',1135,,1248,4,,,0
20005019,'1479113',1205,,1249,4,,,0
20005019,'1479114',1235,,1250,4,,,0
20005019,'1479115',1305,,1251,4,,,0
20005019,'1479116',1335,,1252,4,,,0
20005019,'1479117',1405,,1253,4,,,0
20005019,'1479118',1435,,1254,4,,,0
20005019,'1479119',1505,,1255,4,,,0
20005019,'1479120',1535,,1256,4,,,0
20005019,'1479121',1605,,1257,4,,,0
20005019,'1479122',1635,,1258,4,,,0
20005019,'1479123',1705,,1259,4,,,0
20005019,'1479124',1735,,1260,4,,,0
20005019,'1479125',1805,,1261,4,,,0
20005019,'1479126',1835,,1262,4,,,0
20005019,'1479127',1905,,1263,4,,,0
20005019,'1479128',2005,,1264,4,,,0
20005019,'1482481',835,,1265,4,,,0
20005019,'1482482',935,,1266,4,,,0
20005019,'1482483',1035,,1267,4,,,0
20005019,'1482484',1135,,1268,4,,,0
20005019,'1482485',1235,,1269,4,,,0
20005019,'1482486',1335,,1270,4,,,0
20005019,'1482487',1435,,1271,4,,,0
20005019,'1482488',1535,,1272,4,,,0
20005019,'1482489',1635,,1273,4,,,0
20005019,'1482490',1735,,1274,4,,,0
