4019,'1478457',639,,554,11,,,0
4019,'1478458',709,,555,11,,,0
4019,'1478459',754,,556,11,,,0
4019,'1478460',909,,557,11,,,0
4019,'1478461',954,,558,11,,,0
4019,'1478462',1039,,559,11,,,0
4019,'1478463',1109,,560,11,,,0
4019,'1478464',1139,,561,11,,,0
4019,'1478465',1239,,562,11,,,0
4019,'1478466',1309,,563,11,,,0
4019,'1478467',1339,,564,11,,,0
4019,'1478468',1439,,565,11,,,0
4019,'1478469',1509,,566,11,,,0
4019,'1478470',1554,,567,11,,,0
4019,'1478471',1639,,568,11,,,0
4019,'1478472',1709,,569,11,,,0
4019,'1478473',1739,,570,11,,,0
4019,'1478474',1839,,571,11,,,0
4019,'1478475',1909,,572,11,,,0
4019,'1478476',1939,,573,11,,,0
4019,'1478477',2039,,574,11,,,0
4019,'1478478',2109,,575,11,,,0
4019,'1478479',2139,,576,11,,,0
4019,'1478480',2239,,577,11,,,0
4019,'1478483',2309,,580,11,,,0
4019,'1478487',1124,,584,11,,,0
4019,'1478488',1154,,585,11,,,0
4019,'1478489',1254,,586,11,,,0
4019,'1478491',724,,588,11,,,0
4019,'1478495',854,,592,11,,,0
4019,'1478496',809,,593,11,,,0
4019,'1478497',924,,594,11,,,0
4019,'1478498',939,,595,11,,,0
4019,'1478507',1324,,604,11,,,0
4019,'1478508',1539,,605,11,,,0
4019,'1478509',1654,,606,11,,,0
4019,'1478510',1354,,607,11,,,0
4019,'1478511',1454,,608,11,,,0
4019,'1478512',1524,,609,11,,,0
4019,'1478513',1724,,610,11,,,0
4019,'1478514',1054,,611,11,,,0
4019,'1478515',2209,,612,11,,,0
4019,'1478516',2009,,613,11,,,0
4019,'1478517',1424,,614,11,,,0
4019,'1478518',1624,,615,11,,,0
4019,'1478528',609,,625,11,,,0
4019,'1478529',1009,,626,11,,,0
4019,'1478530',1209,,627,11,,,0
4019,'1478531',1409,,628,11,,,0
4019,'1478532',1609,,629,11,,,0
4019,'1478533',1809,,630,11,,,0
4019,'1478540',824,,637,11,,,0
4019,'1478541',1024,,638,11,,,0
4019,'1478542',1224,,639,11,,,0
4019,'1478544',839,,641,11,,,0
4019,'1478545',739,,642,11,,,0
4019,'1479158',609,,644,11,,,0
4019,'1479159',639,,645,11,,,0
4019,'1479160',739,,646,11,,,0
4019,'1479161',809,,647,11,,,0
4019,'1479162',839,,648,11,,,0
4019,'1479163',939,,649,11,,,0
4019,'1479164',1009,,650,11,,,0
4019,'1479165',1039,,651,11,,,0
4019,'1479166',1139,,652,11,,,0
4019,'1479167',1209,,653,11,,,0
4019,'1479168',1239,,654,11,,,0
4019,'1479169',1339,,655,11,,,0
4019,'1479170',1409,,656,11,,,0
4019,'1479171',1439,,657,11,,,0
4019,'1479172',1539,,658,11,,,0
4019,'1479173',1609,,659,11,,,0
4019,'1479174',1639,,660,11,,,0
4019,'1479175',1739,,661,11,,,0
4019,'1479176',1809,,662,11,,,0
4019,'1479177',1839,,663,11,,,0
4019,'1479178',1939,,664,11,,,0
4019,'1479179',2009,,665,11,,,0
4019,'1479180',2039,,666,11,,,0
4019,'1479181',2139,,667,11,,,0
4019,'1479182',2209,,668,11,,,0
4019,'1479183',2239,,669,11,,,0
4019,'1479212',709,,698,11,,,0
4019,'1479213',909,,699,11,,,0
4019,'1479214',1109,,700,11,,,0
4019,'1479215',1309,,701,11,,,0
4019,'1479216',1509,,702,11,,,0
4019,'1479217',1709,,703,11,,,0
4019,'1479218',1909,,704,11,,,0
4019,'1479219',2109,,705,11,,,0
4019,'1479220',2309,,706,11,,,0
4019,'1482406',709,,715,11,,,0
4019,'1482407',739,,716,11,,,0
4019,'1482408',839,,717,11,,,0
4019,'1482409',909,,718,11,,,0
4019,'1482410',939,,719,11,,,0
4019,'1482411',1039,,720,11,,,0
4019,'1482412',1109,,721,11,,,0
4019,'1482413',1139,,722,11,,,0
4019,'1482414',1239,,723,11,,,0
4019,'1482415',1309,,724,11,,,0
4019,'1482416',1339,,725,11,,,0
4019,'1482417',1439,,726,11,,,0
4019,'1482418',1509,,727,11,,,0
4019,'1482419',1539,,728,11,,,0
4019,'1482420',1639,,729,11,,,0
4019,'1482421',1709,,730,11,,,0
4019,'1482422',1739,,731,11,,,0
4019,'1482423',1839,,732,11,,,0
4019,'1482424',1909,,733,11,,,0
4019,'1482425',1939,,734,11,,,0
4019,'1482426',2039,,735,11,,,0
4019,'1482427',2109,,736,11,,,0
4019,'1482449',2139,,758,11,,,0
4019,'1482450',2009,,759,11,,,0
4019,'1482451',1809,,760,11,,,0
4019,'1482460',809,,769,11,,,0
4019,'1482461',1009,,770,11,,,0
4019,'1482462',1209,,771,11,,,0
4019,'1482463',1409,,772,11,,,0
4019,'1482464',1609,,773,11,,,0
4019,'1482583',2209,,774,11,,,0
140000019,'1478707',2405,,1275,44,,,0
140000019,'1478990',2405,,1276,44,,,0
140000019,'1482582',2305,,1277,44,,,0
