6029,'1478790',604,,775,4,,,0
6029,'1478791',704,,776,4,,,0
6029,'1478792',734,,777,4,,,0
6029,'1478793',804,,778,4,,,0
6029,'1478794',834,,779,4,,,0
6029,'1478795',904,,780,4,,,0
6029,'1478796',934,,781,4,,,0
6029,'1478797',1004,,782,4,,,0
6029,'1478798',1034,,783,4,,,0
6029,'1478799',1104,,784,4,,,0
6029,'1478800',1134,,785,4,,,0
6029,'1478801',1204,,786,4,,,0
6029,'1478802',1234,,787,4,,,0
6029,'1478803',1304,,788,4,,,0
6029,'1478804',1334,,789,4,,,0
6029,'1478805',1404,,790,4,,,0
6029,'1478806',1434,,791,4,,,0
6029,'1478807',1504,,792,4,,,0
6029,'1478808',1534,,793,4,,,0
6029,'1478809',1604,,794,4,,,0
6029,'1478810',1634,,795,4,,,0
6029,'1478811',1704,,796,4,,,0
6029,'1478812',1734,,797,4,,,0
6029,'1478813',1804,,798,4,,,0
6029,'1478814',1834,,799,4,,,0
6029,'1478815',1904,,800,4,,,0
6029,'1478816',1934,,801,4,,,0
6029,'1478817',2004,,802,4,,,0
6029,'1478818',2034,,803,4,,,0
6029,'1478819',2134,,804,4,,,0
6029,'1478820',2234,,805,4,,,0
6029,'1478854',534,,839,4,,,0
6029,'1478856',634,,841,4,,,0
6029,'1479084',634,,861,4,,,0
6029,'1479085',704,,862,4,,,0
6029,'1479086',734,,863,4,,,0
6029,'1479087',834,,864,4,,,0
6029,'1479088',934,,865,4,,,0
6029,'1479089',1034,,866,4,,,0
6029,'1479090',1134,,867,4,,,0
6029,'1479091',1234,,868,4,,,0
6029,'1479092',1334,,869,4,,,0
6029,'1479093',1434,,870,4,,,0
6029,'1479094',1534,,871,4,,,0
6029,'1479095',1634,,872,4,,,0
6029,'1479096',1734,,873,4,,,0
6029,'1479097',1834,,874,4,,,0
6029,'1479098',1934,,875,4,,,0
6029,'1479099',2034,,876,4,,,0
6029,'1479100',2134,,877,4,,,0
6029,'1479101',2234,,878,4,,,0
6029,'1479102',604,,879,4,,,0
6029,'1479104',804,,881,4,,,0
6029,'1482507',734,,898,4,,,0
6029,'1482508',834,,899,4,,,0
6029,'1482509',934,,900,4,,,0
6029,'1482510',1134,,901,4,,,0
6029,'1482511',1034,,902,4,,,0
6029,'1482512',1334,,903,4,,,0
6029,'1482513',1234,,904,4,,,0
6029,'1482514',1434,,905,4,,,0
6029,'1482515',1534,,906,4,,,0
6029,'1482516',1634,,907,4,,,0
6029,'1482517',1734,,908,4,,,0
6029,'1482518',1834,,909,4,,,0
6029,'1482519',1934,,910,4,,,0
6029,'1482520',2034,,911,4,,,0
6029,'1482521',2134,,912,4,,,0
7019,'1478737',619,,913,4,,,0
7019,'1478738',649,,914,4,,,0
7019,'1478739',749,,915,4,,,0
7019,'1478740',819,,916,4,,,0
7019,'1478741',849,,917,4,,,0
7019,'1478742',949,,918,4,,,0
7019,'1478743',1027,,919,4,,,0
7019,'1478744',1107,,920,4,,,0
7019,'1478745',1147,,921,4,,,0
7019,'1478746',1227,,922,4,,,0
7019,'1478747',1307,,923,4,,,0
7019,'1478748',1347,,924,4,,,0
7019,'1478749',1507,,925,4,,,0
7019,'1478750',1547,,926,4,,,0
7019,'1478751',1627,,927,4,,,0
7019,'1478752',1707,,928,4,,,0
7019,'1478753',1819,,929,4,,,0
7019,'1478754',2019,,930,4,,,0
7019,'1478760',2219,,936,4,,,0
7019,'1478776',1919,,952,4,,,0
7019,'1478778',1747,,954,4,,,0
7019,'1478779',1427,,955,4,,,0
7019,'1478783',2119,,959,4,,,0
7019,'1478784',719,,960,4,,,0
7019,'1478786',1849,,962,4,,,0
7019,'1478789',919,,965,4,,,0
7019,'1479039',649,,986,4,,,0
7019,'1479040',749,,987,4,,,0
7019,'1479041',849,,988,4,,,0
7019,'1479042',919,,989,4,,,0
7019,'1479043',949,,990,4,,,0
7019,'1479044',1027,,991,4,,,0
7019,'1479045',1107,,992,4,,,0
7019,'1479046',1147,,993,4,,,0
7019,'1479047',1227,,994,4,,,0
7019,'1479048',1307,,995,4,,,0
7019,'1479049',1347,,996,4,,,0
7019,'1479050',1507,,997,4,,,0
7019,'1479051',1547,,998,4,,,0
7019,'1479052',1627,,999,4,,,0
7019,'1479053',1707,,1000,4,,,0
7019,'1479054',1819,,1001,4,,,0
7019,'1479055',1849,,1002,4,,,0
7019,'1479056',1949,,1003,4,,,0
7019,'1479057',2049,,1004,4,,,0
7019,'1479058',2149,,1005,4,,,0
7019,'1479059',2249,,1006,4,,,0
7019,'1479063',1427,,1010,4,,,0
7019,'1479064',1747,,1011,4,,,0
7019,'1482537',719,,1027,4,,,0
7019,'1482538',819,,1028,4,,,0
7019,'1482539',1227,,1029,4,,,0
7019,'1482540',1307,,1030,4,,,0
7019,'1482541',919,,1031,4,,,0
7019,'1482542',1507,,1032,4,,,0
7019,'1482543',1427,,1033,4,,,0
7019,'1482544',1347,,1034,4,,,0
7019,'1482545',1547,,1035,4,,,0
7019,'1482546',1627,,1036,4,,,0
7019,'1482547',1747,,1037,4,,,0
7019,'1482548',1819,,1038,4,,,0
7019,'1482549',1849,,1039,4,,,0
7019,'1482550',1949,,1040,4,,,0
7019,'1482551',2149,,1041,4,,,0
7019,'1482553',1019,,1043,4,,,0
7019,'1482554',1119,,1044,4,,,0
7019,'1482556',2049,,1046,4,,,0
7019,'1482558',1707,,1048,4,,,0
140000019,'1478707',2335,,1275,4,,,0
140000019,'1478990',2335,,1276,4,,,0
140000019,'1482582',2235,,1277,4,,,0
