6029,'1478790',615,,775,18,,,0
6029,'1478791',715,,776,18,,,0
6029,'1478792',745,,777,18,,,0
6029,'1478793',815,,778,18,,,0
6029,'1478794',845,,779,18,,,0
6029,'1478795',915,,780,18,,,0
6029,'1478796',945,,781,18,,,0
6029,'1478797',1015,,782,18,,,0
6029,'1478798',1045,,783,18,,,0
6029,'1478799',1115,,784,18,,,0
6029,'1478800',1145,,785,18,,,0
6029,'1478801',1215,,786,18,,,0
6029,'1478802',1245,,787,18,,,0
6029,'1478803',1315,,788,18,,,0
6029,'1478804',1345,,789,18,,,0
6029,'1478805',1415,,790,18,,,0
6029,'1478806',1445,,791,18,,,0
6029,'1478807',1515,,792,18,,,0
6029,'1478808',1545,,793,18,,,0
6029,'1478809',1615,,794,18,,,0
6029,'1478810',1645,,795,18,,,0
6029,'1478811',1715,,796,18,,,0
6029,'1478812',1745,,797,18,,,0
6029,'1478813',1815,,798,18,,,0
6029,'1478814',1845,,799,18,,,0
6029,'1478815',1915,,800,18,,,0
6029,'1478816',1945,,801,18,,,0
6029,'1478817',2015,,802,18,,,0
6029,'1478818',2045,,803,18,,,0
6029,'1478819',2145,,804,18,,,0
6029,'1478820',2245,,805,18,,,0
6029,'1478854',545,,839,18,,,0
6029,'1478856',645,,841,18,,,0
6029,'1479084',645,,861,18,,,0
6029,'1479085',715,,862,18,,,0
6029,'1479086',745,,863,18,,,0
6029,'1479087',845,,864,18,,,0
6029,'1479088',945,,865,18,,,0
6029,'1479089',1045,,866,18,,,0
6029,'1479090',1145,,867,18,,,0
6029,'1479091',1245,,868,18,,,0
6029,'1479092',1345,,869,18,,,0
6029,'1479093',1445,,870,18,,,0
6029,'1479094',1545,,871,18,,,0
6029,'1479095',1645,,872,18,,,0
6029,'1479096',1745,,873,18,,,0
6029,'1479097',1845,,874,18,,,0
6029,'1479098',1945,,875,18,,,0
6029,'1479099',2045,,876,18,,,0
6029,'1479100',2145,,877,18,,,0
6029,'1479101',2245,,878,18,,,0
6029,'1479102',615,,879,18,,,0
6029,'1479104',815,,881,18,,,0
6029,'1482507',745,,898,18,,,0
6029,'1482508',845,,899,18,,,0
6029,'1482509',945,,900,18,,,0
6029,'1482510',1145,,901,18,,,0
6029,'1482511',1045,,902,18,,,0
6029,'1482512',1345,,903,18,,,0
6029,'1482513',1245,,904,18,,,0
6029,'1482514',1445,,905,18,,,0
6029,'1482515',1545,,906,18,,,0
6029,'1482516',1645,,907,18,,,0
6029,'1482517',1745,,908,18,,,0
6029,'1482518',1845,,909,18,,,0
6029,'1482519',1945,,910,18,,,0
6029,'1482520',2045,,911,18,,,0
6029,'1482521',2145,,912,18,,,0
140000019,'1478707',2344,,1275,18,,,0
140000019,'1478990',2344,,1276,18,,,0
140000019,'1482582',2244,,1277,18,,,0
