6019,'1478821',644,,806,21,,,0
6019,'1478822',744,,807,21,,,0
6019,'1478823',814,,808,21,,,0
6019,'1478824',844,,809,21,,,0
6019,'1478825',914,,810,21,,,0
6019,'1478826',944,,811,21,,,0
6019,'1478827',1014,,812,21,,,0
6019,'1478828',1044,,813,21,,,0
6019,'1478829',1114,,814,21,,,0
6019,'1478830',1144,,815,21,,,0
6019,'1478831',1214,,816,21,,,0
6019,'1478832',1244,,817,21,,,0
6019,'1478833',1314,,818,21,,,0
6019,'1478834',1344,,819,21,,,0
6019,'1478835',1414,,820,21,,,0
6019,'1478836',1444,,821,21,,,0
6019,'1478837',1514,,822,21,,,0
6019,'1478838',1544,,823,21,,,0
6019,'1478839',1614,,824,21,,,0
6019,'1478840',1644,,825,21,,,0
6019,'1478841',1714,,826,21,,,0
6019,'1478842',1744,,827,21,,,0
6019,'1478843',1814,,828,21,,,0
6019,'1478844',1844,,829,21,,,0
6019,'1478845',1914,,830,21,,,0
6019,'1478846',1944,,831,21,,,0
6019,'1478847',2014,,832,21,,,0
6019,'1478848',2044,,833,21,,,0
6019,'1478849',2114,,834,21,,,0
6019,'1478850',2214,,835,21,,,0
6019,'1478851',2314,,836,21,,,0
6019,'1478852',544,,837,21,,,0
6019,'1478853',714,,838,21,,,0
6019,'1478855',614,,840,21,,,0
6019,'1479065',614,,842,21,,,0
6019,'1479066',644,,843,21,,,0
6019,'1479067',714,,844,21,,,0
6019,'1479068',744,,845,21,,,0
6019,'1479069',814,,846,21,,,0
6019,'1479070',914,,847,21,,,0
6019,'1479071',1014,,848,21,,,0
6019,'1479072',1114,,849,21,,,0
6019,'1479073',1214,,850,21,,,0
6019,'1479074',1314,,851,21,,,0
6019,'1479075',1414,,852,21,,,0
6019,'1479076',1514,,853,21,,,0
6019,'1479077',1614,,854,21,,,0
6019,'1479078',1714,,855,21,,,0
6019,'1479079',1814,,856,21,,,0
6019,'1479080',1914,,857,21,,,0
6019,'1479081',2014,,858,21,,,0
6019,'1479082',2114,,859,21,,,0
6019,'1479083',2214,,860,21,,,0
6019,'1479103',2311,,880,21,,,0
6019,'1482491',714,,882,21,,,0
6019,'1482492',814,,883,21,,,0
6019,'1482493',914,,884,21,,,0
6019,'1482494',1014,,885,21,,,0
6019,'1482495',1114,,886,21,,,0
6019,'1482496',1214,,887,21,,,0
6019,'1482497',1314,,888,21,,,0
6019,'1482498',1414,,889,21,,,0
6019,'1482499',1514,,890,21,,,0
6019,'1482500',1614,,891,21,,,0
6019,'1482501',1714,,892,21,,,0
6019,'1482502',1814,,893,21,,,0
6019,'1482503',1914,,894,21,,,0
6019,'1482504',2014,,895,21,,,0
6019,'1482505',2114,,896,21,,,0
6019,'1482506',2211,,897,21,,,0
