20005019,'1478857',633,,1207,3,,,0
20005019,'1478858',703,,1208,3,,,0
20005019,'1478859',733,,1209,3,,,0
20005019,'1478860',803,,1210,3,,,0
20005019,'1478861',833,,1211,3,,,0
20005019,'1478862',903,,1212,3,,,0
20005019,'1478863',933,,1213,3,,,0
20005019,'1478864',1003,,1214,3,,,0
20005019,'1478865',1033,,1215,3,,,0
20005019,'1478866',1103,,1216,3,,,0
20005019,'1478867',1133,,1217,3,,,0
20005019,'1478868',1203,,1218,3,,,0
20005019,'1478869',1233,,1219,3,,,0
20005019,'1478870',1303,,1220,3,,,0
20005019,'1478871',1333,,1221,3,,,0
20005019,'1478872',1403,,1222,3,,,0
20005019,'1478873',1433,,1223,3,,,0
20005019,'1478874',1503,,1224,3,,,0
20005019,'1478875',1533,,1225,3,,,0
20005019,'1478876',1603,,1226,3,,,0
20005019,'1478877',1633,,1227,3,,,0
20005019,'1478878',1703,,1228,3,,,0
20005019,'1478879',1733,,1229,3,,,0
20005019,'1478880',1803,,1230,3,,,0
20005019,'1478881',1833,,1231,3,,,0
20005019,'1478882',1903,,1232,3,,,0
20005019,'1478883',1933,,1233,3,,,0
20005019,'1478884',2003,,1234,3,,,0
20005019,'1478885',2133,,1235,3,,,0
20005019,'1478886',2233,,1236,3,,,0
20005019,'1478887',2033,,1237,3,,,0
20005019,'1478888',503,,1238,3,,,0
20005019,'1478889',533,,1239,3,,,0
20005019,'1478890',603,,1240,3,,,0
20005019,'1479105',803,,1241,3,,,0
20005019,'1479106',833,,1242,3,,,0
20005019,'1479107',903,,1243,3,,,0
20005019,'1479108',933,,1244,3,,,0
20005019,'1479109',1003,,1245,3,,,0
20005019,'1479110',1033,,1246,3,,,0
20005019,'1479111',1103,,1247,3,,,0
20005019,'1479112',1133,,1248,3,,,0
20005019,'1479113',1203,,1249,3,,,0
20005019,'1479114',1233,,1250,3,,,0
20005019,'1479115',1303,,1251,3,,,0
20005019,'1479116',1333,,1252,3,,,0
20005019,'1479117',1403,,1253,3,,,0
20005019,'1479118',1433,,1254,3,,,0
20005019,'1479119',1503,,1255,3,,,0
20005019,'1479120',1533,,1256,3,,,0
20005019,'1479121',1603,,1257,3,,,0
20005019,'1479122',1633,,1258,3,,,0
20005019,'1479123',1703,,1259,3,,,0
20005019,'1479124',1733,,1260,3,,,0
20005019,'1479125',1803,,1261,3,,,0
20005019,'1479126',1833,,1262,3,,,0
20005019,'1479127',1903,,1263,3,,,0
20005019,'1479128',2003,,1264,3,,,0
20005019,'1482481',833,,1265,3,,,0
20005019,'1482482',933,,1266,3,,,0
20005019,'1482483',1033,,1267,3,,,0
20005019,'1482484',1133,,1268,3,,,0
20005019,'1482485',1233,,1269,3,,,0
20005019,'1482486',1333,,1270,3,,,0
20005019,'1482487',1433,,1271,3,,,0
20005019,'1482488',1533,,1272,3,,,0
20005019,'1482489',1633,,1273,3,,,0
20005019,'1482490',1733,,1274,3,,,0
