6029,'1478790',621,,775,26,,,0
6029,'1478791',721,,776,26,,,0
6029,'1478792',751,,777,26,,,0
6029,'1478793',821,,778,26,,,0
6029,'1478794',851,,779,26,,,0
6029,'1478795',921,,780,26,,,0
6029,'1478796',951,,781,26,,,0
6029,'1478797',1021,,782,26,,,0
6029,'1478798',1051,,783,26,,,0
6029,'1478799',1121,,784,26,,,0
6029,'1478800',1151,,785,26,,,0
6029,'1478801',1221,,786,26,,,0
6029,'1478802',1251,,787,26,,,0
6029,'1478803',1321,,788,26,,,0
6029,'1478804',1351,,789,26,,,0
6029,'1478805',1421,,790,26,,,0
6029,'1478806',1451,,791,26,,,0
6029,'1478807',1521,,792,26,,,0
6029,'1478808',1551,,793,26,,,0
6029,'1478809',1621,,794,26,,,0
6029,'1478810',1651,,795,26,,,0
6029,'1478811',1721,,796,26,,,0
6029,'1478812',1751,,797,26,,,0
6029,'1478813',1821,,798,26,,,0
6029,'1478814',1851,,799,26,,,0
6029,'1478815',1921,,800,26,,,0
6029,'1478816',1951,,801,26,,,0
6029,'1478817',2021,,802,26,,,0
6029,'1478818',2051,,803,26,,,0
6029,'1478819',2151,,804,26,,,0
6029,'1478820',2251,,805,26,,,0
6029,'1478854',551,,839,26,,,0
6029,'1478856',651,,841,26,,,0
6029,'1479084',651,,861,26,,,0
6029,'1479085',721,,862,26,,,0
6029,'1479086',751,,863,26,,,0
6029,'1479087',851,,864,26,,,0
6029,'1479088',951,,865,26,,,0
6029,'1479089',1051,,866,26,,,0
6029,'1479090',1151,,867,26,,,0
6029,'1479091',1251,,868,26,,,0
6029,'1479092',1351,,869,26,,,0
6029,'1479093',1451,,870,26,,,0
6029,'1479094',1551,,871,26,,,0
6029,'1479095',1651,,872,26,,,0
6029,'1479096',1751,,873,26,,,0
6029,'1479097',1851,,874,26,,,0
6029,'1479098',1951,,875,26,,,0
6029,'1479099',2051,,876,26,,,0
6029,'1479100',2151,,877,26,,,0
6029,'1479101',2251,,878,26,,,0
6029,'1479102',621,,879,26,,,0
6029,'1479104',821,,881,26,,,0
6029,'1482507',751,,898,26,,,0
6029,'1482508',851,,899,26,,,0
6029,'1482509',951,,900,26,,,0
6029,'1482510',1151,,901,26,,,0
6029,'1482511',1051,,902,26,,,0
6029,'1482512',1351,,903,26,,,0
6029,'1482513',1251,,904,26,,,0
6029,'1482514',1451,,905,26,,,0
6029,'1482515',1551,,906,26,,,0
6029,'1482516',1651,,907,26,,,0
6029,'1482517',1751,,908,26,,,0
6029,'1482518',1851,,909,26,,,0
6029,'1482519',1951,,910,26,,,0
6029,'1482520',2051,,911,26,,,0
6029,'1482521',2151,,912,26,,,0
140000019,'1478707',2350,,1275,26,,,0
140000019,'1478990',2350,,1276,26,,,0
140000019,'1482582',2250,,1277,26,,,0
