8019,'1478708',636,,1050,9,,,0
8019,'1478709',706,,1051,9,,,0
8019,'1478710',736,,1052,9,,,0
8019,'1478711',806,,1053,9,,,0
8019,'1478712',836,,1054,9,,,0
8019,'1478713',906,,1055,9,,,0
8019,'1478714',936,,1056,9,,,0
8019,'1478715',1006,,1057,9,,,0
8019,'1478716',1036,,1058,9,,,0
8019,'1478717',1106,,1059,9,,,0
8019,'1478718',1136,,1060,9,,,0
8019,'1478719',1206,,1061,9,,,0
8019,'1478720',1236,,1062,9,,,0
8019,'1478721',1306,,1063,9,,,0
8019,'1478722',1336,,1064,9,,,0
8019,'1478723',1406,,1065,9,,,0
8019,'1478724',1436,,1066,9,,,0
8019,'1478725',1506,,1067,9,,,0
8019,'1478726',1536,,1068,9,,,0
8019,'1478727',1606,,1069,9,,,0
8019,'1478728',1636,,1070,9,,,0
8019,'1478729',1706,,1071,9,,,0
8019,'1478730',1736,,1072,9,,,0
8019,'1478731',1806,,1073,9,,,0
8019,'1478732',1836,,1074,9,,,0
8019,'1478733',1936,,1075,9,,,0
8019,'1478734',2036,,1076,9,,,0
8019,'1478735',2136,,1077,9,,,0
8019,'1478736',2236,,1078,9,,,0
8019,'1478991',1436,,1079,9,,,0
8019,'1478992',1336,,1080,9,,,0
8019,'1478993',1506,,1081,9,,,0
8019,'1478994',1606,,1082,9,,,0
8019,'1478995',1706,,1083,9,,,0
8019,'1478996',1806,,1084,9,,,0
8019,'1478997',1906,,1085,9,,,0
8019,'1478998',2036,,1086,9,,,0
8019,'1478999',2206,,1087,9,,,0
8019,'1479000',1536,,1088,9,,,0
8019,'1479001',1736,,1089,9,,,0
8019,'1479002',1636,,1090,9,,,0
8019,'1479003',1836,,1091,9,,,0
8019,'1479004',2106,,1092,9,,,0
8019,'1479005',1936,,1093,9,,,0
8019,'1479006',1406,,1094,9,,,0
8019,'1479007',636,,1095,9,,,0
8019,'1479008',736,,1096,9,,,0
8019,'1479009',836,,1097,9,,,0
8019,'1479010',906,,1098,9,,,0
8019,'1479011',936,,1099,9,,,0
8019,'1479012',1006,,1100,9,,,0
8019,'1479013',1036,,1101,9,,,0
8019,'1479014',1106,,1102,9,,,0
8019,'1479015',1136,,1103,9,,,0
8019,'1479016',1206,,1104,9,,,0
8019,'1479017',1236,,1105,9,,,0
8019,'1479018',1306,,1106,9,,,0
8019,'1482560',736,,1107,9,,,0
8019,'1482561',836,,1108,9,,,0
8019,'1482562',936,,1109,9,,,0
8019,'1482563',1036,,1110,9,,,0
8019,'1482564',1236,,1111,9,,,0
8019,'1482565',1306,,1112,9,,,0
8019,'1482566',1336,,1113,9,,,0
8019,'1482567',1406,,1114,9,,,0
8019,'1482568',1436,,1115,9,,,0
8019,'1482569',1506,,1116,9,,,0
8019,'1482570',1536,,1117,9,,,0
8019,'1482571',1606,,1118,9,,,0
8019,'1482572',1636,,1119,9,,,0
8019,'1482573',1706,,1120,9,,,0
8019,'1482574',1736,,1121,9,,,0
8019,'1482575',1806,,1122,9,,,0
8019,'1482576',1836,,1123,9,,,0
8019,'1482577',1936,,1124,9,,,0
8019,'1482578',2036,,1125,9,,,0
8019,'1482579',2136,,1126,9,,,0
8019,'1482580',1136,,1127,9,,,0
8019,'1482581',1206,,1128,9,,,0
