6029,'1478790',616,,775,20,,,0
6029,'1478791',716,,776,20,,,0
6029,'1478792',746,,777,20,,,0
6029,'1478793',816,,778,20,,,0
6029,'1478794',846,,779,20,,,0
6029,'1478795',916,,780,20,,,0
6029,'1478796',946,,781,20,,,0
6029,'1478797',1016,,782,20,,,0
6029,'1478798',1046,,783,20,,,0
6029,'1478799',1116,,784,20,,,0
6029,'1478800',1146,,785,20,,,0
6029,'1478801',1216,,786,20,,,0
6029,'1478802',1246,,787,20,,,0
6029,'1478803',1316,,788,20,,,0
6029,'1478804',1346,,789,20,,,0
6029,'1478805',1416,,790,20,,,0
6029,'1478806',1446,,791,20,,,0
6029,'1478807',1516,,792,20,,,0
6029,'1478808',1546,,793,20,,,0
6029,'1478809',1616,,794,20,,,0
6029,'1478810',1646,,795,20,,,0
6029,'1478811',1716,,796,20,,,0
6029,'1478812',1746,,797,20,,,0
6029,'1478813',1816,,798,20,,,0
6029,'1478814',1846,,799,20,,,0
6029,'1478815',1916,,800,20,,,0
6029,'1478816',1946,,801,20,,,0
6029,'1478817',2016,,802,20,,,0
6029,'1478818',2046,,803,20,,,0
6029,'1478819',2146,,804,20,,,0
6029,'1478820',2246,,805,20,,,0
6029,'1478854',546,,839,20,,,0
6029,'1478856',646,,841,20,,,0
6029,'1479084',646,,861,20,,,0
6029,'1479085',716,,862,20,,,0
6029,'1479086',746,,863,20,,,0
6029,'1479087',846,,864,20,,,0
6029,'1479088',946,,865,20,,,0
6029,'1479089',1046,,866,20,,,0
6029,'1479090',1146,,867,20,,,0
6029,'1479091',1246,,868,20,,,0
6029,'1479092',1346,,869,20,,,0
6029,'1479093',1446,,870,20,,,0
6029,'1479094',1546,,871,20,,,0
6029,'1479095',1646,,872,20,,,0
6029,'1479096',1746,,873,20,,,0
6029,'1479097',1846,,874,20,,,0
6029,'1479098',1946,,875,20,,,0
6029,'1479099',2046,,876,20,,,0
6029,'1479100',2146,,877,20,,,0
6029,'1479101',2246,,878,20,,,0
6029,'1479102',616,,879,20,,,0
6029,'1479104',816,,881,20,,,0
6029,'1482507',746,,898,20,,,0
6029,'1482508',846,,899,20,,,0
6029,'1482509',946,,900,20,,,0
6029,'1482510',1146,,901,20,,,0
6029,'1482511',1046,,902,20,,,0
6029,'1482512',1346,,903,20,,,0
6029,'1482513',1246,,904,20,,,0
6029,'1482514',1446,,905,20,,,0
6029,'1482515',1546,,906,20,,,0
6029,'1482516',1646,,907,20,,,0
6029,'1482517',1746,,908,20,,,0
6029,'1482518',1846,,909,20,,,0
6029,'1482519',1946,,910,20,,,0
6029,'1482520',2046,,911,20,,,0
6029,'1482521',2146,,912,20,,,0
140000019,'1478707',2345,,1275,20,,,0
140000019,'1478990',2345,,1276,20,,,0
140000019,'1482582',2245,,1277,20,,,0
