2019,'1478569',638,,186,11,,,0
2019,'1478570',708,,187,11,,,0
2019,'1478571',1432,,188,11,,,0
2019,'1478572',752,,189,11,,,0
2019,'1478573',1512,,190,11,,,0
2019,'1478574',1112,,191,11,,,0
2019,'1478575',952,,192,11,,,0
2019,'1478576',1232,,193,11,,,0
2019,'1478577',832,,194,11,,,0
2019,'1478578',1152,,195,11,,,0
2019,'1478579',1312,,196,11,,,0
2019,'1478580',1032,,197,11,,,0
2019,'1478581',1352,,198,11,,,0
2019,'1478582',1552,,199,11,,,0
2019,'1478583',1632,,200,11,,,0
2019,'1478584',1752,,201,11,,,0
2019,'1478585',1712,,202,11,,,0
2019,'1478586',1912,,203,11,,,0
2019,'1478587',1832,,204,11,,,0
2019,'1478588',1952,,205,11,,,0
2019,'1478589',2032,,206,11,,,0
2019,'1478590',2108,,207,11,,,0
2019,'1478591',2238,,208,11,,,0
2019,'1478592',912,,209,11,,,0
2019,'1478596',508,,213,11,,,0
2019,'1478597',538,,214,11,,,0
2019,'1478599',608,,216,11,,,0
2019,'1478623',728,,240,11,,,0
2019,'1478624',2052,,241,11,,,0
2019,'1478625',812,,242,11,,,0
2019,'1478626',852,,243,11,,,0
2019,'1478627',932,,244,11,,,0
2019,'1478628',1012,,245,11,,,0
2019,'1478629',1052,,246,11,,,0
2019,'1478630',1132,,247,11,,,0
2019,'1478631',1212,,248,11,,,0
2019,'1478632',1252,,249,11,,,0
2019,'1478633',1332,,250,11,,,0
2019,'1478634',1412,,251,11,,,0
2019,'1478635',1452,,252,11,,,0
2019,'1478636',1532,,253,11,,,0
2019,'1478637',1612,,254,11,,,0
2019,'1478638',1652,,255,11,,,0
2019,'1478639',1732,,256,11,,,0
2019,'1478640',1812,,257,11,,,0
2019,'1478641',1852,,258,11,,,0
2019,'1478642',1932,,259,11,,,0
2019,'1478643',2012,,260,11,,,0
2019,'1479288',638,,261,11,,,0
2019,'1479289',738,,262,11,,,0
2019,'1479292',808,,265,11,,,0
2019,'1479293',849,,266,11,,,0
2019,'1479294',929,,267,11,,,0
2019,'1479295',1009,,268,11,,,0
2019,'1479296',1049,,269,11,,,0
2019,'1479297',1129,,270,11,,,0
2019,'1479298',1209,,271,11,,,0
2019,'1479306',1249,,279,11,,,0
2019,'1479307',1329,,280,11,,,0
2019,'1479308',1409,,281,11,,,0
2019,'1479309',1449,,282,11,,,0
2019,'1479310',1529,,283,11,,,0
2019,'1479311',1609,,284,11,,,0
2019,'1479312',1649,,285,11,,,0
2019,'1479313',1729,,286,11,,,0
2019,'1479314',1809,,287,11,,,0
2019,'1479323',1929,,296,11,,,0
2019,'1479326',2048,,299,11,,,0
2019,'1479327',2148,,300,11,,,0
2019,'1479331',2009,,304,11,,,0
2019,'1479334',2248,,307,11,,,0
2019,'1479335',1849,,308,11,,,0
2019,'1482309',738,,309,11,,,0
2019,'1482310',812,,310,11,,,0
2019,'1482311',852,,311,11,,,0
2019,'1482312',932,,312,11,,,0
2019,'1482313',1012,,313,11,,,0
2019,'1482314',1052,,314,11,,,0
2019,'1482315',1132,,315,11,,,0
2019,'1482316',1212,,316,11,,,0
2019,'1482317',1252,,317,11,,,0
2019,'1482318',1332,,318,11,,,0
2019,'1482319',1412,,319,11,,,0
2019,'1482320',1452,,320,11,,,0
2019,'1482321',1532,,321,11,,,0
2019,'1482322',1612,,322,11,,,0
2019,'1482323',1652,,323,11,,,0
2019,'1482324',1732,,324,11,,,0
2019,'1482325',1812,,325,11,,,0
2019,'1482326',1908,,326,11,,,0
2019,'1482327',2008,,327,11,,,0
2019,'1482328',2108,,328,11,,,0
2019,'1482349',2208,,349,11,,,0
