8019,'1478708',641,,1050,16,,,0
8019,'1478709',711,,1051,16,,,0
8019,'1478710',741,,1052,16,,,0
8019,'1478711',811,,1053,16,,,0
8019,'1478712',841,,1054,16,,,0
8019,'1478713',911,,1055,16,,,0
8019,'1478714',941,,1056,16,,,0
8019,'1478715',1012,,1057,16,,,0
8019,'1478716',1042,,1058,16,,,0
8019,'1478717',1112,,1059,16,,,0
8019,'1478718',1142,,1060,16,,,0
8019,'1478719',1212,,1061,16,,,0
8019,'1478720',1242,,1062,16,,,0
8019,'1478721',1312,,1063,16,,,0
8019,'1478722',1342,,1064,16,,,0
8019,'1478723',1412,,1065,16,,,0
8019,'1478724',1442,,1066,16,,,0
8019,'1478725',1512,,1067,16,,,0
8019,'1478726',1542,,1068,16,,,0
8019,'1478727',1612,,1069,16,,,0
8019,'1478728',1642,,1070,16,,,0
8019,'1478729',1712,,1071,16,,,0
8019,'1478730',1741,,1072,16,,,0
8019,'1478731',1811,,1073,16,,,0
8019,'1478732',1841,,1074,16,,,0
8019,'1478733',1941,,1075,16,,,0
8019,'1478734',2041,,1076,16,,,0
8019,'1478735',2141,,1077,16,,,0
8019,'1478736',2241,,1078,16,,,0
8019,'1478991',1442,,1079,16,,,0
8019,'1478992',1342,,1080,16,,,0
8019,'1478993',1512,,1081,16,,,0
8019,'1478994',1612,,1082,16,,,0
8019,'1478995',1712,,1083,16,,,0
8019,'1478996',1811,,1084,16,,,0
8019,'1478997',1911,,1085,16,,,0
8019,'1478998',2041,,1086,16,,,0
8019,'1478999',2211,,1087,16,,,0
8019,'1479000',1542,,1088,16,,,0
8019,'1479001',1741,,1089,16,,,0
8019,'1479002',1642,,1090,16,,,0
8019,'1479003',1841,,1091,16,,,0
8019,'1479004',2111,,1092,16,,,0
8019,'1479005',1941,,1093,16,,,0
8019,'1479006',1412,,1094,16,,,0
8019,'1479007',641,,1095,16,,,0
8019,'1479008',741,,1096,16,,,0
8019,'1479009',841,,1097,16,,,0
8019,'1479010',911,,1098,16,,,0
8019,'1479011',941,,1099,16,,,0
8019,'1479012',1012,,1100,16,,,0
8019,'1479013',1042,,1101,16,,,0
8019,'1479014',1112,,1102,16,,,0
8019,'1479015',1142,,1103,16,,,0
8019,'1479016',1212,,1104,16,,,0
8019,'1479017',1242,,1105,16,,,0
8019,'1479018',1312,,1106,16,,,0
8019,'1482560',741,,1107,16,,,0
8019,'1482561',841,,1108,16,,,0
8019,'1482562',941,,1109,16,,,0
8019,'1482563',1042,,1110,16,,,0
8019,'1482564',1242,,1111,16,,,0
8019,'1482565',1312,,1112,16,,,0
8019,'1482566',1342,,1113,16,,,0
8019,'1482567',1412,,1114,16,,,0
8019,'1482568',1442,,1115,16,,,0
8019,'1482569',1512,,1116,16,,,0
8019,'1482570',1542,,1117,16,,,0
8019,'1482571',1612,,1118,16,,,0
8019,'1482572',1642,,1119,16,,,0
8019,'1482573',1712,,1120,16,,,0
8019,'1482574',1741,,1121,16,,,0
8019,'1482575',1811,,1122,16,,,0
8019,'1482576',1841,,1123,16,,,0
8019,'1482577',1941,,1124,16,,,0
8019,'1482578',2041,,1125,16,,,0
8019,'1482579',2141,,1126,16,,,0
8019,'1482580',1141,,1127,16,,,0
8019,'1482581',1212,,1128,16,,,0
