10005019,'1478891',607,,1129,8,,,0
10005019,'1478892',707,,1130,8,,,0
10005019,'1478893',737,,1131,8,,,0
10005019,'1478894',807,,1132,8,,,0
10005019,'1478895',837,,1133,8,,,0
10005019,'1478896',907,,1134,8,,,0
10005019,'1478897',937,,1135,8,,,0
10005019,'1478898',1007,,1136,8,,,0
10005019,'1478899',1037,,1137,8,,,0
10005019,'1478900',1107,,1138,8,,,0
10005019,'1478901',1137,,1139,8,,,0
10005019,'1478902',1207,,1140,8,,,0
10005019,'1478903',1237,,1141,8,,,0
10005019,'1478904',1307,,1142,8,,,0
10005019,'1478905',1337,,1143,8,,,0
10005019,'1478906',1407,,1144,8,,,0
10005019,'1478907',1437,,1145,8,,,0
10005019,'1478908',1507,,1146,8,,,0
10005019,'1478909',1537,,1147,8,,,0
10005019,'1478910',1607,,1148,8,,,0
10005019,'1478911',1637,,1149,8,,,0
10005019,'1478912',1707,,1150,8,,,0
10005019,'1478913',1737,,1151,8,,,0
10005019,'1478914',1807,,1152,8,,,0
10005019,'1478915',1837,,1153,8,,,0
10005019,'1478916',1907,,1154,8,,,0
10005019,'1478917',1937,,1155,8,,,0
10005019,'1478918',2007,,1156,8,,,0
10005019,'1478919',2037,,1157,8,,,0
10005019,'1478920',2107,,1158,8,,,0
10005019,'1478921',2307,,1159,8,,,0
10005019,'1478922',2207,,1160,8,,,0
10005019,'1478923',637,,1161,8,,,0
10005019,'1479129',607,,1162,8,,,0
10005019,'1479130',707,,1163,8,,,0
10005019,'1479131',807,,1164,8,,,0
10005019,'1479132',837,,1165,8,,,0
10005019,'1479133',907,,1166,8,,,0
10005019,'1479134',937,,1167,8,,,0
10005019,'1479135',1007,,1168,8,,,0
10005019,'1479136',1037,,1169,8,,,0
10005019,'1479137',1107,,1170,8,,,0
10005019,'1479138',1137,,1171,8,,,0
10005019,'1479139',1207,,1172,8,,,0
10005019,'1479140',1237,,1173,8,,,0
10005019,'1479141',1307,,1174,8,,,0
10005019,'1479142',1337,,1175,8,,,0
10005019,'1479143',1407,,1176,8,,,0
10005019,'1479144',1437,,1177,8,,,0
10005019,'1479145',1507,,1178,8,,,0
10005019,'1479146',1537,,1179,8,,,0
10005019,'1479147',1607,,1180,8,,,0
10005019,'1479148',1637,,1181,8,,,0
10005019,'1479149',1707,,1182,8,,,0
10005019,'1479150',1737,,1183,8,,,0
10005019,'1479151',1807,,1184,8,,,0
10005019,'1479152',1837,,1185,8,,,0
10005019,'1479153',1907,,1186,8,,,0
10005019,'1479154',2007,,1187,8,,,0
10005019,'1479155',2107,,1188,8,,,0
10005019,'1479156',2207,,1189,8,,,0
10005019,'1479157',2307,,1190,8,,,0
10005019,'1482465',707,,1191,8,,,0
10005019,'1482466',807,,1192,8,,,0
10005019,'1482467',907,,1193,8,,,0
10005019,'1482468',1007,,1194,8,,,0
10005019,'1482469',1107,,1195,8,,,0
10005019,'1482470',1207,,1196,8,,,0
10005019,'1482471',1307,,1197,8,,,0
10005019,'1482472',1407,,1198,8,,,0
10005019,'1482473',1507,,1199,8,,,0
10005019,'1482474',1607,,1200,8,,,0
10005019,'1482475',1707,,1201,8,,,0
10005019,'1482476',1807,,1202,8,,,0
10005019,'1482477',1837,,1203,8,,,0
10005019,'1482478',1937,,1204,8,,,0
10005019,'1482479',2037,,1205,8,,,0
10005019,'1482480',2137,,1206,8,,,0
