1019,'1478675',2206,,32,6,,,0
1019,'1478676',621,,33,6,,,0
1019,'1478677',651,,34,6,,,0
1019,'1478678',721,,35,6,,,0
1019,'1478679',751,,36,6,,,0
1019,'1478680',821,,37,6,,,0
1019,'1478681',851,,38,6,,,0
1019,'1478682',921,,39,6,,,0
1019,'1478683',951,,40,6,,,0
1019,'1478684',1021,,41,6,,,0
1019,'1478685',1051,,42,6,,,0
1019,'1478686',1129,,43,6,,,0
1019,'1478687',1209,,44,6,,,0
1019,'1478688',1249,,45,6,,,0
1019,'1478689',1329,,46,6,,,0
1019,'1478690',1409,,47,6,,,0
1019,'1478691',1449,,48,6,,,0
1019,'1478692',1529,,49,6,,,0
1019,'1478693',1609,,50,6,,,0
1019,'1478694',1649,,51,6,,,0
1019,'1478695',1729,,52,6,,,0
1019,'1478696',1806,,53,6,,,0
1019,'1478697',1836,,54,6,,,0
1019,'1478698',1906,,55,6,,,0
1019,'1478699',1936,,56,6,,,0
1019,'1478700',2006,,57,6,,,0
1019,'1478701',2036,,58,6,,,0
1019,'1478702',2106,,59,6,,,0
1019,'1478703',2136,,60,6,,,0
1019,'1478704',2236,,61,6,,,0
1019,'1478705',2306,,62,6,,,0
1019,'1479338',606,,66,6,,,0
1019,'1479339',706,,67,6,,,0
1019,'1479346',806,,74,6,,,0
1019,'1479347',836,,75,6,,,0
1019,'1479348',906,,76,6,,,0
1019,'1479349',936,,77,6,,,0
1019,'1479350',1009,,78,6,,,0
1019,'1479351',1049,,79,6,,,0
1019,'1479352',1129,,80,6,,,0
1019,'1479360',1806,,88,6,,,0
1019,'1479366',1209,,94,6,,,0
1019,'1479367',1249,,95,6,,,0
1019,'1479368',1729,,96,6,,,0
1019,'1479369',1329,,97,6,,,0
1019,'1479370',1409,,98,6,,,0
1019,'1479371',1449,,99,6,,,0
1019,'1479372',1529,,100,6,,,0
1019,'1479373',1649,,101,6,,,0
1019,'1479374',1609,,102,6,,,0
1019,'1479375',2216,,103,6,,,0
1019,'1479376',2116,,104,6,,,0
1019,'1479383',1836,,111,6,,,0
1019,'1479384',1906,,112,6,,,0
1019,'1479385',1936,,113,6,,,0
1019,'1479386',2006,,114,6,,,0
1019,'1479387',2036,,115,6,,,0
1019,'1482261',706,,116,6,,,0
1019,'1482262',806,,117,6,,,0
1019,'1482263',836,,118,6,,,0
1019,'1482264',906,,119,6,,,0
1019,'1482265',936,,120,6,,,0
1019,'1482266',1006,,121,6,,,0
1019,'1482267',1036,,122,6,,,0
1019,'1482268',1109,,123,6,,,0
1019,'1482269',1149,,124,6,,,0
1019,'1482270',1229,,125,6,,,0
1019,'1482271',1309,,126,6,,,0
1019,'1482272',1349,,127,6,,,0
1019,'1482273',1429,,128,6,,,0
1019,'1482274',1509,,129,6,,,0
1019,'1482275',1549,,130,6,,,0
1019,'1482276',1629,,131,6,,,0
1019,'1482277',1706,,132,6,,,0
1019,'1482278',1736,,133,6,,,0
1019,'1482279',1806,,134,6,,,0
1019,'1482280',1836,,135,6,,,0
1019,'1482281',1906,,136,6,,,0
1019,'1482282',2006,,137,6,,,0
1019,'1482283',2106,,138,6,,,0
1019,'1482284',2206,,139,6,,,0
