8019,'1478708',641,,1050,17,,,0
8019,'1478709',711,,1051,17,,,0
8019,'1478710',741,,1052,17,,,0
8019,'1478711',811,,1053,17,,,0
8019,'1478712',841,,1054,17,,,0
8019,'1478713',911,,1055,17,,,0
8019,'1478714',941,,1056,17,,,0
8019,'1478715',1013,,1057,17,,,0
8019,'1478716',1043,,1058,17,,,0
8019,'1478717',1113,,1059,17,,,0
8019,'1478718',1143,,1060,17,,,0
8019,'1478719',1213,,1061,17,,,0
8019,'1478720',1243,,1062,17,,,0
8019,'1478721',1313,,1063,17,,,0
8019,'1478722',1343,,1064,17,,,0
8019,'1478723',1413,,1065,17,,,0
8019,'1478724',1443,,1066,17,,,0
8019,'1478725',1513,,1067,17,,,0
8019,'1478726',1543,,1068,17,,,0
8019,'1478727',1613,,1069,17,,,0
8019,'1478728',1643,,1070,17,,,0
8019,'1478729',1713,,1071,17,,,0
8019,'1478730',1741,,1072,17,,,0
8019,'1478731',1811,,1073,17,,,0
8019,'1478732',1841,,1074,17,,,0
8019,'1478733',1941,,1075,17,,,0
8019,'1478734',2041,,1076,17,,,0
8019,'1478735',2141,,1077,17,,,0
8019,'1478736',2241,,1078,17,,,0
8019,'1478991',1443,,1079,17,,,0
8019,'1478992',1343,,1080,17,,,0
8019,'1478993',1513,,1081,17,,,0
8019,'1478994',1613,,1082,17,,,0
8019,'1478995',1713,,1083,17,,,0
8019,'1478996',1811,,1084,17,,,0
8019,'1478997',1911,,1085,17,,,0
8019,'1478998',2041,,1086,17,,,0
8019,'1478999',2211,,1087,17,,,0
8019,'1479000',1543,,1088,17,,,0
8019,'1479001',1741,,1089,17,,,0
8019,'1479002',1643,,1090,17,,,0
8019,'1479003',1841,,1091,17,,,0
8019,'1479004',2111,,1092,17,,,0
8019,'1479005',1941,,1093,17,,,0
8019,'1479006',1413,,1094,17,,,0
8019,'1479007',641,,1095,17,,,0
8019,'1479008',741,,1096,17,,,0
8019,'1479009',841,,1097,17,,,0
8019,'1479010',911,,1098,17,,,0
8019,'1479011',941,,1099,17,,,0
8019,'1479012',1013,,1100,17,,,0
8019,'1479013',1043,,1101,17,,,0
8019,'1479014',1113,,1102,17,,,0
8019,'1479015',1143,,1103,17,,,0
8019,'1479016',1213,,1104,17,,,0
8019,'1479017',1243,,1105,17,,,0
8019,'1479018',1313,,1106,17,,,0
8019,'1482560',741,,1107,17,,,0
8019,'1482561',841,,1108,17,,,0
8019,'1482562',941,,1109,17,,,0
8019,'1482563',1043,,1110,17,,,0
8019,'1482564',1243,,1111,17,,,0
8019,'1482565',1313,,1112,17,,,0
8019,'1482566',1343,,1113,17,,,0
8019,'1482567',1413,,1114,17,,,0
8019,'1482568',1443,,1115,17,,,0
8019,'1482569',1513,,1116,17,,,0
8019,'1482570',1543,,1117,17,,,0
8019,'1482571',1613,,1118,17,,,0
8019,'1482572',1643,,1119,17,,,0
8019,'1482573',1713,,1120,17,,,0
8019,'1482574',1741,,1121,17,,,0
8019,'1482575',1811,,1122,17,,,0
8019,'1482576',1841,,1123,17,,,0
8019,'1482577',1941,,1124,17,,,0
8019,'1482578',2041,,1125,17,,,0
8019,'1482579',2141,,1126,17,,,0
8019,'1482580',1141,,1127,17,,,0
8019,'1482581',1213,,1128,17,,,0
