10005019,'1478891',609,,1129,9,,,0
10005019,'1478892',709,,1130,9,,,0
10005019,'1478893',739,,1131,9,,,0
10005019,'1478894',809,,1132,9,,,0
10005019,'1478895',839,,1133,9,,,0
10005019,'1478896',909,,1134,9,,,0
10005019,'1478897',939,,1135,9,,,0
10005019,'1478898',1009,,1136,9,,,0
10005019,'1478899',1039,,1137,9,,,0
10005019,'1478900',1109,,1138,9,,,0
10005019,'1478901',1139,,1139,9,,,0
10005019,'1478902',1209,,1140,9,,,0
10005019,'1478903',1239,,1141,9,,,0
10005019,'1478904',1309,,1142,9,,,0
10005019,'1478905',1339,,1143,9,,,0
10005019,'1478906',1409,,1144,9,,,0
10005019,'1478907',1439,,1145,9,,,0
10005019,'1478908',1509,,1146,9,,,0
10005019,'1478909',1539,,1147,9,,,0
10005019,'1478910',1609,,1148,9,,,0
10005019,'1478911',1639,,1149,9,,,0
10005019,'1478912',1709,,1150,9,,,0
10005019,'1478913',1739,,1151,9,,,0
10005019,'1478914',1809,,1152,9,,,0
10005019,'1478915',1839,,1153,9,,,0
10005019,'1478916',1909,,1154,9,,,0
10005019,'1478917',1939,,1155,9,,,0
10005019,'1478918',2009,,1156,9,,,0
10005019,'1478919',2039,,1157,9,,,0
10005019,'1478920',2109,,1158,9,,,0
10005019,'1478921',2309,,1159,9,,,0
10005019,'1478922',2209,,1160,9,,,0
10005019,'1478923',639,,1161,9,,,0
10005019,'1479129',608,,1162,9,,,0
10005019,'1479130',708,,1163,9,,,0
10005019,'1479131',809,,1164,9,,,0
10005019,'1479132',839,,1165,9,,,0
10005019,'1479133',909,,1166,9,,,0
10005019,'1479134',939,,1167,9,,,0
10005019,'1479135',1009,,1168,9,,,0
10005019,'1479136',1039,,1169,9,,,0
10005019,'1479137',1109,,1170,9,,,0
10005019,'1479138',1139,,1171,9,,,0
10005019,'1479139',1209,,1172,9,,,0
10005019,'1479140',1239,,1173,9,,,0
10005019,'1479141',1309,,1174,9,,,0
10005019,'1479142',1339,,1175,9,,,0
10005019,'1479143',1409,,1176,9,,,0
10005019,'1479144',1439,,1177,9,,,0
10005019,'1479145',1509,,1178,9,,,0
10005019,'1479146',1539,,1179,9,,,0
10005019,'1479147',1609,,1180,9,,,0
10005019,'1479148',1639,,1181,9,,,0
10005019,'1479149',1709,,1182,9,,,0
10005019,'1479150',1739,,1183,9,,,0
10005019,'1479151',1809,,1184,9,,,0
10005019,'1479152',1839,,1185,9,,,0
10005019,'1479153',1909,,1186,9,,,0
10005019,'1479154',2009,,1187,9,,,0
10005019,'1479155',2109,,1188,9,,,0
10005019,'1479156',2209,,1189,9,,,0
10005019,'1479157',2309,,1190,9,,,0
10005019,'1482465',709,,1191,9,,,0
10005019,'1482466',809,,1192,9,,,0
10005019,'1482467',909,,1193,9,,,0
10005019,'1482468',1009,,1194,9,,,0
10005019,'1482469',1109,,1195,9,,,0
10005019,'1482470',1209,,1196,9,,,0
10005019,'1482471',1309,,1197,9,,,0
10005019,'1482472',1409,,1198,9,,,0
10005019,'1482473',1509,,1199,9,,,0
10005019,'1482474',1609,,1200,9,,,0
10005019,'1482475',1709,,1201,9,,,0
10005019,'1482476',1809,,1202,9,,,0
10005019,'1482477',1839,,1203,9,,,0
10005019,'1482478',1939,,1204,9,,,0
10005019,'1482479',2039,,1205,9,,,0
10005019,'1482480',2139,,1206,9,,,0
