8019,'1478708',642,,1050,18,,,0
8019,'1478709',712,,1051,18,,,0
8019,'1478710',742,,1052,18,,,0
8019,'1478711',812,,1053,18,,,0
8019,'1478712',842,,1054,18,,,0
8019,'1478713',912,,1055,18,,,0
8019,'1478714',942,,1056,18,,,0
8019,'1478715',1014,,1057,18,,,0
8019,'1478716',1044,,1058,18,,,0
8019,'1478717',1114,,1059,18,,,0
8019,'1478718',1144,,1060,18,,,0
8019,'1478719',1214,,1061,18,,,0
8019,'1478720',1244,,1062,18,,,0
8019,'1478721',1314,,1063,18,,,0
8019,'1478722',1344,,1064,18,,,0
8019,'1478723',1414,,1065,18,,,0
8019,'1478724',1444,,1066,18,,,0
8019,'1478725',1514,,1067,18,,,0
8019,'1478726',1544,,1068,18,,,0
8019,'1478727',1614,,1069,18,,,0
8019,'1478728',1644,,1070,18,,,0
8019,'1478729',1714,,1071,18,,,0
8019,'1478730',1742,,1072,18,,,0
8019,'1478731',1812,,1073,18,,,0
8019,'1478732',1842,,1074,18,,,0
8019,'1478733',1942,,1075,18,,,0
8019,'1478734',2042,,1076,18,,,0
8019,'1478735',2142,,1077,18,,,0
8019,'1478736',2242,,1078,18,,,0
8019,'1478991',1444,,1079,18,,,0
8019,'1478992',1344,,1080,18,,,0
8019,'1478993',1514,,1081,18,,,0
8019,'1478994',1614,,1082,18,,,0
8019,'1478995',1714,,1083,18,,,0
8019,'1478996',1812,,1084,18,,,0
8019,'1478997',1912,,1085,18,,,0
8019,'1478998',2042,,1086,18,,,0
8019,'1478999',2212,,1087,18,,,0
8019,'1479000',1544,,1088,18,,,0
8019,'1479001',1742,,1089,18,,,0
8019,'1479002',1644,,1090,18,,,0
8019,'1479003',1842,,1091,18,,,0
8019,'1479004',2112,,1092,18,,,0
8019,'1479005',1942,,1093,18,,,0
8019,'1479006',1414,,1094,18,,,0
8019,'1479007',642,,1095,18,,,0
8019,'1479008',742,,1096,18,,,0
8019,'1479009',842,,1097,18,,,0
8019,'1479010',912,,1098,18,,,0
8019,'1479011',942,,1099,18,,,0
8019,'1479012',1014,,1100,18,,,0
8019,'1479013',1044,,1101,18,,,0
8019,'1479014',1114,,1102,18,,,0
8019,'1479015',1144,,1103,18,,,0
8019,'1479016',1214,,1104,18,,,0
8019,'1479017',1244,,1105,18,,,0
8019,'1479018',1314,,1106,18,,,0
8019,'1482560',742,,1107,18,,,0
8019,'1482561',842,,1108,18,,,0
8019,'1482562',942,,1109,18,,,0
8019,'1482563',1044,,1110,18,,,0
8019,'1482564',1244,,1111,18,,,0
8019,'1482565',1314,,1112,18,,,0
8019,'1482566',1344,,1113,18,,,0
8019,'1482567',1414,,1114,18,,,0
8019,'1482568',1444,,1115,18,,,0
8019,'1482569',1514,,1116,18,,,0
8019,'1482570',1544,,1117,18,,,0
8019,'1482571',1614,,1118,18,,,0
8019,'1482572',1644,,1119,18,,,0
8019,'1482573',1714,,1120,18,,,0
8019,'1482574',1742,,1121,18,,,0
8019,'1482575',1812,,1122,18,,,0
8019,'1482576',1842,,1123,18,,,0
8019,'1482577',1942,,1124,18,,,0
8019,'1482578',2042,,1125,18,,,0
8019,'1482579',2142,,1126,18,,,0
8019,'1482580',1142,,1127,18,,,0
8019,'1482581',1214,,1128,18,,,0
