10005019,'1478891',604,,1129,4,,,0
10005019,'1478892',704,,1130,4,,,0
10005019,'1478893',734,,1131,4,,,0
10005019,'1478894',804,,1132,4,,,0
10005019,'1478895',834,,1133,4,,,0
10005019,'1478896',904,,1134,4,,,0
10005019,'1478897',934,,1135,4,,,0
10005019,'1478898',1004,,1136,4,,,0
10005019,'1478899',1034,,1137,4,,,0
10005019,'1478900',1104,,1138,4,,,0
10005019,'1478901',1134,,1139,4,,,0
10005019,'1478902',1204,,1140,4,,,0
10005019,'1478903',1234,,1141,4,,,0
10005019,'1478904',1304,,1142,4,,,0
10005019,'1478905',1334,,1143,4,,,0
10005019,'1478906',1404,,1144,4,,,0
10005019,'1478907',1434,,1145,4,,,0
10005019,'1478908',1504,,1146,4,,,0
10005019,'1478909',1534,,1147,4,,,0
10005019,'1478910',1604,,1148,4,,,0
10005019,'1478911',1634,,1149,4,,,0
10005019,'1478912',1704,,1150,4,,,0
10005019,'1478913',1734,,1151,4,,,0
10005019,'1478914',1804,,1152,4,,,0
10005019,'1478915',1834,,1153,4,,,0
10005019,'1478916',1904,,1154,4,,,0
10005019,'1478917',1934,,1155,4,,,0
10005019,'1478918',2004,,1156,4,,,0
10005019,'1478919',2034,,1157,4,,,0
10005019,'1478920',2104,,1158,4,,,0
10005019,'1478921',2304,,1159,4,,,0
10005019,'1478922',2204,,1160,4,,,0
10005019,'1478923',634,,1161,4,,,0
10005019,'1479129',604,,1162,4,,,0
10005019,'1479130',704,,1163,4,,,0
10005019,'1479131',804,,1164,4,,,0
10005019,'1479132',834,,1165,4,,,0
10005019,'1479133',904,,1166,4,,,0
10005019,'1479134',934,,1167,4,,,0
10005019,'1479135',1004,,1168,4,,,0
10005019,'1479136',1034,,1169,4,,,0
10005019,'1479137',1104,,1170,4,,,0
10005019,'1479138',1134,,1171,4,,,0
10005019,'1479139',1204,,1172,4,,,0
10005019,'1479140',1234,,1173,4,,,0
10005019,'1479141',1304,,1174,4,,,0
10005019,'1479142',1334,,1175,4,,,0
10005019,'1479143',1404,,1176,4,,,0
10005019,'1479144',1434,,1177,4,,,0
10005019,'1479145',1504,,1178,4,,,0
10005019,'1479146',1534,,1179,4,,,0
10005019,'1479147',1604,,1180,4,,,0
10005019,'1479148',1634,,1181,4,,,0
10005019,'1479149',1704,,1182,4,,,0
10005019,'1479150',1734,,1183,4,,,0
10005019,'1479151',1804,,1184,4,,,0
10005019,'1479152',1834,,1185,4,,,0
10005019,'1479153',1904,,1186,4,,,0
10005019,'1479154',2004,,1187,4,,,0
10005019,'1479155',2104,,1188,4,,,0
10005019,'1479156',2204,,1189,4,,,0
10005019,'1479157',2304,,1190,4,,,0
10005019,'1482465',704,,1191,4,,,0
10005019,'1482466',804,,1192,4,,,0
10005019,'1482467',904,,1193,4,,,0
10005019,'1482468',1004,,1194,4,,,0
10005019,'1482469',1104,,1195,4,,,0
10005019,'1482470',1204,,1196,4,,,0
10005019,'1482471',1304,,1197,4,,,0
10005019,'1482472',1404,,1198,4,,,0
10005019,'1482473',1504,,1199,4,,,0
10005019,'1482474',1604,,1200,4,,,0
10005019,'1482475',1704,,1201,4,,,0
10005019,'1482476',1804,,1202,4,,,0
10005019,'1482477',1834,,1203,4,,,0
10005019,'1482478',1934,,1204,4,,,0
10005019,'1482479',2034,,1205,4,,,0
10005019,'1482480',2134,,1206,4,,,0
