20005019,'1478857',653,,1207,23,,,0
20005019,'1478858',723,,1208,23,,,0
20005019,'1478859',753,,1209,23,,,0
20005019,'1478860',823,,1210,23,,,0
20005019,'1478861',853,,1211,23,,,0
20005019,'1478862',923,,1212,23,,,0
20005019,'1478863',953,,1213,23,,,0
20005019,'1478864',1023,,1214,23,,,0
20005019,'1478865',1053,,1215,23,,,0
20005019,'1478866',1123,,1216,23,,,0
20005019,'1478867',1153,,1217,23,,,0
20005019,'1478868',1223,,1218,23,,,0
20005019,'1478869',1253,,1219,23,,,0
20005019,'1478870',1323,,1220,23,,,0
20005019,'1478871',1353,,1221,23,,,0
20005019,'1478872',1423,,1222,23,,,0
20005019,'1478873',1453,,1223,23,,,0
20005019,'1478874',1523,,1224,23,,,0
20005019,'1478875',1553,,1225,23,,,0
20005019,'1478876',1623,,1226,23,,,0
20005019,'1478877',1653,,1227,23,,,0
20005019,'1478878',1723,,1228,23,,,0
20005019,'1478879',1753,,1229,23,,,0
20005019,'1478880',1823,,1230,23,,,0
20005019,'1478881',1853,,1231,23,,,0
20005019,'1478882',1923,,1232,23,,,0
20005019,'1478883',1953,,1233,23,,,0
20005019,'1478884',2023,,1234,23,,,0
20005019,'1478885',2153,,1235,23,,,0
20005019,'1478886',2253,,1236,23,,,0
20005019,'1478887',2053,,1237,23,,,0
20005019,'1478888',523,,1238,23,,,0
20005019,'1478889',553,,1239,23,,,0
20005019,'1478890',623,,1240,23,,,0
20005019,'1479105',823,,1241,23,,,0
20005019,'1479106',853,,1242,23,,,0
20005019,'1479107',923,,1243,23,,,0
20005019,'1479108',953,,1244,23,,,0
20005019,'1479109',1023,,1245,23,,,0
20005019,'1479110',1053,,1246,23,,,0
20005019,'1479111',1123,,1247,23,,,0
20005019,'1479112',1153,,1248,23,,,0
20005019,'1479113',1223,,1249,23,,,0
20005019,'1479114',1253,,1250,23,,,0
20005019,'1479115',1323,,1251,23,,,0
20005019,'1479116',1353,,1252,23,,,0
20005019,'1479117',1423,,1253,23,,,0
20005019,'1479118',1453,,1254,23,,,0
20005019,'1479119',1523,,1255,23,,,0
20005019,'1479120',1553,,1256,23,,,0
20005019,'1479121',1623,,1257,23,,,0
20005019,'1479122',1653,,1258,23,,,0
20005019,'1479123',1723,,1259,23,,,0
20005019,'1479124',1753,,1260,23,,,0
20005019,'1479125',1823,,1261,23,,,0
20005019,'1479126',1853,,1262,23,,,0
20005019,'1479127',1923,,1263,23,,,0
20005019,'1479128',2023,,1264,23,,,0
20005019,'1482481',853,,1265,23,,,0
20005019,'1482482',953,,1266,23,,,0
20005019,'1482483',1053,,1267,23,,,0
20005019,'1482484',1153,,1268,23,,,0
20005019,'1482485',1253,,1269,23,,,0
20005019,'1482486',1353,,1270,23,,,0
20005019,'1482487',1453,,1271,23,,,0
20005019,'1482488',1553,,1272,23,,,0
20005019,'1482489',1653,,1273,23,,,0
20005019,'1482490',1753,,1274,23,,,0
