2029,'1478547',653,,164,9,,,0
2029,'1478548',733,,165,9,,,0
2029,'1478549',813,,166,9,,,0
2029,'1478550',1013,,167,9,,,0
2029,'1478551',1053,,168,9,,,0
2029,'1478552',1133,,169,9,,,0
2029,'1478553',1213,,170,9,,,0
2029,'1478554',1253,,171,9,,,0
2029,'1478555',1333,,172,9,,,0
2029,'1478556',1413,,173,9,,,0
2029,'1478557',1453,,174,9,,,0
2029,'1478558',1533,,175,9,,,0
2029,'1478559',1613,,176,9,,,0
2029,'1478560',1653,,177,9,,,0
2029,'1478561',1733,,178,9,,,0
2029,'1478562',1813,,179,9,,,0
2029,'1478563',1853,,180,9,,,0
2029,'1478564',1933,,181,9,,,0
2029,'1478565',2013,,182,9,,,0
2029,'1478566',2053,,183,9,,,0
2029,'1478567',2123,,184,9,,,0
2029,'1478568',2253,,185,9,,,0
2029,'1478593',853,,210,9,,,0
2029,'1478594',933,,211,9,,,0
2029,'1478595',553,,212,9,,,0
2029,'1478598',523,,215,9,,,0
2029,'1478600',623,,217,9,,,0
2029,'1478601',708,,218,9,,,0
2029,'1478602',753,,219,9,,,0
2029,'1478603',833,,220,9,,,0
2029,'1478604',913,,221,9,,,0
2029,'1478605',953,,222,9,,,0
2029,'1478606',1033,,223,9,,,0
2029,'1478607',1113,,224,9,,,0
2029,'1478608',1153,,225,9,,,0
2029,'1478609',1233,,226,9,,,0
2029,'1478610',1313,,227,9,,,0
2029,'1478611',1353,,228,9,,,0
2029,'1478612',1433,,229,9,,,0
2029,'1478613',1513,,230,9,,,0
2029,'1478614',1553,,231,9,,,0
2029,'1478615',1633,,232,9,,,0
2029,'1478616',1713,,233,9,,,0
2029,'1478617',1753,,234,9,,,0
2029,'1478618',1833,,235,9,,,0
2029,'1478619',1913,,236,9,,,0
2029,'1478620',1953,,237,9,,,0
2029,'1478621',2033,,238,9,,,0
2029,'1478622',2113,,239,9,,,0
2029,'1479290',653,,263,9,,,0
2029,'1479291',753,,264,9,,,0
2029,'1479299',830,,272,9,,,0
2029,'1479300',910,,273,9,,,0
2029,'1479301',950,,274,9,,,0
2029,'1479302',1030,,275,9,,,0
2029,'1479303',1110,,276,9,,,0
2029,'1479304',1150,,277,9,,,0
2029,'1479305',1230,,278,9,,,0
2029,'1479315',1310,,288,9,,,0
2029,'1479316',1350,,289,9,,,0
2029,'1479317',1430,,290,9,,,0
2029,'1479318',1510,,291,9,,,0
2029,'1479319',1550,,292,9,,,0
2029,'1479320',1630,,293,9,,,0
2029,'1479321',1710,,294,9,,,0
2029,'1479322',1750,,295,9,,,0
2029,'1479324',1910,,297,9,,,0
2029,'1479325',1950,,298,9,,,0
2029,'1479328',2030,,301,9,,,0
2029,'1479329',2103,,302,9,,,0
2029,'1479330',1830,,303,9,,,0
2029,'1479332',2303,,305,9,,,0
2029,'1479333',2203,,306,9,,,0
2029,'1482329',753,,329,9,,,0
2029,'1482330',833,,330,9,,,0
2029,'1482331',913,,331,9,,,0
2029,'1482332',953,,332,9,,,0
2029,'1482333',1033,,333,9,,,0
2029,'1482334',1113,,334,9,,,0
2029,'1482335',1153,,335,9,,,0
2029,'1482336',1233,,336,9,,,0
2029,'1482337',1313,,337,9,,,0
2029,'1482338',1353,,338,9,,,0
2029,'1482339',1433,,339,9,,,0
2029,'1482340',1513,,340,9,,,0
2029,'1482341',1633,,341,9,,,0
2029,'1482342',1553,,342,9,,,0
2029,'1482343',1713,,343,9,,,0
2029,'1482344',1833,,344,9,,,0
2029,'1482345',1753,,345,9,,,0
2029,'1482346',2023,,346,9,,,0
2029,'1482347',1923,,347,9,,,0
2029,'1482348',2123,,348,9,,,0
2029,'1482350',2223,,350,9,,,0
