4029,'1478434',621,,531,3,,,0
4029,'1478435',651,,532,3,,,0
4029,'1478436',736,,533,3,,,0
4029,'1478437',851,,534,3,,,0
4029,'1478438',936,,535,3,,,0
4029,'1478439',1021,,536,3,,,0
4029,'1478440',1036,,537,3,,,0
4029,'1478441',1136,,538,3,,,0
4029,'1478442',1221,,539,3,,,0
4029,'1478443',1236,,540,3,,,0
4029,'1478444',1336,,541,3,,,0
4029,'1478445',1421,,542,3,,,0
4029,'1478446',1436,,543,3,,,0
4029,'1478447',1536,,544,3,,,0
4029,'1478448',1621,,545,3,,,0
4029,'1478449',1636,,546,3,,,0
4029,'1478450',1736,,547,3,,,0
4029,'1478451',1821,,548,3,,,0
4029,'1478452',1951,,549,3,,,0
4029,'1478453',2021,,550,3,,,0
4029,'1478454',2051,,551,3,,,0
4029,'1478455',2151,,552,3,,,0
4029,'1478456',2221,,553,3,,,0
4029,'1478481',2251,,578,3,,,0
4029,'1478482',1851,,579,3,,,0
4029,'1478484',1306,,581,3,,,0
4029,'1478485',1151,,582,3,,,0
4029,'1478486',1251,,583,3,,,0
4029,'1478490',706,,587,3,,,0
4029,'1478492',951,,589,3,,,0
4029,'1478493',906,,590,3,,,0
4029,'1478494',836,,591,3,,,0
4029,'1478499',1051,,596,3,,,0
4029,'1478500',1106,,597,3,,,0
4029,'1478501',1351,,598,3,,,0
4029,'1478502',1451,,599,3,,,0
4029,'1478503',1651,,600,3,,,0
4029,'1478504',1706,,601,3,,,0
4029,'1478505',1551,,602,3,,,0
4029,'1478506',1506,,603,3,,,0
4029,'1478519',721,,616,3,,,0
4029,'1478520',921,,617,3,,,0
4029,'1478521',1121,,618,3,,,0
4029,'1478522',1321,,619,3,,,0
4029,'1478523',1521,,620,3,,,0
4029,'1478524',1721,,621,3,,,0
4029,'1478525',1921,,622,3,,,0
4029,'1478526',2121,,623,3,,,0
4029,'1478527',2321,,624,3,,,0
4029,'1478534',806,,631,3,,,0
4029,'1478535',1006,,632,3,,,0
4029,'1478536',1206,,633,3,,,0
4029,'1478537',1406,,634,3,,,0
4029,'1478538',1606,,635,3,,,0
4029,'1478539',1751,,636,3,,,0
4029,'1478543',821,,640,3,,,0
4029,'1478546',751,,643,3,,,0
4029,'1479184',621,,670,3,,,0
4029,'1479185',651,,671,3,,,0
4029,'1479186',821,,672,3,,,0
4029,'1479187',751,,673,3,,,0
4029,'1479188',851,,674,3,,,0
4029,'1479189',951,,675,3,,,0
4029,'1479190',1021,,676,3,,,0
4029,'1479191',1151,,677,3,,,0
4029,'1479192',1051,,678,3,,,0
4029,'1479193',1251,,679,3,,,0
4029,'1479194',1221,,680,3,,,0
4029,'1479195',1351,,681,3,,,0
4029,'1479196',1451,,682,3,,,0
4029,'1479197',1421,,683,3,,,0
4029,'1479198',1551,,684,3,,,0
4029,'1479199',1651,,685,3,,,0
4029,'1479200',1621,,686,3,,,0
4029,'1479201',1751,,687,3,,,0
4029,'1479202',2221,,688,3,,,0
4029,'1479203',1821,,689,3,,,0
4029,'1479204',1851,,690,3,,,0
4029,'1479205',1951,,691,3,,,0
4029,'1479206',2021,,692,3,,,0
4029,'1479207',2051,,693,3,,,0
4029,'1479208',2151,,694,3,,,0
4029,'1479209',2251,,695,3,,,0
4029,'1479210',2321,,696,3,,,0
4029,'1479211',2121,,697,3,,,0
4029,'1479221',721,,707,3,,,0
4029,'1479222',921,,708,3,,,0
4029,'1479223',1121,,709,3,,,0
4029,'1479224',1321,,710,3,,,0
4029,'1479225',1521,,711,3,,,0
4029,'1479226',1721,,712,3,,,0
4029,'1479227',1921,,713,3,,,0
4029,'1482405',2121,,714,3,,,0
4029,'1482428',721,,737,3,,,0
4029,'1482429',821,,738,3,,,0
4029,'1482430',851,,739,3,,,0
4029,'1482431',921,,740,3,,,0
4029,'1482432',1021,,741,3,,,0
4029,'1482433',1051,,742,3,,,0
4029,'1482434',1121,,743,3,,,0
4029,'1482435',1221,,744,3,,,0
4029,'1482436',1251,,745,3,,,0
4029,'1482437',1321,,746,3,,,0
4029,'1482438',1421,,747,3,,,0
4029,'1482439',1451,,748,3,,,0
4029,'1482440',1521,,749,3,,,0
4029,'1482441',1621,,750,3,,,0
4029,'1482442',1651,,751,3,,,0
4029,'1482443',1721,,752,3,,,0
4029,'1482444',1821,,753,3,,,0
4029,'1482445',1851,,754,3,,,0
4029,'1482446',1921,,755,3,,,0
4029,'1482447',2021,,756,3,,,0
4029,'1482448',2051,,757,3,,,0
4029,'1482452',751,,761,3,,,0
4029,'1482453',951,,762,3,,,0
4029,'1482454',1151,,763,3,,,0
4029,'1482455',1351,,764,3,,,0
4029,'1482456',1551,,765,3,,,0
4029,'1482457',1751,,766,3,,,0
4029,'1482458',1951,,767,3,,,0
4029,'1482459',2151,,768,3,,,0
