1029,'1478644',609,,1,7,,,0
1029,'1478645',639,,2,7,,,0
1029,'1478646',709,,3,7,,,0
1029,'1478647',739,,4,7,,,0
1029,'1478648',809,,5,7,,,0
1029,'1478649',839,,6,7,,,0
1029,'1478650',909,,7,7,,,0
1029,'1478651',939,,8,7,,,0
1029,'1478652',1009,,9,7,,,0
1029,'1478653',1039,,10,7,,,0
1029,'1478654',1112,,11,7,,,0
1029,'1478655',1152,,12,7,,,0
1029,'1478656',1232,,13,7,,,0
1029,'1478657',1312,,14,7,,,0
1029,'1478658',1352,,15,7,,,0
1029,'1478659',1432,,16,7,,,0
1029,'1478660',1512,,17,7,,,0
1029,'1478661',1552,,18,7,,,0
1029,'1478662',1632,,19,7,,,0
1029,'1478663',1712,,20,7,,,0
1029,'1478664',1752,,21,7,,,0
1029,'1478665',1824,,22,7,,,0
1029,'1478666',1854,,23,7,,,0
1029,'1478667',1924,,24,7,,,0
1029,'1478668',1954,,25,7,,,0
1029,'1478669',2024,,26,7,,,0
1029,'1478670',2054,,27,7,,,0
1029,'1478671',2124,,28,7,,,0
1029,'1478672',2154,,29,7,,,0
1029,'1478673',2224,,30,7,,,0
1029,'1478674',2254,,31,7,,,0
1029,'1478706',2324,,63,7,,,0
1029,'1479336',624,,64,7,,,0
1029,'1479337',724,,65,7,,,0
1029,'1479340',824,,68,7,,,0
1029,'1479341',854,,69,7,,,0
1029,'1479342',924,,70,7,,,0
1029,'1479343',954,,71,7,,,0
1029,'1479344',1032,,72,7,,,0
1029,'1479345',1112,,73,7,,,0
1029,'1479353',1152,,81,7,,,0
1029,'1479354',1232,,82,7,,,0
1029,'1479355',1312,,83,7,,,0
1029,'1479356',2134,,84,7,,,0
1029,'1479357',1352,,85,7,,,0
1029,'1479358',1432,,86,7,,,0
1029,'1479359',1512,,87,7,,,0
1029,'1479361',1552,,89,7,,,0
1029,'1479362',1632,,90,7,,,0
1029,'1479363',1712,,91,7,,,0
1029,'1479364',1752,,92,7,,,0
1029,'1479365',1824,,93,7,,,0
1029,'1479377',2234,,105,7,,,0
1029,'1479378',1854,,106,7,,,0
1029,'1479379',1924,,107,7,,,0
1029,'1479380',1954,,108,7,,,0
1029,'1479381',2024,,109,7,,,0
1029,'1479382',2054,,110,7,,,0
1029,'1482285',724,,140,7,,,0
1029,'1482286',824,,141,7,,,0
1029,'1482287',854,,142,7,,,0
1029,'1482288',924,,143,7,,,0
1029,'1482289',954,,144,7,,,0
1029,'1482290',1024,,145,7,,,0
1029,'1482291',1054,,146,7,,,0
1029,'1482292',1132,,147,7,,,0
1029,'1482293',1212,,148,7,,,0
1029,'1482294',1252,,149,7,,,0
1029,'1482295',1332,,150,7,,,0
1029,'1482296',1412,,151,7,,,0
1029,'1482297',1452,,152,7,,,0
1029,'1482298',1532,,153,7,,,0
1029,'1482299',1612,,154,7,,,0
1029,'1482300',1652,,155,7,,,0
1029,'1482301',1724,,156,7,,,0
1029,'1482302',1754,,157,7,,,0
1029,'1482303',1824,,158,7,,,0
1029,'1482304',1854,,159,7,,,0
1029,'1482305',1924,,160,7,,,0
1029,'1482306',2024,,161,7,,,0
1029,'1482307',2124,,162,7,,,0
1029,'1482308',2224,,163,7,,,0
