3019,'1478955',604,,382,3,,,0
3019,'1478956',734,,383,3,,,0
3019,'1478957',834,,384,3,,,0
3019,'1478958',904,,385,3,,,0
3019,'1478959',804,,386,3,,,0
3019,'1478960',1004,,387,3,,,0
3019,'1478961',934,,388,3,,,0
3019,'1478962',1034,,389,3,,,0
3019,'1478963',1504,,390,3,,,0
3019,'1478964',1234,,391,3,,,0
3019,'1478965',1304,,392,3,,,0
3019,'1478966',1134,,393,3,,,0
3019,'1478967',1334,,394,3,,,0
3019,'1478968',1404,,395,3,,,0
3019,'1478969',1434,,396,3,,,0
3019,'1478970',1204,,397,3,,,0
3019,'1478971',1104,,398,3,,,0
3019,'1478972',1634,,399,3,,,0
3019,'1478973',1534,,400,3,,,0
3019,'1478974',1604,,401,3,,,0
3019,'1478975',1734,,402,3,,,0
3019,'1478976',1804,,403,3,,,0
3019,'1478977',1834,,404,3,,,0
3019,'1478978',1704,,405,3,,,0
3019,'1478979',1904,,406,3,,,0
3019,'1478980',1934,,407,3,,,0
3019,'1478981',2004,,408,3,,,0
3019,'1478982',2034,,409,3,,,0
3019,'1478983',2134,,410,3,,,0
3019,'1478984',2204,,411,3,,,0
3019,'1478985',704,,412,3,,,0
3019,'1478986',2304,,413,3,,,0
3019,'1478987',634,,414,3,,,0
3019,'1479228',604,,417,3,,,0
3019,'1479229',704,,418,3,,,0
3019,'1479230',804,,419,3,,,0
3019,'1479231',834,,420,3,,,0
3019,'1479232',934,,421,3,,,0
3019,'1479233',1004,,422,3,,,0
3019,'1479234',1034,,423,3,,,0
3019,'1479235',1134,,424,3,,,0
3019,'1479236',1204,,425,3,,,0
3019,'1479237',1234,,426,3,,,0
3019,'1479238',1334,,427,3,,,0
3019,'1479239',1404,,428,3,,,0
3019,'1479240',1434,,429,3,,,0
3019,'1479241',1534,,430,3,,,0
3019,'1479242',1604,,431,3,,,0
3019,'1479243',1634,,432,3,,,0
3019,'1479244',1734,,433,3,,,0
3019,'1479245',1804,,434,3,,,0
3019,'1479264',1934,,453,3,,,0
3019,'1479265',2004,,454,3,,,0
3019,'1479266',2134,,455,3,,,0
3019,'1479271',2034,,460,3,,,0
3019,'1479272',2234,,461,3,,,0
3019,'1479275',1834,,464,3,,,0
3019,'1479278',904,,467,3,,,0
3019,'1479279',1104,,468,3,,,0
3019,'1479280',1304,,469,3,,,0
3019,'1479281',1504,,470,3,,,0
3019,'1479282',1704,,471,3,,,0
3019,'1479283',1904,,472,3,,,0
3019,'1482351',734,,477,3,,,0
3019,'1482352',804,,478,3,,,0
3019,'1482353',834,,479,3,,,0
3019,'1482354',934,,480,3,,,0
3019,'1482355',1004,,481,3,,,0
3019,'1482356',1034,,482,3,,,0
3019,'1482357',1134,,483,3,,,0
3019,'1482358',1204,,484,3,,,0
3019,'1482359',1234,,485,3,,,0
3019,'1482360',1334,,486,3,,,0
3019,'1482361',1404,,487,3,,,0
3019,'1482362',1434,,488,3,,,0
3019,'1482363',1534,,489,3,,,0
3019,'1482364',1604,,490,3,,,0
3019,'1482365',1634,,491,3,,,0
3019,'1482366',1734,,492,3,,,0
3019,'1482367',1804,,493,3,,,0
3019,'1482368',1904,,494,3,,,0
3019,'1482369',2004,,495,3,,,0
3019,'1482370',2104,,496,3,,,0
3019,'1482392',2204,,518,3,,,0
3019,'1482397',904,,523,3,,,0
3019,'1482398',1104,,524,3,,,0
3019,'1482399',1304,,525,3,,,0
3019,'1482400',1504,,526,3,,,0
3019,'1482401',1704,,527,3,,,0
3019,'1482402',1834,,528,3,,,0
