7019,'1478737',622,,913,6,,,0
7019,'1478738',652,,914,6,,,0
7019,'1478739',752,,915,6,,,0
7019,'1478740',822,,916,6,,,0
7019,'1478741',852,,917,6,,,0
7019,'1478742',952,,918,6,,,0
7019,'1478743',1030,,919,6,,,0
7019,'1478744',1110,,920,6,,,0
7019,'1478745',1150,,921,6,,,0
7019,'1478746',1230,,922,6,,,0
7019,'1478747',1310,,923,6,,,0
7019,'1478748',1350,,924,6,,,0
7019,'1478749',1510,,925,6,,,0
7019,'1478750',1550,,926,6,,,0
7019,'1478751',1630,,927,6,,,0
7019,'1478752',1710,,928,6,,,0
7019,'1478753',1822,,929,6,,,0
7019,'1478754',2022,,930,6,,,0
7019,'1478760',2222,,936,6,,,0
7019,'1478776',1922,,952,6,,,0
7019,'1478778',1750,,954,6,,,0
7019,'1478779',1430,,955,6,,,0
7019,'1478783',2122,,959,6,,,0
7019,'1478784',722,,960,6,,,0
7019,'1478786',1852,,962,6,,,0
7019,'1478789',922,,965,6,,,0
7019,'1479039',652,,986,6,,,0
7019,'1479040',752,,987,6,,,0
7019,'1479041',852,,988,6,,,0
7019,'1479042',922,,989,6,,,0
7019,'1479043',952,,990,6,,,0
7019,'1479044',1030,,991,6,,,0
7019,'1479045',1110,,992,6,,,0
7019,'1479046',1150,,993,6,,,0
7019,'1479047',1230,,994,6,,,0
7019,'1479048',1310,,995,6,,,0
7019,'1479049',1350,,996,6,,,0
7019,'1479050',1510,,997,6,,,0
7019,'1479051',1550,,998,6,,,0
7019,'1479052',1630,,999,6,,,0
7019,'1479053',1710,,1000,6,,,0
7019,'1479054',1822,,1001,6,,,0
7019,'1479055',1852,,1002,6,,,0
7019,'1479056',1952,,1003,6,,,0
7019,'1479057',2052,,1004,6,,,0
7019,'1479058',2152,,1005,6,,,0
7019,'1479059',2252,,1006,6,,,0
7019,'1479063',1430,,1010,6,,,0
7019,'1479064',1750,,1011,6,,,0
7019,'1482537',722,,1027,6,,,0
7019,'1482538',822,,1028,6,,,0
7019,'1482539',1230,,1029,6,,,0
7019,'1482540',1310,,1030,6,,,0
7019,'1482541',922,,1031,6,,,0
7019,'1482542',1510,,1032,6,,,0
7019,'1482543',1430,,1033,6,,,0
7019,'1482544',1350,,1034,6,,,0
7019,'1482545',1550,,1035,6,,,0
7019,'1482546',1630,,1036,6,,,0
7019,'1482547',1750,,1037,6,,,0
7019,'1482548',1822,,1038,6,,,0
7019,'1482549',1852,,1039,6,,,0
7019,'1482550',1952,,1040,6,,,0
7019,'1482551',2152,,1041,6,,,0
7019,'1482553',1022,,1043,6,,,0
7019,'1482554',1122,,1044,6,,,0
7019,'1482556',2052,,1046,6,,,0
7019,'1482558',1710,,1048,6,,,0
