4019,'1478457',634,,554,5,,,0
4019,'1478458',704,,555,5,,,0
4019,'1478459',749,,556,5,,,0
4019,'1478460',904,,557,5,,,0
4019,'1478461',949,,558,5,,,0
4019,'1478462',1034,,559,5,,,0
4019,'1478463',1104,,560,5,,,0
4019,'1478464',1134,,561,5,,,0
4019,'1478465',1234,,562,5,,,0
4019,'1478466',1304,,563,5,,,0
4019,'1478467',1334,,564,5,,,0
4019,'1478468',1434,,565,5,,,0
4019,'1478469',1504,,566,5,,,0
4019,'1478470',1549,,567,5,,,0
4019,'1478471',1634,,568,5,,,0
4019,'1478472',1704,,569,5,,,0
4019,'1478473',1734,,570,5,,,0
4019,'1478474',1834,,571,5,,,0
4019,'1478475',1904,,572,5,,,0
4019,'1478476',1934,,573,5,,,0
4019,'1478477',2034,,574,5,,,0
4019,'1478478',2104,,575,5,,,0
4019,'1478479',2134,,576,5,,,0
4019,'1478480',2234,,577,5,,,0
4019,'1478483',2304,,580,5,,,0
4019,'1478487',1119,,584,5,,,0
4019,'1478488',1149,,585,5,,,0
4019,'1478489',1249,,586,5,,,0
4019,'1478491',719,,588,5,,,0
4019,'1478495',849,,592,5,,,0
4019,'1478496',804,,593,5,,,0
4019,'1478497',919,,594,5,,,0
4019,'1478498',934,,595,5,,,0
4019,'1478507',1319,,604,5,,,0
4019,'1478508',1534,,605,5,,,0
4019,'1478509',1649,,606,5,,,0
4019,'1478510',1349,,607,5,,,0
4019,'1478511',1449,,608,5,,,0
4019,'1478512',1519,,609,5,,,0
4019,'1478513',1719,,610,5,,,0
4019,'1478514',1049,,611,5,,,0
4019,'1478515',2204,,612,5,,,0
4019,'1478516',2004,,613,5,,,0
4019,'1478517',1419,,614,5,,,0
4019,'1478518',1619,,615,5,,,0
4019,'1478528',604,,625,5,,,0
4019,'1478529',1004,,626,5,,,0
4019,'1478530',1204,,627,5,,,0
4019,'1478531',1404,,628,5,,,0
4019,'1478532',1604,,629,5,,,0
4019,'1478533',1804,,630,5,,,0
4019,'1478540',819,,637,5,,,0
4019,'1478541',1019,,638,5,,,0
4019,'1478542',1219,,639,5,,,0
4019,'1478544',834,,641,5,,,0
4019,'1478545',734,,642,5,,,0
4019,'1479158',604,,644,5,,,0
4019,'1479159',634,,645,5,,,0
4019,'1479160',734,,646,5,,,0
4019,'1479161',804,,647,5,,,0
4019,'1479162',834,,648,5,,,0
4019,'1479163',934,,649,5,,,0
4019,'1479164',1004,,650,5,,,0
4019,'1479165',1034,,651,5,,,0
4019,'1479166',1134,,652,5,,,0
4019,'1479167',1204,,653,5,,,0
4019,'1479168',1234,,654,5,,,0
4019,'1479169',1334,,655,5,,,0
4019,'1479170',1404,,656,5,,,0
4019,'1479171',1434,,657,5,,,0
4019,'1479172',1534,,658,5,,,0
4019,'1479173',1604,,659,5,,,0
4019,'1479174',1634,,660,5,,,0
4019,'1479175',1734,,661,5,,,0
4019,'1479176',1804,,662,5,,,0
4019,'1479177',1834,,663,5,,,0
4019,'1479178',1934,,664,5,,,0
4019,'1479179',2004,,665,5,,,0
4019,'1479180',2034,,666,5,,,0
4019,'1479181',2134,,667,5,,,0
4019,'1479182',2204,,668,5,,,0
4019,'1479183',2234,,669,5,,,0
4019,'1479212',704,,698,5,,,0
4019,'1479213',904,,699,5,,,0
4019,'1479214',1104,,700,5,,,0
4019,'1479215',1304,,701,5,,,0
4019,'1479216',1504,,702,5,,,0
4019,'1479217',1704,,703,5,,,0
4019,'1479218',1904,,704,5,,,0
4019,'1479219',2104,,705,5,,,0
4019,'1479220',2304,,706,5,,,0
4019,'1482406',704,,715,5,,,0
4019,'1482407',734,,716,5,,,0
4019,'1482408',834,,717,5,,,0
4019,'1482409',904,,718,5,,,0
4019,'1482410',934,,719,5,,,0
4019,'1482411',1034,,720,5,,,0
4019,'1482412',1104,,721,5,,,0
4019,'1482413',1134,,722,5,,,0
4019,'1482414',1234,,723,5,,,0
4019,'1482415',1304,,724,5,,,0
4019,'1482416',1334,,725,5,,,0
4019,'1482417',1434,,726,5,,,0
4019,'1482418',1504,,727,5,,,0
4019,'1482419',1534,,728,5,,,0
4019,'1482420',1634,,729,5,,,0
4019,'1482421',1704,,730,5,,,0
4019,'1482422',1734,,731,5,,,0
4019,'1482423',1834,,732,5,,,0
4019,'1482424',1904,,733,5,,,0
4019,'1482425',1934,,734,5,,,0
4019,'1482426',2034,,735,5,,,0
4019,'1482427',2104,,736,5,,,0
4019,'1482449',2134,,758,5,,,0
4019,'1482450',2004,,759,5,,,0
4019,'1482451',1804,,760,5,,,0
4019,'1482460',804,,769,5,,,0
4019,'1482461',1004,,770,5,,,0
4019,'1482462',1204,,771,5,,,0
4019,'1482463',1404,,772,5,,,0
4019,'1482464',1604,,773,5,,,0
4019,'1482583',2204,,774,5,,,0
