6029,'1478790',618,,775,23,,,0
6029,'1478791',718,,776,23,,,0
6029,'1478792',748,,777,23,,,0
6029,'1478793',818,,778,23,,,0
6029,'1478794',848,,779,23,,,0
6029,'1478795',918,,780,23,,,0
6029,'1478796',948,,781,23,,,0
6029,'1478797',1018,,782,23,,,0
6029,'1478798',1048,,783,23,,,0
6029,'1478799',1118,,784,23,,,0
6029,'1478800',1148,,785,23,,,0
6029,'1478801',1218,,786,23,,,0
6029,'1478802',1248,,787,23,,,0
6029,'1478803',1318,,788,23,,,0
6029,'1478804',1348,,789,23,,,0
6029,'1478805',1418,,790,23,,,0
6029,'1478806',1448,,791,23,,,0
6029,'1478807',1518,,792,23,,,0
6029,'1478808',1548,,793,23,,,0
6029,'1478809',1618,,794,23,,,0
6029,'1478810',1648,,795,23,,,0
6029,'1478811',1718,,796,23,,,0
6029,'1478812',1748,,797,23,,,0
6029,'1478813',1818,,798,23,,,0
6029,'1478814',1848,,799,23,,,0
6029,'1478815',1918,,800,23,,,0
6029,'1478816',1948,,801,23,,,0
6029,'1478817',2018,,802,23,,,0
6029,'1478818',2048,,803,23,,,0
6029,'1478819',2148,,804,23,,,0
6029,'1478820',2248,,805,23,,,0
6029,'1478854',548,,839,23,,,0
6029,'1478856',648,,841,23,,,0
6029,'1479084',648,,861,23,,,0
6029,'1479085',718,,862,23,,,0
6029,'1479086',748,,863,23,,,0
6029,'1479087',848,,864,23,,,0
6029,'1479088',948,,865,23,,,0
6029,'1479089',1048,,866,23,,,0
6029,'1479090',1148,,867,23,,,0
6029,'1479091',1248,,868,23,,,0
6029,'1479092',1348,,869,23,,,0
6029,'1479093',1448,,870,23,,,0
6029,'1479094',1548,,871,23,,,0
6029,'1479095',1648,,872,23,,,0
6029,'1479096',1748,,873,23,,,0
6029,'1479097',1848,,874,23,,,0
6029,'1479098',1948,,875,23,,,0
6029,'1479099',2048,,876,23,,,0
6029,'1479100',2148,,877,23,,,0
6029,'1479101',2248,,878,23,,,0
6029,'1479102',618,,879,23,,,0
6029,'1479104',818,,881,23,,,0
6029,'1482507',748,,898,23,,,0
6029,'1482508',848,,899,23,,,0
6029,'1482509',948,,900,23,,,0
6029,'1482510',1148,,901,23,,,0
6029,'1482511',1048,,902,23,,,0
6029,'1482512',1348,,903,23,,,0
6029,'1482513',1248,,904,23,,,0
6029,'1482514',1448,,905,23,,,0
6029,'1482515',1548,,906,23,,,0
6029,'1482516',1648,,907,23,,,0
6029,'1482517',1748,,908,23,,,0
6029,'1482518',1848,,909,23,,,0
6029,'1482519',1948,,910,23,,,0
6029,'1482520',2048,,911,23,,,0
6029,'1482521',2148,,912,23,,,0
140000019,'1478707',2348,,1275,23,,,0
140000019,'1478990',2348,,1276,23,,,0
140000019,'1482582',2248,,1277,23,,,0
